Name: stochastic_block_model
Type: Graph
Number of nodes: 580
Number of edges: 26303
Average degree:  90.7000
Density --> 0.15664939550949913
1
Com Values [5] , Size Values [60]
1
Com Values [5, 5] , Size Values [60, 60]
1
Com Values [5, 5, 5] , Size Values [60, 60, 60]
1
Com Values [5, 5, 5, 5] , Size Values [60, 60, 60, 60]
1
Com Values [5, 5, 5, 5, 5] , Size Values [60, 60, 60, 60, 60]
1
Com Values [5, 5, 5, 5, 5, 5] , Size Values [60, 60, 60, 60, 60, 60]
1
Com Values [5, 5, 5, 5, 5, 5, 5] , Size Values [60, 60, 60, 60, 60, 60, 60]
1
Com Values [5, 5, 5, 5, 5, 5, 5, 5] , Size Values [60, 60, 60, 60, 60, 60, 60, 60]
1
Com Values [5, 5, 5, 5, 5, 5, 5, 5, 5] , Size Values [60, 60, 60, 60, 60, 60, 60, 60, 60]
1
Com Values [5, 5, 5, 5, 5, 5, 5, 5, 5, 5] , Size Values [60, 60, 60, 60, 60, 60, 60, 60, 60, 60]
Community 1 has 50 elements
Community 2 has 37 elements
Community 3 has 15 elements
Community 4 has 25 elements
Community 5 has 17 elements
[[0.661859296482412, 0.0018174375767498977, 0.0018414018414018413, 0.0017391304347826088, 0.0017623571526917251], [0.0018174375767498977, 0.6648769574944071, 0.001594896331738437, 0.0018313253012048193, 0.0017434620174346202], [0.0018414018414018413, 0.001594896331738437, 0.8564971751412429, 0.002279874213836478, 0.0031007751937984496], [0.0017391304347826088, 0.0018313253012048193, 0.002279874213836478, 0.3597979797979798, 0.0019491820396797773], [0.0017623571526917251, 0.0017434620174346202, 0.0031007751937984496, 0.0019491820396797773, 0.7755693581780538]]
Name: stochastic_block_model
Type: Graph
Number of nodes: 144
Number of edges: 1577
Average degree:  21.9028
Community 1 has 50 elements
Community 2 has 37 elements
Community 3 has 15 elements
Community 4 has 25 elements
Community 5 has 17 elements
[[0.661859296482412, 0.0018174375767498977, 0.0018414018414018413, 0.0017391304347826088, 0.0017623571526917251], [0.0018174375767498977, 0.6648769574944071, 0.001594896331738437, 0.0018313253012048193, 0.0017434620174346202], [0.0018414018414018413, 0.001594896331738437, 0.8564971751412429, 0.002279874213836478, 0.0031007751937984496], [0.0017391304347826088, 0.0018313253012048193, 0.002279874213836478, 0.3597979797979798, 0.0019491820396797773], [0.0017623571526917251, 0.0017434620174346202, 0.0031007751937984496, 0.0019491820396797773, 0.7755693581780538]]
Name: stochastic_block_model
Type: Graph
Number of nodes: 144
Number of edges: 1577
Average degree:  21.9028
Community 1 has 50 elements
Community 2 has 37 elements
Community 3 has 15 elements
Community 4 has 25 elements
Community 5 has 17 elements
[[0.661859296482412, 0.0018174375767498977, 0.0018414018414018413, 0.0017391304347826088, 0.0017623571526917251], [0.0018174375767498977, 0.6648769574944071, 0.001594896331738437, 0.0018313253012048193, 0.0017434620174346202], [0.0018414018414018413, 0.001594896331738437, 0.8564971751412429, 0.002279874213836478, 0.0031007751937984496], [0.0017391304347826088, 0.0018313253012048193, 0.002279874213836478, 0.3597979797979798, 0.0019491820396797773], [0.0017623571526917251, 0.0017434620174346202, 0.0031007751937984496, 0.0019491820396797773, 0.7755693581780538]]
Name: stochastic_block_model
Type: Graph
Number of nodes: 144
Number of edges: 1577
Average degree:  21.9028
Community 1 has 50 elements
Community 2 has 37 elements
Community 3 has 15 elements
Community 4 has 25 elements
Community 5 has 17 elements
[[0.661859296482412, 0.0018174375767498977, 0.0018414018414018413, 0.0017391304347826088, 0.0017623571526917251], [0.0018174375767498977, 0.6648769574944071, 0.001594896331738437, 0.0018313253012048193, 0.0017434620174346202], [0.0018414018414018413, 0.001594896331738437, 0.8564971751412429, 0.002279874213836478, 0.0031007751937984496], [0.0017391304347826088, 0.0018313253012048193, 0.002279874213836478, 0.3597979797979798, 0.0019491820396797773], [0.0017623571526917251, 0.0017434620174346202, 0.0031007751937984496, 0.0019491820396797773, 0.7755693581780538]]
Name: stochastic_block_model
Type: Graph
Number of nodes: 144
Number of edges: 1577
Average degree:  21.9028
Community 1 has 50 elements
Community 2 has 37 elements
Community 3 has 15 elements
Community 4 has 25 elements
Community 5 has 17 elements
[[0.661859296482412, 0.0018174375767498977, 0.0018414018414018413, 0.0017391304347826088, 0.0017623571526917251], [0.0018174375767498977, 0.6648769574944071, 0.001594896331738437, 0.0018313253012048193, 0.0017434620174346202], [0.0018414018414018413, 0.001594896331738437, 0.8564971751412429, 0.002279874213836478, 0.0031007751937984496], [0.0017391304347826088, 0.0018313253012048193, 0.002279874213836478, 0.3597979797979798, 0.0019491820396797773], [0.0017623571526917251, 0.0017434620174346202, 0.0031007751937984496, 0.0019491820396797773, 0.7755693581780538]]
Name: stochastic_block_model
Type: Graph
Number of nodes: 144
Number of edges: 1577
Average degree:  21.9028
Community 1 has 50 elements
Community 2 has 37 elements
Community 3 has 15 elements
Community 4 has 25 elements
Community 5 has 17 elements
[[0.661859296482412, 0.0018174375767498977, 0.0018414018414018413, 0.0017391304347826088, 0.0017623571526917251], [0.0018174375767498977, 0.6648769574944071, 0.001594896331738437, 0.0018313253012048193, 0.0017434620174346202], [0.0018414018414018413, 0.001594896331738437, 0.8564971751412429, 0.002279874213836478, 0.0031007751937984496], [0.0017391304347826088, 0.0018313253012048193, 0.002279874213836478, 0.3597979797979798, 0.0019491820396797773], [0.0017623571526917251, 0.0017434620174346202, 0.0031007751937984496, 0.0019491820396797773, 0.7755693581780538]]
Name: stochastic_block_model
Type: Graph
Number of nodes: 144
Number of edges: 1577
Average degree:  21.9028
Community 1 has 50 elements
Community 2 has 37 elements
Community 3 has 15 elements
Community 4 has 25 elements
Community 5 has 17 elements
[[0.661859296482412, 0.0018174375767498977, 0.0018414018414018413, 0.0017391304347826088, 0.0017623571526917251], [0.0018174375767498977, 0.6648769574944071, 0.001594896331738437, 0.0018313253012048193, 0.0017434620174346202], [0.0018414018414018413, 0.001594896331738437, 0.8564971751412429, 0.002279874213836478, 0.0031007751937984496], [0.0017391304347826088, 0.0018313253012048193, 0.002279874213836478, 0.3597979797979798, 0.0019491820396797773], [0.0017623571526917251, 0.0017434620174346202, 0.0031007751937984496, 0.0019491820396797773, 0.7755693581780538]]
Name: stochastic_block_model
Type: Graph
Number of nodes: 144
Number of edges: 1577
Average degree:  21.9028
Community 1 has 50 elements
Community 2 has 37 elements
Community 3 has 15 elements
Community 4 has 25 elements
Community 5 has 17 elements
[[0.661859296482412, 0.0018174375767498977, 0.0018414018414018413, 0.0017391304347826088, 0.0017623571526917251], [0.0018174375767498977, 0.6648769574944071, 0.001594896331738437, 0.0018313253012048193, 0.0017434620174346202], [0.0018414018414018413, 0.001594896331738437, 0.8564971751412429, 0.002279874213836478, 0.0031007751937984496], [0.0017391304347826088, 0.0018313253012048193, 0.002279874213836478, 0.3597979797979798, 0.0019491820396797773], [0.0017623571526917251, 0.0017434620174346202, 0.0031007751937984496, 0.0019491820396797773, 0.7755693581780538]]
Name: stochastic_block_model
Type: Graph
Number of nodes: 144
Number of edges: 1577
Average degree:  21.9028
Community 1 has 50 elements
Community 2 has 37 elements
Community 3 has 15 elements
Community 4 has 25 elements
Community 5 has 17 elements
[[0.661859296482412, 0.0018174375767498977, 0.0018414018414018413, 0.0017391304347826088, 0.0017623571526917251], [0.0018174375767498977, 0.6648769574944071, 0.001594896331738437, 0.0018313253012048193, 0.0017434620174346202], [0.0018414018414018413, 0.001594896331738437, 0.8564971751412429, 0.002279874213836478, 0.0031007751937984496], [0.0017391304347826088, 0.0018313253012048193, 0.002279874213836478, 0.3597979797979798, 0.0019491820396797773], [0.0017623571526917251, 0.0017434620174346202, 0.0031007751937984496, 0.0019491820396797773, 0.7755693581780538]]
Name: stochastic_block_model
Type: Graph
Number of nodes: 144
Number of edges: 1577
Average degree:  21.9028
Community 1 has 50 elements
Community 2 has 37 elements
Community 3 has 15 elements
Community 4 has 25 elements
Community 5 has 17 elements
[[0.661859296482412, 0.0018174375767498977, 0.0018414018414018413, 0.0017391304347826088, 0.0017623571526917251], [0.0018174375767498977, 0.6648769574944071, 0.001594896331738437, 0.0018313253012048193, 0.0017434620174346202], [0.0018414018414018413, 0.001594896331738437, 0.8564971751412429, 0.002279874213836478, 0.0031007751937984496], [0.0017391304347826088, 0.0018313253012048193, 0.002279874213836478, 0.3597979797979798, 0.0019491820396797773], [0.0017623571526917251, 0.0017434620174346202, 0.0031007751937984496, 0.0019491820396797773, 0.7755693581780538]]
Name: stochastic_block_model
Type: Graph
Number of nodes: 144
Number of edges: 1577
Average degree:  21.9028
2
Com Values [5] , Size Values [60]
2
Com Values [5, 5] , Size Values [60, 60]
2
Com Values [5, 5, 5] , Size Values [60, 60, 60]
2
Com Values [5, 5, 5, 5] , Size Values [60, 60, 60, 60]
2
Com Values [5, 5, 5, 5, 5] , Size Values [60, 60, 60, 60, 60]
2
Com Values [5, 5, 5, 5, 5, 5] , Size Values [60, 60, 60, 60, 60, 60]
2
Com Values [5, 5, 5, 5, 5, 5, 5] , Size Values [60, 60, 60, 60, 60, 60, 60]
2
Com Values [5, 5, 5, 5, 5, 5, 5, 5] , Size Values [60, 60, 60, 60, 60, 60, 60, 60]
2
Com Values [5, 5, 5, 5, 5, 5, 5, 5, 5] , Size Values [60, 60, 60, 60, 60, 60, 60, 60, 60]
2
Com Values [5, 5, 5, 5, 5, 5, 5, 5, 5, 5] , Size Values [60, 60, 60, 60, 60, 60, 60, 60, 60, 60]
Community 1 has 37 elements
Community 2 has 15 elements
Community 3 has 25 elements
Community 4 has 17 elements
Community 5 has 50 elements
[[0.6648769574944071, 0.001594896331738437, 0.0018313253012048193, 0.0017434620174346202, 0.0018174375767498977], [0.001594896331738437, 0.8564971751412429, 0.002279874213836478, 0.0031007751937984496, 0.0018414018414018413], [0.0018313253012048193, 0.002279874213836478, 0.3597979797979798, 0.0019491820396797773, 0.0017391304347826088], [0.0017434620174346202, 0.0031007751937984496, 0.0019491820396797773, 0.7755693581780538, 0.0017623571526917251], [0.0018174375767498977, 0.0018414018414018413, 0.0017391304347826088, 0.0017623571526917251, 0.661859296482412]]
Name: stochastic_block_model
Type: Graph
Number of nodes: 144
Number of edges: 1566
Average degree:  21.7500
Community 1 has 37 elements
Community 2 has 15 elements
Community 3 has 25 elements
Community 4 has 17 elements
Community 5 has 50 elements
[[0.6648769574944071, 0.001594896331738437, 0.0018313253012048193, 0.0017434620174346202, 0.0018174375767498977], [0.001594896331738437, 0.8564971751412429, 0.002279874213836478, 0.0031007751937984496, 0.0018414018414018413], [0.0018313253012048193, 0.002279874213836478, 0.3597979797979798, 0.0019491820396797773, 0.0017391304347826088], [0.0017434620174346202, 0.0031007751937984496, 0.0019491820396797773, 0.7755693581780538, 0.0017623571526917251], [0.0018174375767498977, 0.0018414018414018413, 0.0017391304347826088, 0.0017623571526917251, 0.661859296482412]]
Name: stochastic_block_model
Type: Graph
Number of nodes: 144
Number of edges: 1566
Average degree:  21.7500
Community 1 has 37 elements
Community 2 has 15 elements
Community 3 has 25 elements
Community 4 has 17 elements
Community 5 has 50 elements
[[0.6648769574944071, 0.001594896331738437, 0.0018313253012048193, 0.0017434620174346202, 0.0018174375767498977], [0.001594896331738437, 0.8564971751412429, 0.002279874213836478, 0.0031007751937984496, 0.0018414018414018413], [0.0018313253012048193, 0.002279874213836478, 0.3597979797979798, 0.0019491820396797773, 0.0017391304347826088], [0.0017434620174346202, 0.0031007751937984496, 0.0019491820396797773, 0.7755693581780538, 0.0017623571526917251], [0.0018174375767498977, 0.0018414018414018413, 0.0017391304347826088, 0.0017623571526917251, 0.661859296482412]]
Name: stochastic_block_model
Type: Graph
Number of nodes: 144
Number of edges: 1566
Average degree:  21.7500
Community 1 has 37 elements
Community 2 has 15 elements
Community 3 has 25 elements
Community 4 has 17 elements
Community 5 has 50 elements
[[0.6648769574944071, 0.001594896331738437, 0.0018313253012048193, 0.0017434620174346202, 0.0018174375767498977], [0.001594896331738437, 0.8564971751412429, 0.002279874213836478, 0.0031007751937984496, 0.0018414018414018413], [0.0018313253012048193, 0.002279874213836478, 0.3597979797979798, 0.0019491820396797773, 0.0017391304347826088], [0.0017434620174346202, 0.0031007751937984496, 0.0019491820396797773, 0.7755693581780538, 0.0017623571526917251], [0.0018174375767498977, 0.0018414018414018413, 0.0017391304347826088, 0.0017623571526917251, 0.661859296482412]]
Name: stochastic_block_model
Type: Graph
Number of nodes: 144
Number of edges: 1566
Average degree:  21.7500
Community 1 has 37 elements
Community 2 has 15 elements
Community 3 has 25 elements
Community 4 has 17 elements
Community 5 has 50 elements
[[0.6648769574944071, 0.001594896331738437, 0.0018313253012048193, 0.0017434620174346202, 0.0018174375767498977], [0.001594896331738437, 0.8564971751412429, 0.002279874213836478, 0.0031007751937984496, 0.0018414018414018413], [0.0018313253012048193, 0.002279874213836478, 0.3597979797979798, 0.0019491820396797773, 0.0017391304347826088], [0.0017434620174346202, 0.0031007751937984496, 0.0019491820396797773, 0.7755693581780538, 0.0017623571526917251], [0.0018174375767498977, 0.0018414018414018413, 0.0017391304347826088, 0.0017623571526917251, 0.661859296482412]]
Name: stochastic_block_model
Type: Graph
Number of nodes: 144
Number of edges: 1566
Average degree:  21.7500
Community 1 has 37 elements
Community 2 has 15 elements
Community 3 has 25 elements
Community 4 has 17 elements
Community 5 has 50 elements
[[0.6648769574944071, 0.001594896331738437, 0.0018313253012048193, 0.0017434620174346202, 0.0018174375767498977], [0.001594896331738437, 0.8564971751412429, 0.002279874213836478, 0.0031007751937984496, 0.0018414018414018413], [0.0018313253012048193, 0.002279874213836478, 0.3597979797979798, 0.0019491820396797773, 0.0017391304347826088], [0.0017434620174346202, 0.0031007751937984496, 0.0019491820396797773, 0.7755693581780538, 0.0017623571526917251], [0.0018174375767498977, 0.0018414018414018413, 0.0017391304347826088, 0.0017623571526917251, 0.661859296482412]]
Name: stochastic_block_model
Type: Graph
Number of nodes: 144
Number of edges: 1566
Average degree:  21.7500
Community 1 has 37 elements
Community 2 has 15 elements
Community 3 has 25 elements
Community 4 has 17 elements
Community 5 has 50 elements
[[0.6648769574944071, 0.001594896331738437, 0.0018313253012048193, 0.0017434620174346202, 0.0018174375767498977], [0.001594896331738437, 0.8564971751412429, 0.002279874213836478, 0.0031007751937984496, 0.0018414018414018413], [0.0018313253012048193, 0.002279874213836478, 0.3597979797979798, 0.0019491820396797773, 0.0017391304347826088], [0.0017434620174346202, 0.0031007751937984496, 0.0019491820396797773, 0.7755693581780538, 0.0017623571526917251], [0.0018174375767498977, 0.0018414018414018413, 0.0017391304347826088, 0.0017623571526917251, 0.661859296482412]]
Name: stochastic_block_model
Type: Graph
Number of nodes: 144
Number of edges: 1566
Average degree:  21.7500
Community 1 has 37 elements
Community 2 has 15 elements
Community 3 has 25 elements
Community 4 has 17 elements
Community 5 has 50 elements
[[0.6648769574944071, 0.001594896331738437, 0.0018313253012048193, 0.0017434620174346202, 0.0018174375767498977], [0.001594896331738437, 0.8564971751412429, 0.002279874213836478, 0.0031007751937984496, 0.0018414018414018413], [0.0018313253012048193, 0.002279874213836478, 0.3597979797979798, 0.0019491820396797773, 0.0017391304347826088], [0.0017434620174346202, 0.0031007751937984496, 0.0019491820396797773, 0.7755693581780538, 0.0017623571526917251], [0.0018174375767498977, 0.0018414018414018413, 0.0017391304347826088, 0.0017623571526917251, 0.661859296482412]]
Name: stochastic_block_model
Type: Graph
Number of nodes: 144
Number of edges: 1566
Average degree:  21.7500
Community 1 has 37 elements
Community 2 has 15 elements
Community 3 has 25 elements
Community 4 has 17 elements
Community 5 has 50 elements
[[0.6648769574944071, 0.001594896331738437, 0.0018313253012048193, 0.0017434620174346202, 0.0018174375767498977], [0.001594896331738437, 0.8564971751412429, 0.002279874213836478, 0.0031007751937984496, 0.0018414018414018413], [0.0018313253012048193, 0.002279874213836478, 0.3597979797979798, 0.0019491820396797773, 0.0017391304347826088], [0.0017434620174346202, 0.0031007751937984496, 0.0019491820396797773, 0.7755693581780538, 0.0017623571526917251], [0.0018174375767498977, 0.0018414018414018413, 0.0017391304347826088, 0.0017623571526917251, 0.661859296482412]]
Name: stochastic_block_model
Type: Graph
Number of nodes: 144
Number of edges: 1566
Average degree:  21.7500
Community 1 has 37 elements
Community 2 has 15 elements
Community 3 has 25 elements
Community 4 has 17 elements
Community 5 has 50 elements
[[0.6648769574944071, 0.001594896331738437, 0.0018313253012048193, 0.0017434620174346202, 0.0018174375767498977], [0.001594896331738437, 0.8564971751412429, 0.002279874213836478, 0.0031007751937984496, 0.0018414018414018413], [0.0018313253012048193, 0.002279874213836478, 0.3597979797979798, 0.0019491820396797773, 0.0017391304347826088], [0.0017434620174346202, 0.0031007751937984496, 0.0019491820396797773, 0.7755693581780538, 0.0017623571526917251], [0.0018174375767498977, 0.0018414018414018413, 0.0017391304347826088, 0.0017623571526917251, 0.661859296482412]]
Name: stochastic_block_model
Type: Graph
Number of nodes: 144
Number of edges: 1566
Average degree:  21.7500
3
Com Values [5] , Size Values [60]
3
Com Values [5, 5] , Size Values [60, 60]
3
Com Values [5, 5, 5] , Size Values [60, 60, 60]
3
Com Values [5, 5, 5, 5] , Size Values [60, 60, 60, 60]
3
Com Values [5, 5, 5, 5, 5] , Size Values [60, 60, 60, 60, 60]
3
Com Values [5, 5, 5, 5, 5, 5] , Size Values [60, 60, 60, 60, 60, 60]
3
Com Values [5, 5, 5, 5, 5, 5, 5] , Size Values [60, 60, 60, 60, 60, 60, 60]
3
Com Values [5, 5, 5, 5, 5, 5, 5, 5] , Size Values [60, 60, 60, 60, 60, 60, 60, 60]
3
Com Values [5, 5, 5, 5, 5, 5, 5, 5, 5] , Size Values [60, 60, 60, 60, 60, 60, 60, 60, 60]
3
Com Values [5, 5, 5, 5, 5, 5, 5, 5, 5, 5] , Size Values [60, 60, 60, 60, 60, 60, 60, 60, 60, 60]
Community 1 has 37 elements
Community 2 has 50 elements
Community 3 has 15 elements
Community 4 has 17 elements
Community 5 has 25 elements
[[0.6648769574944071, 0.0018174375767498977, 0.001594896331738437, 0.0017434620174346202, 0.0018313253012048193], [0.0018174375767498977, 0.661859296482412, 0.0018414018414018413, 0.0017623571526917251, 0.0017391304347826088], [0.001594896331738437, 0.0018414018414018413, 0.8564971751412429, 0.0031007751937984496, 0.002279874213836478], [0.0017434620174346202, 0.0017623571526917251, 0.0031007751937984496, 0.7755693581780538, 0.0019491820396797773], [0.0018313253012048193, 0.0017391304347826088, 0.002279874213836478, 0.0019491820396797773, 0.3597979797979798]]
Name: stochastic_block_model
Type: Graph
Number of nodes: 144
Number of edges: 1564
Average degree:  21.7222
Community 1 has 37 elements
Community 2 has 50 elements
Community 3 has 15 elements
Community 4 has 17 elements
Community 5 has 25 elements
[[0.6648769574944071, 0.0018174375767498977, 0.001594896331738437, 0.0017434620174346202, 0.0018313253012048193], [0.0018174375767498977, 0.661859296482412, 0.0018414018414018413, 0.0017623571526917251, 0.0017391304347826088], [0.001594896331738437, 0.0018414018414018413, 0.8564971751412429, 0.0031007751937984496, 0.002279874213836478], [0.0017434620174346202, 0.0017623571526917251, 0.0031007751937984496, 0.7755693581780538, 0.0019491820396797773], [0.0018313253012048193, 0.0017391304347826088, 0.002279874213836478, 0.0019491820396797773, 0.3597979797979798]]
Name: stochastic_block_model
Type: Graph
Number of nodes: 144
Number of edges: 1564
Average degree:  21.7222
Community 1 has 37 elements
Community 2 has 50 elements
Community 3 has 15 elements
Community 4 has 17 elements
Community 5 has 25 elements
[[0.6648769574944071, 0.0018174375767498977, 0.001594896331738437, 0.0017434620174346202, 0.0018313253012048193], [0.0018174375767498977, 0.661859296482412, 0.0018414018414018413, 0.0017623571526917251, 0.0017391304347826088], [0.001594896331738437, 0.0018414018414018413, 0.8564971751412429, 0.0031007751937984496, 0.002279874213836478], [0.0017434620174346202, 0.0017623571526917251, 0.0031007751937984496, 0.7755693581780538, 0.0019491820396797773], [0.0018313253012048193, 0.0017391304347826088, 0.002279874213836478, 0.0019491820396797773, 0.3597979797979798]]
Name: stochastic_block_model
Type: Graph
Number of nodes: 144
Number of edges: 1564
Average degree:  21.7222
Community 1 has 37 elements
Community 2 has 50 elements
Community 3 has 15 elements
Community 4 has 17 elements
Community 5 has 25 elements
[[0.6648769574944071, 0.0018174375767498977, 0.001594896331738437, 0.0017434620174346202, 0.0018313253012048193], [0.0018174375767498977, 0.661859296482412, 0.0018414018414018413, 0.0017623571526917251, 0.0017391304347826088], [0.001594896331738437, 0.0018414018414018413, 0.8564971751412429, 0.0031007751937984496, 0.002279874213836478], [0.0017434620174346202, 0.0017623571526917251, 0.0031007751937984496, 0.7755693581780538, 0.0019491820396797773], [0.0018313253012048193, 0.0017391304347826088, 0.002279874213836478, 0.0019491820396797773, 0.3597979797979798]]
Name: stochastic_block_model
Type: Graph
Number of nodes: 144
Number of edges: 1564
Average degree:  21.7222
Community 1 has 37 elements
Community 2 has 50 elements
Community 3 has 15 elements
Community 4 has 17 elements
Community 5 has 25 elements
[[0.6648769574944071, 0.0018174375767498977, 0.001594896331738437, 0.0017434620174346202, 0.0018313253012048193], [0.0018174375767498977, 0.661859296482412, 0.0018414018414018413, 0.0017623571526917251, 0.0017391304347826088], [0.001594896331738437, 0.0018414018414018413, 0.8564971751412429, 0.0031007751937984496, 0.002279874213836478], [0.0017434620174346202, 0.0017623571526917251, 0.0031007751937984496, 0.7755693581780538, 0.0019491820396797773], [0.0018313253012048193, 0.0017391304347826088, 0.002279874213836478, 0.0019491820396797773, 0.3597979797979798]]
Name: stochastic_block_model
Type: Graph
Number of nodes: 144
Number of edges: 1564
Average degree:  21.7222
Community 1 has 37 elements
Community 2 has 50 elements
Community 3 has 15 elements
Community 4 has 17 elements
Community 5 has 25 elements
[[0.6648769574944071, 0.0018174375767498977, 0.001594896331738437, 0.0017434620174346202, 0.0018313253012048193], [0.0018174375767498977, 0.661859296482412, 0.0018414018414018413, 0.0017623571526917251, 0.0017391304347826088], [0.001594896331738437, 0.0018414018414018413, 0.8564971751412429, 0.0031007751937984496, 0.002279874213836478], [0.0017434620174346202, 0.0017623571526917251, 0.0031007751937984496, 0.7755693581780538, 0.0019491820396797773], [0.0018313253012048193, 0.0017391304347826088, 0.002279874213836478, 0.0019491820396797773, 0.3597979797979798]]
Name: stochastic_block_model
Type: Graph
Number of nodes: 144
Number of edges: 1564
Average degree:  21.7222
Community 1 has 37 elements
Community 2 has 50 elements
Community 3 has 15 elements
Community 4 has 17 elements
Community 5 has 25 elements
[[0.6648769574944071, 0.0018174375767498977, 0.001594896331738437, 0.0017434620174346202, 0.0018313253012048193], [0.0018174375767498977, 0.661859296482412, 0.0018414018414018413, 0.0017623571526917251, 0.0017391304347826088], [0.001594896331738437, 0.0018414018414018413, 0.8564971751412429, 0.0031007751937984496, 0.002279874213836478], [0.0017434620174346202, 0.0017623571526917251, 0.0031007751937984496, 0.7755693581780538, 0.0019491820396797773], [0.0018313253012048193, 0.0017391304347826088, 0.002279874213836478, 0.0019491820396797773, 0.3597979797979798]]
Name: stochastic_block_model
Type: Graph
Number of nodes: 144
Number of edges: 1564
Average degree:  21.7222
Community 1 has 37 elements
Community 2 has 50 elements
Community 3 has 15 elements
Community 4 has 17 elements
Community 5 has 25 elements
[[0.6648769574944071, 0.0018174375767498977, 0.001594896331738437, 0.0017434620174346202, 0.0018313253012048193], [0.0018174375767498977, 0.661859296482412, 0.0018414018414018413, 0.0017623571526917251, 0.0017391304347826088], [0.001594896331738437, 0.0018414018414018413, 0.8564971751412429, 0.0031007751937984496, 0.002279874213836478], [0.0017434620174346202, 0.0017623571526917251, 0.0031007751937984496, 0.7755693581780538, 0.0019491820396797773], [0.0018313253012048193, 0.0017391304347826088, 0.002279874213836478, 0.0019491820396797773, 0.3597979797979798]]
Name: stochastic_block_model
Type: Graph
Number of nodes: 144
Number of edges: 1564
Average degree:  21.7222
Community 1 has 37 elements
Community 2 has 50 elements
Community 3 has 15 elements
Community 4 has 17 elements
Community 5 has 25 elements
[[0.6648769574944071, 0.0018174375767498977, 0.001594896331738437, 0.0017434620174346202, 0.0018313253012048193], [0.0018174375767498977, 0.661859296482412, 0.0018414018414018413, 0.0017623571526917251, 0.0017391304347826088], [0.001594896331738437, 0.0018414018414018413, 0.8564971751412429, 0.0031007751937984496, 0.002279874213836478], [0.0017434620174346202, 0.0017623571526917251, 0.0031007751937984496, 0.7755693581780538, 0.0019491820396797773], [0.0018313253012048193, 0.0017391304347826088, 0.002279874213836478, 0.0019491820396797773, 0.3597979797979798]]
Name: stochastic_block_model
Type: Graph
Number of nodes: 144
Number of edges: 1564
Average degree:  21.7222
Community 1 has 37 elements
Community 2 has 50 elements
Community 3 has 15 elements
Community 4 has 17 elements
Community 5 has 25 elements
[[0.6648769574944071, 0.0018174375767498977, 0.001594896331738437, 0.0017434620174346202, 0.0018313253012048193], [0.0018174375767498977, 0.661859296482412, 0.0018414018414018413, 0.0017623571526917251, 0.0017391304347826088], [0.001594896331738437, 0.0018414018414018413, 0.8564971751412429, 0.0031007751937984496, 0.002279874213836478], [0.0017434620174346202, 0.0017623571526917251, 0.0031007751937984496, 0.7755693581780538, 0.0019491820396797773], [0.0018313253012048193, 0.0017391304347826088, 0.002279874213836478, 0.0019491820396797773, 0.3597979797979798]]
Name: stochastic_block_model
Type: Graph
Number of nodes: 144
Number of edges: 1564
Average degree:  21.7222
4
Com Values [5] , Size Values [60]
4
Com Values [5, 5] , Size Values [60, 60]
4
Com Values [5, 5, 5] , Size Values [60, 60, 60]
4
Com Values [5, 5, 5, 5] , Size Values [60, 60, 60, 60]
4
Com Values [5, 5, 5, 5, 5] , Size Values [60, 60, 60, 60, 60]
4
Com Values [5, 5, 5, 5, 5, 5] , Size Values [60, 60, 60, 60, 60, 60]
4
Com Values [5, 5, 5, 5, 5, 5, 5] , Size Values [60, 60, 60, 60, 60, 60, 60]
4
Com Values [5, 5, 5, 5, 5, 5, 5, 5] , Size Values [60, 60, 60, 60, 60, 60, 60, 60]
4
Com Values [5, 5, 5, 5, 5, 5, 5, 5, 5] , Size Values [60, 60, 60, 60, 60, 60, 60, 60, 60]
4
Com Values [5, 5, 5, 5, 5, 5, 5, 5, 5, 5] , Size Values [60, 60, 60, 60, 60, 60, 60, 60, 60, 60]
Community 1 has 37 elements
Community 2 has 15 elements
Community 3 has 25 elements
Community 4 has 50 elements
Community 5 has 17 elements
[[0.6648769574944071, 0.001594896331738437, 0.0018313253012048193, 0.0018174375767498977, 0.0017434620174346202], [0.001594896331738437, 0.8564971751412429, 0.002279874213836478, 0.0018414018414018413, 0.0031007751937984496], [0.0018313253012048193, 0.002279874213836478, 0.3597979797979798, 0.0017391304347826088, 0.0019491820396797773], [0.0018174375767498977, 0.0018414018414018413, 0.0017391304347826088, 0.661859296482412, 0.0017623571526917251], [0.0017434620174346202, 0.0031007751937984496, 0.0019491820396797773, 0.0017623571526917251, 0.7755693581780538]]
Name: stochastic_block_model
Type: Graph
Number of nodes: 144
Number of edges: 1565
Average degree:  21.7361
Community 1 has 37 elements
Community 2 has 15 elements
Community 3 has 25 elements
Community 4 has 50 elements
Community 5 has 17 elements
[[0.6648769574944071, 0.001594896331738437, 0.0018313253012048193, 0.0018174375767498977, 0.0017434620174346202], [0.001594896331738437, 0.8564971751412429, 0.002279874213836478, 0.0018414018414018413, 0.0031007751937984496], [0.0018313253012048193, 0.002279874213836478, 0.3597979797979798, 0.0017391304347826088, 0.0019491820396797773], [0.0018174375767498977, 0.0018414018414018413, 0.0017391304347826088, 0.661859296482412, 0.0017623571526917251], [0.0017434620174346202, 0.0031007751937984496, 0.0019491820396797773, 0.0017623571526917251, 0.7755693581780538]]
Name: stochastic_block_model
Type: Graph
Number of nodes: 144
Number of edges: 1565
Average degree:  21.7361
Community 1 has 37 elements
Community 2 has 15 elements
Community 3 has 25 elements
Community 4 has 50 elements
Community 5 has 17 elements
[[0.6648769574944071, 0.001594896331738437, 0.0018313253012048193, 0.0018174375767498977, 0.0017434620174346202], [0.001594896331738437, 0.8564971751412429, 0.002279874213836478, 0.0018414018414018413, 0.0031007751937984496], [0.0018313253012048193, 0.002279874213836478, 0.3597979797979798, 0.0017391304347826088, 0.0019491820396797773], [0.0018174375767498977, 0.0018414018414018413, 0.0017391304347826088, 0.661859296482412, 0.0017623571526917251], [0.0017434620174346202, 0.0031007751937984496, 0.0019491820396797773, 0.0017623571526917251, 0.7755693581780538]]
Name: stochastic_block_model
Type: Graph
Number of nodes: 144
Number of edges: 1565
Average degree:  21.7361
Community 1 has 37 elements
Community 2 has 15 elements
Community 3 has 25 elements
Community 4 has 50 elements
Community 5 has 17 elements
[[0.6648769574944071, 0.001594896331738437, 0.0018313253012048193, 0.0018174375767498977, 0.0017434620174346202], [0.001594896331738437, 0.8564971751412429, 0.002279874213836478, 0.0018414018414018413, 0.0031007751937984496], [0.0018313253012048193, 0.002279874213836478, 0.3597979797979798, 0.0017391304347826088, 0.0019491820396797773], [0.0018174375767498977, 0.0018414018414018413, 0.0017391304347826088, 0.661859296482412, 0.0017623571526917251], [0.0017434620174346202, 0.0031007751937984496, 0.0019491820396797773, 0.0017623571526917251, 0.7755693581780538]]
Name: stochastic_block_model
Type: Graph
Number of nodes: 144
Number of edges: 1565
Average degree:  21.7361
Community 1 has 37 elements
Community 2 has 15 elements
Community 3 has 25 elements
Community 4 has 50 elements
Community 5 has 17 elements
[[0.6648769574944071, 0.001594896331738437, 0.0018313253012048193, 0.0018174375767498977, 0.0017434620174346202], [0.001594896331738437, 0.8564971751412429, 0.002279874213836478, 0.0018414018414018413, 0.0031007751937984496], [0.0018313253012048193, 0.002279874213836478, 0.3597979797979798, 0.0017391304347826088, 0.0019491820396797773], [0.0018174375767498977, 0.0018414018414018413, 0.0017391304347826088, 0.661859296482412, 0.0017623571526917251], [0.0017434620174346202, 0.0031007751937984496, 0.0019491820396797773, 0.0017623571526917251, 0.7755693581780538]]
Name: stochastic_block_model
Type: Graph
Number of nodes: 144
Number of edges: 1565
Average degree:  21.7361
Community 1 has 37 elements
Community 2 has 15 elements
Community 3 has 25 elements
Community 4 has 50 elements
Community 5 has 17 elements
[[0.6648769574944071, 0.001594896331738437, 0.0018313253012048193, 0.0018174375767498977, 0.0017434620174346202], [0.001594896331738437, 0.8564971751412429, 0.002279874213836478, 0.0018414018414018413, 0.0031007751937984496], [0.0018313253012048193, 0.002279874213836478, 0.3597979797979798, 0.0017391304347826088, 0.0019491820396797773], [0.0018174375767498977, 0.0018414018414018413, 0.0017391304347826088, 0.661859296482412, 0.0017623571526917251], [0.0017434620174346202, 0.0031007751937984496, 0.0019491820396797773, 0.0017623571526917251, 0.7755693581780538]]
Name: stochastic_block_model
Type: Graph
Number of nodes: 144
Number of edges: 1565
Average degree:  21.7361
Community 1 has 37 elements
Community 2 has 15 elements
Community 3 has 25 elements
Community 4 has 50 elements
Community 5 has 17 elements
[[0.6648769574944071, 0.001594896331738437, 0.0018313253012048193, 0.0018174375767498977, 0.0017434620174346202], [0.001594896331738437, 0.8564971751412429, 0.002279874213836478, 0.0018414018414018413, 0.0031007751937984496], [0.0018313253012048193, 0.002279874213836478, 0.3597979797979798, 0.0017391304347826088, 0.0019491820396797773], [0.0018174375767498977, 0.0018414018414018413, 0.0017391304347826088, 0.661859296482412, 0.0017623571526917251], [0.0017434620174346202, 0.0031007751937984496, 0.0019491820396797773, 0.0017623571526917251, 0.7755693581780538]]
Name: stochastic_block_model
Type: Graph
Number of nodes: 144
Number of edges: 1565
Average degree:  21.7361
Community 1 has 37 elements
Community 2 has 15 elements
Community 3 has 25 elements
Community 4 has 50 elements
Community 5 has 17 elements
[[0.6648769574944071, 0.001594896331738437, 0.0018313253012048193, 0.0018174375767498977, 0.0017434620174346202], [0.001594896331738437, 0.8564971751412429, 0.002279874213836478, 0.0018414018414018413, 0.0031007751937984496], [0.0018313253012048193, 0.002279874213836478, 0.3597979797979798, 0.0017391304347826088, 0.0019491820396797773], [0.0018174375767498977, 0.0018414018414018413, 0.0017391304347826088, 0.661859296482412, 0.0017623571526917251], [0.0017434620174346202, 0.0031007751937984496, 0.0019491820396797773, 0.0017623571526917251, 0.7755693581780538]]
Name: stochastic_block_model
Type: Graph
Number of nodes: 144
Number of edges: 1565
Average degree:  21.7361
Community 1 has 37 elements
Community 2 has 15 elements
Community 3 has 25 elements
Community 4 has 50 elements
Community 5 has 17 elements
[[0.6648769574944071, 0.001594896331738437, 0.0018313253012048193, 0.0018174375767498977, 0.0017434620174346202], [0.001594896331738437, 0.8564971751412429, 0.002279874213836478, 0.0018414018414018413, 0.0031007751937984496], [0.0018313253012048193, 0.002279874213836478, 0.3597979797979798, 0.0017391304347826088, 0.0019491820396797773], [0.0018174375767498977, 0.0018414018414018413, 0.0017391304347826088, 0.661859296482412, 0.0017623571526917251], [0.0017434620174346202, 0.0031007751937984496, 0.0019491820396797773, 0.0017623571526917251, 0.7755693581780538]]
Name: stochastic_block_model
Type: Graph
Number of nodes: 144
Number of edges: 1565
Average degree:  21.7361
Community 1 has 37 elements
Community 2 has 15 elements
Community 3 has 25 elements
Community 4 has 50 elements
Community 5 has 17 elements
[[0.6648769574944071, 0.001594896331738437, 0.0018313253012048193, 0.0018174375767498977, 0.0017434620174346202], [0.001594896331738437, 0.8564971751412429, 0.002279874213836478, 0.0018414018414018413, 0.0031007751937984496], [0.0018313253012048193, 0.002279874213836478, 0.3597979797979798, 0.0017391304347826088, 0.0019491820396797773], [0.0018174375767498977, 0.0018414018414018413, 0.0017391304347826088, 0.661859296482412, 0.0017623571526917251], [0.0017434620174346202, 0.0031007751937984496, 0.0019491820396797773, 0.0017623571526917251, 0.7755693581780538]]
Name: stochastic_block_model
Type: Graph
Number of nodes: 144
Number of edges: 1565
Average degree:  21.7361
5
Com Values [5] , Size Values [60]
5
Com Values [5, 5] , Size Values [60, 60]
5
Com Values [5, 5, 5] , Size Values [60, 60, 60]
5
Com Values [5, 5, 5, 5] , Size Values [60, 60, 60, 60]
5
Com Values [5, 5, 5, 5, 5] , Size Values [60, 60, 60, 60, 60]
5
Com Values [5, 5, 5, 5, 5, 5] , Size Values [60, 60, 60, 60, 60, 60]
5
Com Values [5, 5, 5, 5, 5, 5, 5] , Size Values [60, 60, 60, 60, 60, 60, 60]
5
Com Values [5, 5, 5, 5, 5, 5, 5, 5] , Size Values [60, 60, 60, 60, 60, 60, 60, 60]
5
Com Values [5, 5, 5, 5, 5, 5, 5, 5, 5] , Size Values [60, 60, 60, 60, 60, 60, 60, 60, 60]
5
Com Values [5, 5, 5, 5, 5, 5, 5, 5, 5, 5] , Size Values [60, 60, 60, 60, 60, 60, 60, 60, 60, 60]
Community 1 has 17 elements
Community 2 has 50 elements
Community 3 has 15 elements
Community 4 has 25 elements
Community 5 has 37 elements
[[0.7755693581780538, 0.0017623571526917251, 0.0031007751937984496, 0.0019491820396797773, 0.0017434620174346202], [0.0017623571526917251, 0.661859296482412, 0.0018414018414018413, 0.0017391304347826088, 0.0018174375767498977], [0.0031007751937984496, 0.0018414018414018413, 0.8564971751412429, 0.002279874213836478, 0.001594896331738437], [0.0019491820396797773, 0.0017391304347826088, 0.002279874213836478, 0.3597979797979798, 0.0018313253012048193], [0.0017434620174346202, 0.0018174375767498977, 0.001594896331738437, 0.0018313253012048193, 0.6648769574944071]]
Name: stochastic_block_model
Type: Graph
Number of nodes: 144
Number of edges: 1561
Average degree:  21.6806
Community 1 has 17 elements
Community 2 has 50 elements
Community 3 has 15 elements
Community 4 has 25 elements
Community 5 has 37 elements
[[0.7755693581780538, 0.0017623571526917251, 0.0031007751937984496, 0.0019491820396797773, 0.0017434620174346202], [0.0017623571526917251, 0.661859296482412, 0.0018414018414018413, 0.0017391304347826088, 0.0018174375767498977], [0.0031007751937984496, 0.0018414018414018413, 0.8564971751412429, 0.002279874213836478, 0.001594896331738437], [0.0019491820396797773, 0.0017391304347826088, 0.002279874213836478, 0.3597979797979798, 0.0018313253012048193], [0.0017434620174346202, 0.0018174375767498977, 0.001594896331738437, 0.0018313253012048193, 0.6648769574944071]]
Name: stochastic_block_model
Type: Graph
Number of nodes: 144
Number of edges: 1561
Average degree:  21.6806
Community 1 has 17 elements
Community 2 has 50 elements
Community 3 has 15 elements
Community 4 has 25 elements
Community 5 has 37 elements
[[0.7755693581780538, 0.0017623571526917251, 0.0031007751937984496, 0.0019491820396797773, 0.0017434620174346202], [0.0017623571526917251, 0.661859296482412, 0.0018414018414018413, 0.0017391304347826088, 0.0018174375767498977], [0.0031007751937984496, 0.0018414018414018413, 0.8564971751412429, 0.002279874213836478, 0.001594896331738437], [0.0019491820396797773, 0.0017391304347826088, 0.002279874213836478, 0.3597979797979798, 0.0018313253012048193], [0.0017434620174346202, 0.0018174375767498977, 0.001594896331738437, 0.0018313253012048193, 0.6648769574944071]]
Name: stochastic_block_model
Type: Graph
Number of nodes: 144
Number of edges: 1561
Average degree:  21.6806
Community 1 has 17 elements
Community 2 has 50 elements
Community 3 has 15 elements
Community 4 has 25 elements
Community 5 has 37 elements
[[0.7755693581780538, 0.0017623571526917251, 0.0031007751937984496, 0.0019491820396797773, 0.0017434620174346202], [0.0017623571526917251, 0.661859296482412, 0.0018414018414018413, 0.0017391304347826088, 0.0018174375767498977], [0.0031007751937984496, 0.0018414018414018413, 0.8564971751412429, 0.002279874213836478, 0.001594896331738437], [0.0019491820396797773, 0.0017391304347826088, 0.002279874213836478, 0.3597979797979798, 0.0018313253012048193], [0.0017434620174346202, 0.0018174375767498977, 0.001594896331738437, 0.0018313253012048193, 0.6648769574944071]]
Name: stochastic_block_model
Type: Graph
Number of nodes: 144
Number of edges: 1561
Average degree:  21.6806
Community 1 has 17 elements
Community 2 has 50 elements
Community 3 has 15 elements
Community 4 has 25 elements
Community 5 has 37 elements
