Name: 
Type: Graph
Number of nodes: 4039
Number of edges: 88234
Average degree:  43.6910
Density --> 0.010819963503439287
1
Com Values [16] , Size Values [19]
1
Com Values [16, 15] , Size Values [19, 19]
1
Com Values [16, 15, 16] , Size Values [19, 19, 19]
1
Com Values [16, 15, 16, 16] , Size Values [19, 19, 19, 19]
1
Com Values [16, 15, 16, 16, 16] , Size Values [19, 19, 19, 19, 19]
1
Com Values [16, 15, 16, 16, 16, 16] , Size Values [19, 19, 19, 19, 19, 19]
1
Com Values [16, 15, 16, 16, 16, 16, 16] , Size Values [19, 19, 19, 19, 19, 19, 19]
1
Com Values [16, 15, 16, 16, 16, 16, 16, 16] , Size Values [19, 19, 19, 19, 19, 19, 19, 19]
1
Com Values [16, 15, 16, 16, 16, 16, 16, 16, 16] , Size Values [19, 19, 19, 19, 19, 19, 19, 19, 19]
1
Com Values [16, 15, 16, 16, 16, 16, 16, 16, 16, 15] , Size Values [19, 19, 19, 19, 19, 19, 19, 19, 19, 19]
Community 1 has 87 elements
Community 2 has 107 elements
Community 3 has 108 elements
Community 4 has 105 elements
Community 5 has 133 elements
Community 6 has 81 elements
Community 7 has 32 elements
Community 8 has 4 elements
Community 9 has 137 elements
Community 10 has 18 elements
Community 11 has 59 elements
Community 12 has 6 elements
Community 13 has 15 elements
Community 14 has 51 elements
Community 15 has 4 elements
Community 16 has 56 elements
[[0.046582071223905036, 2.962377801915671e-05, 2.924736773690368e-05, 7.708343108406116e-05, 2.556433264309635e-05, 0.0, 8.771698990377447e-06, 0.0, 0.0, 0.0, 0.0, 0.0, 0.0, 0.0, 0.0, 0.0], [2.962377801915671e-05, 0.06571258199165175, 0.0008536715906658103, 8.255865792645674e-06, 0.0, 0.0015985384791048184, 7.721858651377386e-05, 0.0, 1.2558790839617962e-05, 0.0, 0.0, 0.0002614125962143583, 3.3387588164099995e-05, 0.0, 0.0, 0.0], [2.924736773690368e-05, 0.0008536715906658103, 0.17677843106096722, 0.00015775745063959767, 0.00023193216516123542, 0.0017613202967894043, 0.0015802481621713875, 0.0, 8.287527478333295e-06, 0.0, 0.0, 0.0, 0.0, 0.0, 0.0, 4.584422133590061e-06], [7.708343108406116e-05, 8.255865792645674e-06, 0.00015775745063959767, 0.12797328941324101, 4.362973191711223e-06, 3.579379908224699e-06, 2.639828411153275e-05, 0.0004104205784878054, 0.0, 0.00202020202020202, 0.00409711684370258, 0.0, 0.0, 0.0, 0.0, 0.0], [2.556433264309635e-05, 0.0, 0.00023193216516123542, 4.362973191711223e-06, 0.06084217158458469, 0.0, 0.0001822713747362761, 0.0, 0.0, 0.0, 0.0, 0.0, 0.0, 3.6473720684247e-06, 0.0001632056194958905, 0.0010097517117366346], [0.0, 0.0015985384791048184, 0.0017613202967894043, 3.579379908224699e-06, 0.0, 0.11984805318138651, 0.0004200121119771826, 0.0, 2.627237092384165e-06, 0.0, 0.0, 0.0, 0.0, 0.0, 0.0, 0.0], [8.771698990377447e-06, 7.721858651377386e-05, 0.0015802481621713875, 2.639828411153275e-05, 0.0001822713747362761, 0.0004200121119771826, 0.13213582677165353, 0.0, 0.0001227262765724304, 0.0, 0.0, 0.0, 0.0, 0.0, 0.0, 0.0], [0.0, 0.0, 0.0, 0.0004104205784878054, 0.0, 0.0, 0.0, 0.7543859649122807, 0.0, 0.0, 0.000428921568627451, 0.0, 0.0, 0.0, 0.0, 0.0], [0.0, 1.2558790839617962e-05, 8.287527478333295e-06, 0.0, 0.0, 2.627237092384165e-06, 0.0001227262765724304, 0.0, 0.03573573172847249, 0.0, 0.0, 0.0, 0.0, 2.113561668445581e-05, 0.0, 0.0], [0.0, 0.0, 0.0, 0.00202020202020202, 0.0, 0.0, 0.0, 0.0, 0.0, 0.5654490106544902, 2.0879006159306817e-05, 0.0, 0.0, 0.0, 0.0, 0.0], [0.0, 0.0, 0.0, 0.00409711684370258, 0.0, 0.0, 0.0, 0.000428921568627451, 0.0, 2.0879006159306817e-05, 0.5915397268111278, 0.0, 0.0, 0.0, 0.0, 0.0], [0.0, 0.0002614125962143583, 0.0, 0.0, 0.0, 0.0, 0.0, 0.0, 0.0, 0.0, 0.0, 0.8666666666666667, 0.0, 0.0, 0.0, 0.0], [0.0, 3.3387588164099995e-05, 0.0, 0.0, 0.0, 0.0, 0.0, 0.0, 0.0, 0.0, 0.0, 0.0, 0.11581920903954802, 0.0, 0.0, 0.0], [0.0, 0.0, 0.0, 0.0, 3.6473720684247e-06, 0.0, 0.0, 0.0, 2.113561668445581e-05, 0.0, 0.0, 0.0, 0.0, 0.09391427894861473, 0.0, 0.0], [0.0, 0.0, 0.0, 0.0, 0.0001632056194958905, 0.0, 0.0, 0.0, 0.0, 0.0, 0.0, 0.0, 0.0, 0.0, 0.7953216374269005, 3.345600535296086e-05], [0.0, 0.0, 4.584422133590061e-06, 0.0, 0.0010097517117366346, 0.0, 0.0, 0.0, 0.0, 0.0, 0.0, 0.0, 0.0, 0.0, 3.345600535296086e-05, 0.22025565388397247]]
Name: stochastic_block_model
Type: Graph
Number of nodes: 1003
Number of edges: 5284
Average degree:  10.5364
Density --> 0.010515360107302842
2
Com Values [12] , Size Values [38]
2
Com Values [12, 12] , Size Values [38, 38]
2
Com Values [12, 12, 12] , Size Values [38, 38, 38]
2
Com Values [12, 12, 12, 12] , Size Values [38, 38, 38, 38]
2
Com Values [12, 12, 12, 12, 12] , Size Values [38, 38, 38, 38, 38]
2
Com Values [12, 12, 12, 12, 12, 12] , Size Values [38, 38, 38, 38, 38, 38]
2
Com Values [12, 12, 12, 12, 12, 12, 12] , Size Values [38, 38, 38, 38, 38, 38, 38]
2
Com Values [12, 12, 12, 12, 12, 12, 12, 12] , Size Values [38, 38, 38, 38, 38, 38, 38, 25]
2
Com Values [12, 12, 12, 12, 12, 12, 12, 12, 12] , Size Values [38, 38, 38, 38, 38, 38, 38, 25, 38]
2
Com Values [12, 12, 12, 12, 12, 12, 12, 12, 12, 12] , Size Values [38, 38, 38, 38, 38, 38, 38, 25, 38, 38]
Community 1 has 87 elements
Community 2 has 56 elements
Community 3 has 133 elements
Community 4 has 59 elements
Community 5 has 128 elements
Community 6 has 15 elements
Community 7 has 138 elements
Community 8 has 51 elements
Community 9 has 113 elements
Community 10 has 9 elements
Community 11 has 79 elements
Community 12 has 137 elements
[[0.046582071223905036, 0.0, 2.5738634462487227e-05, 0.0, 6.154998929565404e-05, 0.0, 2.455476079979767e-05, 0.0, 2.781125428756837e-05, 0.0, 0.0, 0.0], [0.0, 0.22025565388397247, 3.485498583144826e-06, 0.0, 0.0, 0.0, 0.0009668977761351149, 0.0, 0.0, 0.0, 0.0, 0.0], [2.5738634462487227e-05, 3.485498583144826e-06, 0.12435042408280589, 0.0, 0.00011322525799836006, 0.0, 0.00024146785246654309, 0.0, 0.0007131245748482812, 0.00032682761385009095, 0.00146540402294878, 5.492053684824769e-05], [0.0, 0.0, 0.0, 0.5915397268111278, 0.0032084879734821654, 0.0, 0.0, 0.0, 0.0, 0.0, 0.0, 0.0], [6.154998929565404e-05, 0.0, 0.00011322525799836006, 0.0032084879734821654, 0.1006762117033735, 0.0, 3.51013903660724e-06, 0.0, 6.383454087006479e-06, 0.0, 2.8788493814792103e-06, 0.0], [0.0, 0.0, 0.0, 0.0, 0.0, 0.11581920903954802, 0.0, 0.0, 3.022175210607835e-05, 0.0, 0.0, 0.0], [2.455476079979767e-05, 0.0009668977761351149, 0.00024146785246654309, 0.0, 3.51013903660724e-06, 0.0, 0.05793170322614461, 3.476314133650373e-06, 0.0, 0.0, 0.0, 0.0], [0.0, 0.0, 0.0, 0.0, 0.0, 0.0, 3.476314133650373e-06, 0.09391427894861473, 0.0, 0.0, 0.0, 2.113561668445581e-05], [2.781125428756837e-05, 0.0, 0.0007131245748482812, 0.0, 6.383454087006479e-06, 3.022175210607835e-05, 0.0, 0.0, 0.06106404608607252, 4.947311136397368e-05, 0.0014574579393015568, 1.1940227222524044e-05], [0.0, 0.0, 0.00032682761385009095, 0.0, 0.0, 0.0, 0.0, 0.0, 4.947311136397368e-05, 0.7396870554765291, 0.00023604947597016335, 0.0], [0.0, 0.0, 0.00146540402294878, 0.0, 2.8788493814792103e-06, 0.0, 0.0, 0.0, 0.0014574579393015568, 0.00023604947597016335, 0.12312454407444648, 2.6637471997357563e-06], [0.0, 0.0, 5.492053684824769e-05, 0.0, 0.0, 0.0, 0.0, 2.113561668445581e-05, 1.1940227222524044e-05, 0.0, 2.6637471997357563e-06, 0.03573573172847249]]
Name: stochastic_block_model
Type: Graph
Number of nodes: 1005
Number of edges: 5337
Average degree:  10.6209
Density --> 0.01057858119759767
3
Com Values [11] , Size Values [38]
3
Com Values [11, 11] , Size Values [38, 38]
3
Com Values [11, 11, 10] , Size Values [38, 38, 59]
3
Com Values [11, 11, 10, 10] , Size Values [38, 38, 59, 61]
3
Com Values [11, 11, 10, 10, 10] , Size Values [38, 38, 59, 61, 60]
3
Com Values [11, 11, 10, 10, 10, 11] , Size Values [38, 38, 59, 61, 60, 38]
3
Com Values [11, 11, 10, 10, 10, 11, 11] , Size Values [38, 38, 59, 61, 60, 38, 38]
3
Com Values [11, 11, 10, 10, 10, 11, 11, 11] , Size Values [38, 38, 59, 61, 60, 38, 38, 38]
3
Com Values [11, 11, 10, 10, 10, 11, 11, 11, 11] , Size Values [38, 38, 59, 61, 60, 38, 38, 38, 38]
3
Com Values [11, 11, 10, 10, 10, 11, 11, 11, 11, 11] , Size Values [38, 38, 59, 61, 60, 38, 38, 38, 38, 38]
Community 1 has 85 elements
Community 2 has 51 elements
Community 3 has 137 elements
Community 4 has 128 elements
Community 5 has 139 elements
Community 6 has 191 elements
Community 7 has 9 elements
Community 8 has 56 elements
Community 9 has 59 elements
Community 10 has 15 elements
Community 11 has 137 elements
[[0.04869760220803864, 0.0, 2.2801203903566107e-05, 6.011914521506258e-05, 0.0, 1.3115614138632041e-05, 0.0, 0.0, 0.0, 0.0, 0.0], [0.0, 0.09391427894861473, 0.0, 0.0, 3.4489775506051233e-06, 0.0, 0.0, 0.0, 0.0, 0.0, 2.113561668445581e-05], [2.2801203903566107e-05, 0.0, 0.11786252818959421, 0.00011161248146435576, 0.000249648521160997, 0.0010569570798682816, 0.00031504331845628775, 3.3427934387650386e-06, 0.0, 0.0, 5.3328000533280006e-05], [6.011914521506258e-05, 0.0, 0.00011161248146435576, 0.1006762117033735, 3.4904927703168493e-06, 4.894277488403621e-06, 0.0, 0.0, 0.0032084879734821654, 0.0, 0.0], [0.0, 3.4489775506051233e-06, 0.000249648521160997, 3.4904927703168493e-06, 0.05732711128394582, 0.0, 0.0, 0.0009594886220368012, 0.0, 0.0, 0.0], [1.3115614138632041e-05, 0.0, 0.0010569570798682816, 4.894277488403621e-06, 0.0, 0.044176679269623216, 6.226630676741354e-05, 0.0, 0.0, 1.1796765326947351e-05, 8.1393834533311e-06], [0.0, 0.0, 0.00031504331845628775, 0.0, 0.0, 6.226630676741354e-05, 0.7396870554765291, 0.0, 0.0, 0.0, 0.0], [0.0, 0.0, 3.3427934387650386e-06, 0.0, 0.0009594886220368012, 0.0, 0.0, 0.22025565388397247, 0.0, 0.0, 0.0], [0.0, 0.0, 0.0, 0.0032084879734821654, 0.0, 0.0, 0.0, 0.0, 0.5915397268111278, 0.0, 0.0], [0.0, 0.0, 0.0, 0.0, 0.0, 1.1796765326947351e-05, 0.0, 0.0, 0.0, 0.11581920903954802, 0.0], [0.0, 2.113561668445581e-05, 5.3328000533280006e-05, 0.0, 0.0, 8.1393834533311e-06, 0.0, 0.0, 0.0, 0.0, 0.03573573172847249]]
Name: stochastic_block_model
Type: Graph
Number of nodes: 1007
Number of edges: 5307
Average degree:  10.5402
Density --> 0.010477354344637242
4
Com Values [10] , Size Values [38]
4
Com Values [10, 10] , Size Values [38, 38]
4
Com Values [10, 10, 10] , Size Values [38, 38, 38]
4
Com Values [10, 10, 10, 10] , Size Values [38, 38, 38, 38]
4
Com Values [10, 10, 10, 10, 9] , Size Values [38, 38, 38, 38, 60]
4
Com Values [10, 10, 10, 10, 9, 10] , Size Values [38, 38, 38, 38, 60, 38]
4
Com Values [10, 10, 10, 10, 9, 10, 11] , Size Values [38, 38, 38, 38, 60, 38, 38]
4
Com Values [10, 10, 10, 10, 9, 10, 11, 10] , Size Values [38, 38, 38, 38, 60, 38, 38, 38]
4
Com Values [10, 10, 10, 10, 9, 10, 11, 10, 10] , Size Values [38, 38, 38, 38, 60, 38, 38, 38, 38]
4
Com Values [10, 10, 10, 10, 9, 10, 11, 10, 10, 11] , Size Values [38, 38, 38, 38, 60, 38, 38, 38, 38, 38]
Community 1 has 85 elements
Community 2 has 137 elements
Community 3 has 138 elements
Community 4 has 128 elements
Community 5 has 139 elements
Community 6 has 190 elements
Community 7 has 9 elements
Community 8 has 56 elements
Community 9 has 60 elements
Community 10 has 14 elements
Community 11 has 51 elements
[[0.04869760220803864, 0.0, 2.259728129597919e-05, 6.054301581273495e-05, 0.0, 1.3187153734189839e-05, 0.0, 0.0, 0.0, 0.0, 0.0], [0.0, 0.03573573172847249, 5.2940689883365046e-05, 0.0, 0.0, 8.176748597687615e-06, 0.0, 0.0, 0.0, 0.0, 2.113561668445581e-05], [2.259728129597919e-05, 5.2940689883365046e-05, 0.11643520345090612, 0.00011140268356686636, 0.00024784844719686667, 0.0011029480058700053, 0.0003107824235273805, 3.3084865989750307e-06, 0.0, 0.0, 0.0], [6.054301581273495e-05, 0.0, 0.00011140268356686636, 0.10181476272015656, 3.51013903660724e-06, 4.94054059395179e-06, 0.0, 0.0, 0.0032155707283905146, 0.0, 0.0], [0.0, 0.0, 0.00024784844719686667, 3.51013903660724e-06, 0.05732711128394582, 0.0, 0.0, 0.0009594886220368012, 0.0, 0.0, 3.4489775506051233e-06], [1.3187153734189839e-05, 8.176748597687615e-06, 0.0011029480058700053, 4.94054059395179e-06, 0.0, 0.04425271457223874, 6.273506042954696e-05, 0.0, 0.0, 1.1912207034158254e-05, 0.0], [0.0, 0.0, 0.0003107824235273805, 0.0, 0.0, 6.273506042954696e-05, 0.7396870554765291, 0.0, 0.0, 0.0, 0.0], [0.0, 0.0, 3.3084865989750307e-06, 0.0, 0.0009594886220368012, 0.0, 0.0, 0.22025565388397247, 0.0, 0.0, 0.0], [0.0, 0.0, 0.0, 0.0032155707283905146, 0.0, 0.0, 0.0, 0.0, 0.576952580195258, 0.0, 0.0], [0.0, 0.0, 0.0, 0.0, 0.0, 1.1912207034158254e-05, 0.0, 0.0, 0.0, 0.11747516072472239, 0.0], [0.0, 2.113561668445581e-05, 0.0, 0.0, 3.4489775506051233e-06, 0.0, 0.0, 0.0, 0.0, 0.0, 0.09391427894861473]]
Name: stochastic_block_model
Type: Graph
Number of nodes: 1007
Number of edges: 5367
Average degree:  10.6594
Density --> 0.010595809453112507
5
Com Values [9] , Size Values [60]
5
Com Values [9, 9] , Size Values [60, 60]
5
Com Values [9, 9, 9] , Size Values [60, 60, 60]
5
Com Values [9, 9, 9, 9] , Size Values [60, 60, 60, 60]
5
Com Values [9, 9, 9, 9, 8] , Size Values [60, 60, 60, 60, 61]
5
Com Values [9, 9, 9, 9, 8, 9] , Size Values [60, 60, 60, 60, 61, 60]
5
Com Values [9, 9, 9, 9, 8, 9, 9] , Size Values [60, 60, 60, 60, 61, 60, 60]
5
Com Values [9, 9, 9, 9, 8, 9, 9, 9] , Size Values [60, 60, 60, 60, 61, 60, 60, 61]
5
Com Values [9, 9, 9, 9, 8, 9, 9, 9, 9] , Size Values [60, 60, 60, 60, 61, 60, 60, 61, 60]
5
Com Values [9, 9, 9, 9, 8, 9, 9, 9, 9, 8] , Size Values [60, 60, 60, 60, 61, 60, 60, 61, 60, 59]
Community 1 has 87 elements
Community 2 has 191 elements
Community 3 has 145 elements
Community 4 has 128 elements
Community 5 has 194 elements
Community 6 has 51 elements
Community 7 has 137 elements
Community 8 has 59 elements
Community 9 has 15 elements
[[0.046582071223905036, 1.4517510537293065e-05, 2.3148951931201314e-05, 6.154998929565404e-05, 1.570460270496077e-05, 0.0, 0.0, 0.0, 0.0], [1.4517510537293065e-05, 0.04430705468219278, 0.0010304754813317731, 4.894277488403621e-06, 0.0, 0.0, 8.1393834533311e-06, 0.0, 1.1796765326947351e-05], [2.3148951931201314e-05, 0.0010304754813317731, 0.10826633315466619, 0.00010351189134590502, 0.00015496970504821943, 0.0, 5.0343911847810355e-05, 0.0, 0.0], [6.154998929565404e-05, 4.894277488403621e-06, 0.00010351189134590502, 0.1006762117033735, 2.39071160726346e-06, 0.0, 0.0, 0.0032084879734821654, 0.0], [1.570460270496077e-05, 0.0, 0.00015496970504821943, 2.39071160726346e-06, 0.048625388161607226, 2.06347241137386e-06, 0.0, 0.0, 0.0], [0.0, 0.0, 0.0, 0.0, 2.06347241137386e-06, 0.09391427894861473, 2.113561668445581e-05, 0.0, 0.0], [0.0, 8.1393834533311e-06, 5.0343911847810355e-05, 0.0, 0.0, 2.113561668445581e-05, 0.03573573172847249, 0.0, 0.0], [0.0, 0.0, 0.0, 0.0032084879734821654, 0.0, 0.0, 0.0, 0.5915397268111278, 0.0], [0.0, 1.1796765326947351e-05, 0.0, 0.0, 0.0, 0.0, 0.0, 0.0, 0.11581920903954802]]
Name: stochastic_block_model
Type: Graph
Number of nodes: 1007
Number of edges: 5413
Average degree:  10.7507
Density --> 0.010686625036276877
6
Com Values [8] , Size Values [59]
6
Com Values [8, 7] , Size Values [59, 60]
6
Com Values [8, 7, 8] , Size Values [59, 60, 60]
6
Com Values [8, 7, 8, 8] , Size Values [59, 60, 60, 61]
6
Com Values [8, 7, 8, 8, 7] , Size Values [59, 60, 60, 61, 60]
6
Com Values [8, 7, 8, 8, 7, 8] , Size Values [59, 60, 60, 61, 60, 60]
6
Com Values [8, 7, 8, 8, 7, 8, 7] , Size Values [59, 60, 60, 61, 60, 60, 60]
6
Com Values [8, 7, 8, 8, 7, 8, 7, 8] , Size Values [59, 60, 60, 61, 60, 60, 60, 25]
6
Com Values [8, 7, 8, 8, 7, 8, 7, 8, 7] , Size Values [59, 60, 60, 61, 60, 60, 60, 25, 60]
6
Com Values [8, 7, 8, 8, 7, 8, 7, 8, 7, 8] , Size Values [59, 60, 60, 61, 60, 60, 60, 25, 60, 60]
Community 1 has 87 elements
Community 2 has 190 elements
Community 3 has 145 elements
Community 4 has 188 elements
Community 5 has 194 elements
Community 6 has 51 elements
Community 7 has 137 elements
Community 8 has 14 elements
[[0.046582071223905036, 1.4569802303971405e-05, 2.300024380258431e-05, 3.791306698579579e-05, 1.570460270496077e-05, 0.0, 0.0, 0.0], [1.4569802303971405e-05, 0.0444297288068952, 0.001046645423968844, 3.492409684102813e-06, 0.0, 0.0, 8.164265012042291e-06, 1.188318825941e-05], [2.300024380258431e-05, 0.001046645423968844, 0.10727190205890848, 6.962810729466727e-05, 0.00015428752072901394, 0.0, 5.0077071743229814e-05, 0.0], [3.791306698579579e-05, 3.492409684102813e-06, 6.962810729466727e-05, 0.1089823497747684, 1.7076284029832268e-06, 0.0, 0.0, 0.0], [1.570460270496077e-05, 0.0, 0.00015428752072901394, 1.7076284029832268e-06, 0.048625388161607226, 2.06347241137386e-06, 0.0, 0.0], [0.0, 0.0, 0.0, 0.0, 2.06347241137386e-06, 0.09391427894861473, 2.113561668445581e-05, 0.0], [0.0, 8.164265012042291e-06, 5.0077071743229814e-05, 0.0, 0.0, 2.113561668445581e-05, 0.03573573172847249, 0.0], [0.0, 1.188318825941e-05, 0.0, 0.0, 0.0, 0.0, 0.0, 0.11747516072472239]]
Name: stochastic_block_model
Type: Graph
Number of nodes: 1006
Number of edges: 5480
Average degree:  10.8946
Density --> 0.010840430056477057
7
Com Values [7] , Size Values [60]
7
Com Values [7, 7] , Size Values [60, 60]
7
Com Values [7, 7, 7] , Size Values [60, 60, 60]
7
Com Values [7, 7, 7, 7] , Size Values [60, 60, 60, 60]
7
Com Values [7, 7, 7, 7, 7] , Size Values [60, 60, 60, 60, 60]
7
Com Values [7, 7, 7, 7, 7, 7] , Size Values [60, 60, 60, 60, 60, 60]
7
Com Values [7, 7, 7, 7, 7, 7, 8] , Size Values [60, 60, 60, 60, 60, 60, 25]
7
Com Values [7, 7, 7, 7, 7, 7, 8, 8] , Size Values [60, 60, 60, 60, 60, 60, 25, 25]
7
Com Values [7, 7, 7, 7, 7, 7, 8, 8, 7] , Size Values [60, 60, 60, 60, 60, 60, 25, 25, 60]
7
Com Values [7, 7, 7, 7, 7, 7, 8, 8, 7, 7] , Size Values [60, 60, 60, 60, 60, 60, 25, 25, 60, 59]
Community 1 has 137 elements
Community 2 has 51 elements
Community 3 has 188 elements
Community 4 has 15 elements
Community 5 has 197 elements
Community 6 has 85 elements
Community 7 has 329 elements
Community 8 has 6 elements
[[0.03573573172847249, 2.113561668445581e-05, 0.0, 0.0, 0.0, 0.0, 2.2389203581583674e-05, 0.0], [2.113561668445581e-05, 0.09391427894861473, 0.0, 0.0, 2.0262562282050815e-06, 0.0, 0.0, 0.0], [0.0, 0.0, 0.1089823497747684, 0.0, 2.5315814789499e-06, 3.686462972830768e-05, 3.0790978243374694e-05, 0.0], [0.0, 0.0, 0.0, 0.11581920903954802, 0.0, 0.0, 4.209945786423135e-06, 0.0], [0.0, 2.0262562282050815e-06, 2.5315814789499e-06, 0.0, 0.047597701223563105, 1.2563682163968616e-05, 6.89602018505673e-05, 0.0], [0.0, 0.0, 3.686462972830768e-05, 0.0, 1.2563682163968616e-05, 0.04869760220803864, 6.536090110895662e-06, 0.0], [2.2389203581583674e-05, 0.0, 3.0790978243374694e-05, 4.209945786423135e-06, 6.89602018505673e-05, 6.536090110895662e-06, 0.03651085282108923, 2.9917030103180513e-05], [0.0, 0.0, 0.0, 0.0, 0.0, 0.0, 2.9917030103180513e-05, 0.8666666666666667]]
Name: stochastic_block_model
Type: Graph
Number of nodes: 1008
Number of edges: 5394
Average degree:  10.7024
Density --> 0.010627985056982078
8
Com Values [7] , Size Values [60]
8
Com Values [7, 7] , Size Values [60, 60]
8
Com Values [7, 7, 7] , Size Values [60, 60, 60]
8
Com Values [7, 7, 7, 7] , Size Values [60, 60, 60, 60]
8
Com Values [7, 7, 7, 7, 7] , Size Values [60, 60, 60, 60, 61]
8
Com Values [7, 7, 7, 7, 7, 7] , Size Values [60, 60, 60, 60, 61, 60]
8
Com Values [7, 7, 7, 7, 7, 7, 7] , Size Values [60, 60, 60, 60, 61, 60, 60]
8
Com Values [7, 7, 7, 7, 7, 7, 7, 7] , Size Values [60, 60, 60, 60, 61, 60, 60, 60]
8
Com Values [7, 7, 7, 7, 7, 7, 7, 7, 7] , Size Values [60, 60, 60, 60, 61, 60, 60, 60, 60]
8
Com Values [7, 7, 7, 7, 7, 7, 7, 7, 7, 7] , Size Values [60, 60, 60, 60, 61, 60, 60, 60, 60, 60]
Community 1 has 85 elements
Community 2 has 15 elements
Community 3 has 339 elements
Community 4 has 188 elements
Community 5 has 194 elements
Community 6 has 51 elements
Community 7 has 137 elements
[[0.04869760220803864, 0.0, 1.1813299829888482e-05, 3.686462972830768e-05, 0.0, 0.0, 0.0], [0.0, 0.11581920903954802, 3.992733225529536e-06, 0.0, 0.0, 0.0, 0.0], [1.1813299829888482e-05, 3.992733225529536e-06, 0.03497697808836495, 3.0619899872927414e-05, 6.867267171029289e-05, 0.0, 2.152726566191374e-05], [3.686462972830768e-05, 0.0, 3.0619899872927414e-05, 0.1089823497747684, 8.571712662476813e-07, 0.0, 0.0], [0.0, 0.0, 6.867267171029289e-05, 8.571712662476813e-07, 0.048706351845693385, 2.0761058897047983e-06, 0.0], [0.0, 0.0, 0.0, 0.0, 2.0761058897047983e-06, 0.09391427894861473, 2.113561668445581e-05], [0.0, 0.0, 2.152726566191374e-05, 0.0, 0.0, 2.113561668445581e-05, 0.03573573172847249]]
Name: stochastic_block_model
Type: Graph
Number of nodes: 1009
Number of edges: 5498
Average degree:  10.8979
Density --> 0.010811427312913933
9
Com Values [7] , Size Values [60]
9
Com Values [7, 7] , Size Values [60, 60]
9
Com Values [7, 7, 7] , Size Values [60, 60, 61]
9
Com Values [7, 7, 7, 7] , Size Values [60, 60, 61, 60]
9
Com Values [7, 7, 7, 7, 7] , Size Values [60, 60, 61, 60, 60]
9
Com Values [7, 7, 7, 7, 7, 7] , Size Values [60, 60, 61, 60, 60, 60]
9
Com Values [7, 7, 7, 7, 7, 7, 7] , Size Values [60, 60, 61, 60, 60, 60, 60]
9
Com Values [7, 7, 7, 7, 7, 7, 7, 7] , Size Values [60, 60, 61, 60, 60, 60, 60, 60]
9
Com Values [7, 7, 7, 7, 7, 7, 7, 7, 7] , Size Values [60, 60, 61, 60, 60, 60, 60, 60, 60]
9
Com Values [7, 7, 7, 7, 7, 7, 7, 7, 7, 7] , Size Values [60, 60, 61, 60, 60, 60, 60, 60, 60, 60]
Community 1 has 87 elements
Community 2 has 137 elements
Community 3 has 188 elements
Community 4 has 51 elements
Community 5 has 194 elements
Community 6 has 336 elements
Community 7 has 15 elements
[[0.046582071223905036, 0.0, 3.791306698579579e-05, 0.0, 1.570460270496077e-05, 1.3249919280097018e-05, 0.0], [0.0, 0.03573573172847249, 0.0, 2.113561668445581e-05, 0.0, 2.180127744305674e-05, 0.0], [3.791306698579579e-05, 0.0, 0.1089823497747684, 0.0, 1.7076284029832268e-06, 3.006066789338483e-05, 0.0], [0.0, 2.113561668445581e-05, 0.0, 0.09391427894861473, 2.06347241137386e-06, 0.0, 0.0], [1.570460270496077e-05, 0.0, 1.7076284029832268e-06, 2.06347241137386e-06, 0.048625388161607226, 6.348493209553994e-05, 0.0], [1.3249919280097018e-05, 2.180127744305674e-05, 3.006066789338483e-05, 0.0, 6.348493209553994e-05, 0.035482705740524055, 4.061301281543619e-06], [0.0, 0.0, 0.0, 0.0, 0.0, 4.061301281543619e-06, 0.11581920903954802]]
Name: stochastic_block_model
Type: Graph
Number of nodes: 1008
Number of edges: 5428
Average degree:  10.7698
Density --> 0.010694976434797686
10
Com Values [6] , Size Values [206]
10
Com Values [6, 7] , Size Values [206, 60]
10
Com Values [6, 7, 7] , Size Values [206, 60, 59]
10
Com Values [6, 7, 7, 7] , Size Values [206, 60, 59, 59]
10
Com Values [6, 7, 7, 7, 7] , Size Values [206, 60, 59, 59, 60]
10
Com Values [6, 7, 7, 7, 7, 7] , Size Values [206, 60, 59, 59, 60, 60]
10
Com Values [6, 7, 7, 7, 7, 7, 7] , Size Values [206, 60, 59, 59, 60, 60, 60]
10
Com Values [6, 7, 7, 7, 7, 7, 7, 7] , Size Values [206, 60, 59, 59, 60, 60, 60, 60]
10
Com Values [6, 7, 7, 7, 7, 7, 7, 7, 7] , Size Values [206, 60, 59, 59, 60, 60, 60, 60, 60]
10
Com Values [6, 7, 7, 7, 7, 7, 7, 7, 7, 7] , Size Values [206, 60, 59, 59, 60, 60, 60, 60, 60, 60]
Community 1 has 85 elements
Community 2 has 137 elements
Community 3 has 197 elements
Community 4 has 336 elements
Community 5 has 188 elements
Community 6 has 51 elements
Community 7 has 15 elements
[[0.04869760220803864, 0.0, 1.2563682163968616e-05, 6.343522910690246e-06, 3.686462972830768e-05, 0.0, 0.0], [0.0, 0.03573573172847249, 0.0, 2.180127744305674e-05, 0.0, 2.113561668445581e-05, 0.0], [1.2563682163968616e-05, 0.0, 0.047597701223563105, 6.735204340817187e-05, 2.5315814789499e-06, 2.0262562282050815e-06, 0.0], [6.343522910690246e-06, 2.180127744305674e-05, 6.735204340817187e-05, 0.035482705740524055, 3.006066789338483e-05, 0.0, 4.061301281543619e-06], [3.686462972830768e-05, 0.0, 2.5315814789499e-06, 3.006066789338483e-05, 0.1089823497747684, 0.0, 0.0], [0.0, 2.113561668445581e-05, 2.0262562282050815e-06, 0.0, 0.0, 0.09391427894861473, 0.0], [0.0, 0.0, 0.0, 4.061301281543619e-06, 0.0, 0.0, 0.11581920903954802]]
Name: stochastic_block_model
Type: Graph
Number of nodes: 1009
Number of edges: 5447
Average degree:  10.7968
Density --> 0.010711139427690468
11
Com Values [7] , Size Values [60]
11
Com Values [7, 7] , Size Values [60, 60]
11
Com Values [7, 7, 7] , Size Values [60, 60, 60]
11
Com Values [7, 7, 7, 7] , Size Values [60, 60, 60, 60]
11
Com Values [7, 7, 7, 7, 7] , Size Values [60, 60, 60, 60, 60]
11
Com Values [7, 7, 7, 7, 7, 7] , Size Values [60, 60, 60, 60, 60, 60]
11
Com Values [7, 7, 7, 7, 7, 7, 7] , Size Values [60, 60, 60, 60, 60, 60, 60]
11
Com Values [7, 7, 7, 7, 7, 7, 7, 7] , Size Values [60, 60, 60, 60, 60, 60, 60, 60]
11
Com Values [7, 7, 7, 7, 7, 7, 7, 7, 7] , Size Values [60, 60, 60, 60, 60, 60, 60, 60, 60]
11
Com Values [7, 7, 7, 7, 7, 7, 7, 7, 7, 7] , Size Values [60, 60, 60, 60, 60, 60, 60, 60, 60, 60]
Community 1 has 85 elements
Community 2 has 336 elements
Community 3 has 197 elements
Community 4 has 51 elements
Community 5 has 188 elements
Community 6 has 15 elements
Community 7 has 137 elements
[[0.04869760220803864, 6.343522910690246e-06, 1.2563682163968616e-05, 0.0, 3.686462972830768e-05, 0.0, 0.0], [6.343522910690246e-06, 0.035482705740524055, 6.735204340817187e-05, 0.0, 3.006066789338483e-05, 4.061301281543619e-06, 2.180127744305674e-05], [1.2563682163968616e-05, 6.735204340817187e-05, 0.047597701223563105, 2.0262562282050815e-06, 2.5315814789499e-06, 0.0, 0.0], [0.0, 0.0, 2.0262562282050815e-06, 0.09391427894861473, 0.0, 0.0, 2.113561668445581e-05], [3.686462972830768e-05, 3.006066789338483e-05, 2.5315814789499e-06, 0.0, 0.1089823497747684, 0.0, 0.0], [0.0, 4.061301281543619e-06, 0.0, 0.0, 0.0, 0.11581920903954802, 0.0], [0.0, 2.180127744305674e-05, 0.0, 2.113561668445581e-05, 0.0, 0.0, 0.03573573172847249]]
Name: stochastic_block_model
Type: Graph
Number of nodes: 1009
Number of edges: 5464
Average degree:  10.8305
Density --> 0.010744568722764957
12
Com Values [7] , Size Values [60]
12
Com Values [7, 7] , Size Values [60, 60]
12
Com Values [7, 7, 7] , Size Values [60, 60, 60]
12
Com Values [7, 7, 7, 7] , Size Values [60, 60, 60, 60]
12
Com Values [7, 7, 7, 7, 7] , Size Values [60, 60, 60, 60, 60]
12
Com Values [7, 7, 7, 7, 7, 7] , Size Values [60, 60, 60, 60, 60, 60]
12
Com Values [7, 7, 7, 7, 7, 7, 7] , Size Values [60, 60, 60, 60, 60, 60, 60]
12
Com Values [7, 7, 7, 7, 7, 7, 7, 7] , Size Values [60, 60, 60, 60, 60, 60, 60, 60]
12
Com Values [7, 7, 7, 7, 7, 7, 7, 7, 7] , Size Values [60, 60, 60, 60, 60, 60, 60, 60, 60]
12
Com Values [7, 7, 7, 7, 7, 7, 7, 7, 7, 7] , Size Values [60, 60, 60, 60, 60, 60, 60, 60, 60, 60]
Community 1 has 87 elements
Community 2 has 15 elements
Community 3 has 337 elements
Community 4 has 188 elements
Community 5 has 193 elements
Community 6 has 51 elements
Community 7 has 137 elements
[[0.046582071223905036, 0.0, 1.3172024560972956e-05, 3.791306698579579e-05, 1.5844696621593787e-05, 0.0, 0.0], [0.0, 0.11581920903954802, 4.032518226982386e-06, 0.0, 0.0, 0.0, 0.0], [1.3172024560972956e-05, 4.032518226982386e-06, 0.03530585355016245, 3.037102513542304e-05, 6.526073439191868e-05, 0.0, 2.168647364592995e-05], [3.791306698579579e-05, 0.0, 3.037102513542304e-05, 0.1089823497747684, 8.594203209934899e-07, 0.0, 0.0], [1.5844696621593787e-05, 0.0, 6.526073439191868e-05, 8.594203209934899e-07, 0.04898195225822411, 2.0845927748014424e-06, 0.0], [0.0, 0.0, 0.0, 0.0, 2.0845927748014424e-06, 0.09391427894861473, 2.113561668445581e-05], [0.0, 0.0, 2.168647364592995e-05, 0.0, 0.0, 2.113561668445581e-05, 0.03573573172847249]]
Name: stochastic_block_model
Type: Graph
Number of nodes: 1008
Number of edges: 5466
Average degree:  10.8452
Density --> 0.010769849151179836
13
Com Values [7] , Size Values [60]
13
Com Values [7, 7] , Size Values [60, 60]
13
Com Values [7, 7, 7] , Size Values [60, 60, 60]
13
Com Values [7, 7, 7, 7] , Size Values [60, 60, 60, 60]
13
Com Values [7, 7, 7, 7, 6] , Size Values [60, 60, 60, 60, 206]
13
Com Values [7, 7, 7, 7, 6, 7] , Size Values [60, 60, 60, 60, 206, 60]
13
Com Values [7, 7, 7, 7, 6, 7, 7] , Size Values [60, 60, 60, 60, 206, 60, 60]
13
Com Values [7, 7, 7, 7, 6, 7, 7, 7] , Size Values [60, 60, 60, 60, 206, 60, 60, 61]
13
Com Values [7, 7, 7, 7, 6, 7, 7, 7, 7] , Size Values [60, 60, 60, 60, 206, 60, 60, 61, 60]
13
Com Values [7, 7, 7, 7, 6, 7, 7, 7, 7, 7] , Size Values [60, 60, 60, 60, 206, 60, 60, 61, 60, 60]
Community 1 has 87 elements
Community 2 has 51 elements
Community 3 has 15 elements
Community 4 has 188 elements
Community 5 has 194 elements
Community 6 has 336 elements
Community 7 has 137 elements
[[0.046582071223905036, 0.0, 0.0, 3.791306698579579e-05, 1.570460270496077e-05, 1.3249919280097018e-05, 0.0], [0.0, 0.09391427894861473, 0.0, 0.0, 2.06347241137386e-06, 0.0, 2.113561668445581e-05], [0.0, 0.0, 0.11581920903954802, 0.0, 0.0, 4.061301281543619e-06, 0.0], [3.791306698579579e-05, 0.0, 0.0, 0.1089823497747684, 1.7076284029832268e-06, 3.006066789338483e-05, 0.0], [1.570460270496077e-05, 2.06347241137386e-06, 0.0, 1.7076284029832268e-06, 0.048625388161607226, 6.348493209553994e-05, 0.0], [1.3249919280097018e-05, 0.0, 4.061301281543619e-06, 3.006066789338483e-05, 6.348493209553994e-05, 0.035482705740524055, 2.180127744305674e-05], [0.0, 2.113561668445581e-05, 0.0, 0.0, 0.0, 2.180127744305674e-05, 0.03573573172847249]]
Name: stochastic_block_model
Type: Graph
Number of nodes: 1008
Number of edges: 5422
Average degree:  10.7579
Density --> 0.010683154426947873
14
Com Values [7] , Size Values [60]
14
Com Values [7, 7] , Size Values [60, 60]
14
Com Values [7, 7, 7] , Size Values [60, 60, 60]
14
Com Values [7, 7, 7, 7] , Size Values [60, 60, 60, 60]
14
Com Values [7, 7, 7, 7, 7] , Size Values [60, 60, 60, 60, 60]
14
Com Values [7, 7, 7, 7, 7, 7] , Size Values [60, 60, 60, 60, 60, 61]
14
Com Values [7, 7, 7, 7, 7, 7, 7] , Size Values [60, 60, 60, 60, 60, 61, 60]
14
Com Values [7, 7, 7, 7, 7, 7, 7, 7] , Size Values [60, 60, 60, 60, 60, 61, 60, 60]
14
Com Values [7, 7, 7, 7, 7, 7, 7, 7, 7] , Size Values [60, 60, 60, 60, 60, 61, 60, 60, 60]
14
Com Values [7, 7, 7, 7, 7, 7, 7, 7, 7, 7] , Size Values [60, 60, 60, 60, 60, 61, 60, 60, 60, 60]
Community 1 has 86 elements
Community 2 has 51 elements
Community 3 has 196 elements
Community 4 has 336 elements
Community 5 has 188 elements
Community 6 has 137 elements
Community 7 has 15 elements
[[0.04798630415621398, 0.0, 1.570460270496077e-05, 1.1939644395249988e-05, 3.666300036663e-05, 0.0, 0.0], [0.0, 0.09391427894861473, 2.0385489608496674e-06, 0.0, 0.0, 2.113561668445581e-05, 0.0], [1.570460270496077e-05, 2.0385489608496674e-06, 0.04792993630573249, 6.401042531175285e-05, 2.541476903057905e-06, 0.0, 0.0], [1.1939644395249988e-05, 0.0, 6.401042531175285e-05, 0.035482705740524055, 3.006066789338483e-05, 2.180127744305674e-05, 4.061301281543619e-06], [3.666300036663e-05, 0.0, 2.541476903057905e-06, 3.006066789338483e-05, 0.1089823497747684, 0.0, 0.0], [0.0, 2.113561668445581e-05, 0.0, 2.180127744305674e-05, 0.0, 0.03573573172847249, 0.0], [0.0, 0.0, 0.0, 4.061301281543619e-06, 0.0, 0.0, 0.11581920903954802]]
Name: stochastic_block_model
Type: Graph
Number of nodes: 1009
Number of edges: 5443
Average degree:  10.7889
Density --> 0.010703273711202353
15
Com Values [7] , Size Values [60]
15
Com Values [7, 7] , Size Values [60, 60]
15
Com Values [7, 7, 7] , Size Values [60, 60, 60]
15
Com Values [7, 7, 7, 7] , Size Values [60, 60, 60, 60]
15
Com Values [7, 7, 7, 7, 7] , Size Values [60, 60, 60, 60, 60]
15
Com Values [7, 7, 7, 7, 7, 7] , Size Values [60, 60, 60, 60, 60, 60]
15
Com Values [7, 7, 7, 7, 7, 7, 7] , Size Values [60, 60, 60, 60, 60, 60, 60]
15
Com Values [7, 7, 7, 7, 7, 7, 7, 7] , Size Values [60, 60, 60, 60, 60, 60, 60, 60]
15
Com Values [7, 7, 7, 7, 7, 7, 7, 7, 7] , Size Values [60, 60, 60, 60, 60, 60, 60, 60, 60]
15
Com Values [7, 7, 7, 7, 7, 7, 7, 7, 7, 7] , Size Values [60, 60, 60, 60, 60, 60, 60, 60, 60, 61]
Community 1 has 85 elements
Community 2 has 337 elements
Community 3 has 51 elements
Community 4 has 188 elements
Community 5 has 195 elements
Community 6 has 137 elements
Community 7 has 15 elements
[[0.04869760220803864, 1.1897305260358528e-05, 0.0, 3.686462972830768e-05, 0.0, 0.0, 0.0], [1.1897305260358528e-05, 0.0351909507728633, 0.0, 3.0342127870784198e-05, 6.735204340817187e-05, 2.1663621724279866e-05, 4.026798342972482e-06], [0.0, 0.0, 0.09391427894861473, 0.0, 2.050953898658266e-06, 2.113561668445581e-05, 0.0], [3.686462972830768e-05, 3.0342127870784198e-05, 0.0, 0.1089823497747684, 1.7009536396580743e-06, 0.0, 0.0], [0.0, 6.735204340817187e-05, 2.050953898658266e-06, 1.7009536396580743e-06, 0.048262605158970566, 0.0, 0.0], [0.0, 2.1663621724279866e-05, 2.113561668445581e-05, 0.0, 0.0, 0.03573573172847249, 0.0], [0.0, 4.026798342972482e-06, 0.0, 0.0, 0.0, 0.0, 0.11581920903954802]]
Name: stochastic_block_model
Type: Graph
Number of nodes: 1008
Number of edges: 5498
Average degree:  10.9087
Density --> 0.010832899859712173
16
Com Values [7] , Size Values [60]
16
Com Values [7, 7] , Size Values [60, 60]
16
Com Values [7, 7, 7] , Size Values [60, 60, 61]
16
Com Values [7, 7, 7, 7] , Size Values [60, 60, 61, 60]
16
Com Values [7, 7, 7, 7, 7] , Size Values [60, 60, 61, 60, 60]
16
Com Values [7, 7, 7, 7, 7, 7] , Size Values [60, 60, 61, 60, 60, 60]
16
Com Values [7, 7, 7, 7, 7, 7, 7] , Size Values [60, 60, 61, 60, 60, 60, 60]
16
Com Values [7, 7, 7, 7, 7, 7, 7, 6] , Size Values [60, 60, 61, 60, 60, 60, 60, 206]
16
Com Values [7, 7, 7, 7, 7, 7, 7, 6, 7] , Size Values [60, 60, 61, 60, 60, 60, 60, 206, 60]
16
Com Values [7, 7, 7, 7, 7, 7, 7, 6, 7, 7] , Size Values [60, 60, 61, 60, 60, 60, 60, 206, 60, 60]
Community 1 has 85 elements
Community 2 has 51 elements
Community 3 has 197 elements
Community 4 has 188 elements
Community 5 has 336 elements
Community 6 has 137 elements
Community 7 has 15 elements
[[0.04869760220803864, 0.0, 1.2563682163968616e-05, 3.686462972830768e-05, 6.343522910690246e-06, 0.0, 0.0], [0.0, 0.09391427894861473, 2.0262562282050815e-06, 0.0, 0.0, 2.113561668445581e-05, 0.0], [1.2563682163968616e-05, 2.0262562282050815e-06, 0.047597701223563105, 2.5315814789499e-06, 6.735204340817187e-05, 0.0, 0.0], [3.686462972830768e-05, 0.0, 2.5315814789499e-06, 0.1089823497747684, 3.006066789338483e-05, 0.0, 0.0], [6.343522910690246e-06, 0.0, 6.735204340817187e-05, 3.006066789338483e-05, 0.035482705740524055, 2.180127744305674e-05, 4.061301281543619e-06], [0.0, 2.113561668445581e-05, 0.0, 0.0, 2.180127744305674e-05, 0.03573573172847249, 0.0], [0.0, 0.0, 0.0, 0.0, 4.061301281543619e-06, 0.0, 0.11581920903954802]]
Name: stochastic_block_model
Type: Graph
Number of nodes: 1009
Number of edges: 5476
Average degree:  10.8543
Density --> 0.0107681658722293
17
Com Values [7] , Size Values [60]
17
Com Values [7, 7] , Size Values [60, 60]
17
Com Values [7, 7, 7] , Size Values [60, 60, 60]
17
Com Values [7, 7, 7, 7] , Size Values [60, 60, 60, 60]
17
Com Values [7, 7, 7, 7, 7] , Size Values [60, 60, 60, 60, 60]
17
Com Values [7, 7, 7, 7, 7, 7] , Size Values [60, 60, 60, 60, 60, 60]
17
Com Values [7, 7, 7, 7, 7, 7, 7] , Size Values [60, 60, 60, 60, 60, 60, 60]
17
Com Values [7, 7, 7, 7, 7, 7, 7, 7] , Size Values [60, 60, 60, 60, 60, 60, 60, 60]
17
Com Values [7, 7, 7, 7, 7, 7, 7, 7, 7] , Size Values [60, 60, 60, 60, 60, 60, 60, 60, 60]
17
Com Values [7, 7, 7, 7, 7, 7, 7, 7, 7, 6] , Size Values [60, 60, 60, 60, 60, 60, 60, 60, 60, 206]
Community 1 has 87 elements
Community 2 has 336 elements
Community 3 has 51 elements
Community 4 has 188 elements
Community 5 has 194 elements
Community 6 has 15 elements
Community 7 has 137 elements
[[0.046582071223905036, 1.3249919280097018e-05, 0.0, 3.791306698579579e-05, 1.570460270496077e-05, 0.0, 0.0], [1.3249919280097018e-05, 0.035482705740524055, 0.0, 3.006066789338483e-05, 6.348493209553994e-05, 4.061301281543619e-06, 2.180127744305674e-05], [0.0, 0.0, 0.09391427894861473, 0.0, 2.06347241137386e-06, 0.0, 2.113561668445581e-05], [3.791306698579579e-05, 3.006066789338483e-05, 0.0, 0.1089823497747684, 1.7076284029832268e-06, 0.0, 0.0], [1.570460270496077e-05, 6.348493209553994e-05, 2.06347241137386e-06, 1.7076284029832268e-06, 0.048625388161607226, 0.0, 0.0], [0.0, 4.061301281543619e-06, 0.0, 0.0, 0.0, 0.11581920903954802, 0.0], [0.0, 2.180127744305674e-05, 2.113561668445581e-05, 0.0, 0.0, 0.0, 0.03573573172847249]]
Name: stochastic_block_model
Type: Graph
Number of nodes: 1008
Number of edges: 5482
Average degree:  10.8770
Density --> 0.010801374505446005
18
Com Values [7] , Size Values [60]
18
Com Values [7, 7] , Size Values [60, 60]
18
Com Values [7, 7, 7] , Size Values [60, 60, 60]
18
Com Values [7, 7, 7, 7] , Size Values [60, 60, 60, 60]
18
Com Values [7, 7, 7, 7, 7] , Size Values [60, 60, 60, 60, 60]
18
Com Values [7, 7, 7, 7, 7, 7] , Size Values [60, 60, 60, 60, 60, 60]
18
Com Values [7, 7, 7, 7, 7, 7, 7] , Size Values [60, 60, 60, 60, 60, 60, 60]
18
Com Values [7, 7, 7, 7, 7, 7, 7, 7] , Size Values [60, 60, 60, 60, 60, 60, 60, 60]
18
Com Values [7, 7, 7, 7, 7, 7, 7, 7, 7] , Size Values [60, 60, 60, 60, 60, 60, 60, 60, 60]
18
Com Values [7, 7, 7, 7, 7, 7, 7, 7, 7, 7] , Size Values [60, 60, 60, 60, 60, 60, 60, 60, 60, 60]
Community 1 has 86 elements
Community 2 has 15 elements
Community 3 has 196 elements
Community 4 has 336 elements
Community 5 has 188 elements
Community 6 has 137 elements
Community 7 has 51 elements
[[0.04798630415621398, 0.0, 1.570460270496077e-05, 1.1939644395249988e-05, 3.666300036663e-05, 0.0, 0.0], [0.0, 0.11581920903954802, 0.0, 4.061301281543619e-06, 0.0, 0.0, 0.0], [1.570460270496077e-05, 0.0, 0.04792993630573249, 6.401042531175285e-05, 2.541476903057905e-06, 0.0, 2.0385489608496674e-06], [1.1939644395249988e-05, 4.061301281543619e-06, 6.401042531175285e-05, 0.035482705740524055, 3.006066789338483e-05, 2.180127744305674e-05, 0.0], [3.666300036663e-05, 0.0, 2.541476903057905e-06, 3.006066789338483e-05, 0.1089823497747684, 0.0, 0.0], [0.0, 0.0, 0.0, 2.180127744305674e-05, 0.0, 0.03573573172847249, 2.113561668445581e-05], [0.0, 0.0, 2.0385489608496674e-06, 0.0, 0.0, 2.113561668445581e-05, 0.09391427894861473]]
Name: stochastic_block_model
Type: Graph
Number of nodes: 1009
Number of edges: 5470
Average degree:  10.8424
Density --> 0.010756367297497129
19
Com Values [7] , Size Values [61]
19
Com Values [7, 7] , Size Values [61, 60]
19
Com Values [7, 7, 7] , Size Values [61, 60, 60]
19
Com Values [7, 7, 7, 7] , Size Values [61, 60, 60, 60]
19
Com Values [7, 7, 7, 7, 7] , Size Values [61, 60, 60, 60, 60]
19
Com Values [7, 7, 7, 7, 7, 7] , Size Values [61, 60, 60, 60, 60, 60]
19
Com Values [7, 7, 7, 7, 7, 7, 7] , Size Values [61, 60, 60, 60, 60, 60, 60]
19
Com Values [7, 7, 7, 7, 7, 7, 7, 7] , Size Values [61, 60, 60, 60, 60, 60, 60, 60]
19
Com Values [7, 7, 7, 7, 7, 7, 7, 7, 7] , Size Values [61, 60, 60, 60, 60, 60, 60, 60, 60]
19
Com Values [7, 7, 7, 7, 7, 7, 7, 7, 7, 7] , Size Values [61, 60, 60, 60, 60, 60, 60, 60, 60, 59]
Community 1 has 87 elements
Community 2 has 335 elements
Community 3 has 51 elements
Community 4 has 188 elements
Community 5 has 194 elements
Community 6 has 15 elements
Community 7 has 137 elements
[[0.046582071223905036, 1.32655811232177e-05, 0.0, 3.791306698579579e-05, 1.570460270496077e-05, 0.0, 0.0], [1.32655811232177e-05, 0.0355333666979969, 0.0, 3.008937913301557e-05, 6.354479530355083e-05, 5.076626601929524e-06, 2.1824347577917118e-05], [0.0, 0.0, 0.09391427894861473, 0.0, 2.06347241137386e-06, 0.0, 2.113561668445581e-05], [3.791306698579579e-05, 3.008937913301557e-05, 0.0, 0.1089823497747684, 1.7076284029832268e-06, 0.0, 0.0], [1.570460270496077e-05, 6.354479530355083e-05, 2.06347241137386e-06, 1.7076284029832268e-06, 0.048625388161607226, 0.0, 0.0], [0.0, 5.076626601929524e-06, 0.0, 0.0, 0.0, 0.11256830601092896, 0.0], [0.0, 2.1824347577917118e-05, 2.113561668445581e-05, 0.0, 0.0, 0.0, 0.03573573172847249]]
Name: stochastic_block_model
Type: Graph
Number of nodes: 1007
Number of edges: 5481
Average degree:  10.8858
Density --> 0.010820874159215512
20
Com Values [6] , Size Values [206]
20
Com Values [6, 7] , Size Values [206, 60]
20
Com Values [6, 7, 7] , Size Values [206, 60, 60]
20
Com Values [6, 7, 7, 6] , Size Values [206, 60, 60, 206]
20
