,,,,,,,,,,,,,,,,,,,,,,,,,,,,,,,,,,,,,,,,,,,,,,,,,,,,,,,,,,,,,,,,,,,,,,,,,,,,,,,,,,,,,,,,,,,,,,,,,,,,25638,44106,72008,15883,50627,37379,17502,35109,66543,46055,66937,29278,68506,44057,46043,57501,49365,68700,60057,69664,74148,17345,11449,49843,8623,47953,19898,50950,55297,67259,39793,48079,27829,34689,41650,69054,57627,25496,7308,54502,41225,53772,20319,8412,17847,31588,17459,67186,45742,61985,21042,3551,9597,16688,17430,2752,3621,9012,13333,28553,18178,18209,11530,16474,20345,12738,704,5147,20423,25390,6097,11989,5449,25814,10458,14869,12735,10832,20645,20094,15528,10800,10817,28736,22145,16903,28760,18923,11346,10445,22483,29414,20429,12981,16341,7708,14634,13081,2333,26206
,,,,,,,,,,,,,,,,,,,,,,,,,,,,,,,,,,,,,,,,,,,,,,,,,,,,,,,,,,,,,,,,,,,,,,,,,,,,,,,,,,,,,,,,,,,,,,,,,,,,40691,39684,53231,53630,49514,39597,12257,48159,51546,52857,14240,10480,35007,32418,26859,7975,30482,25038,36306,37804,59934,55777,64025,36618,17721,100,34640,46434,40984,51807,31875,18909,43866,67062,70151,56965,12526,211,43280,27448,36511,14219,64829,5372,63107,51932,54123,8422,15241,21793,13590,8752,40867,48380,67994,23498,64034,39733,34065,33255,38002,1240,44891,53088,55225,46743,752,989,6226,33677,44503,26570,57831,70603,65871,28864,46284,69462,16731,39525,75751,39642,27955,27734,63534,29022,19017,18886,33044,38252,20646,24281,7420,29368,53134,20955,74806,32176,70278,61819
,,,,,,,,,,,,,,,,,,,,,,,,,,,,,,,,,,,,,,,,,,,,,,,,,,,,,,,,,,,,,,,,,,,,,,,,,,,,,,,,,,,,,,,,,,,,,,,,,,,,70234,8108,70020,29375,52490,13208,48333,408,16423,37940,66177,65425,28616,35253,50167,62266,52657,62362,67538,34346,2507,6583,59475,14683,70441,55741,56831,14127,58849,37942,50088,39955,63014,67318,43736,38787,57619,38837,69822,66530,44783,39649,43989,40482,56620,42716,57501,11705,34975,40533,69527,13296,12358,22030,56025,52703,48100,35524,62822,53704,45119,55527,19046,12855,40217,62277,49846,55826,30386,34873,36247,32890,49672,340,35105,22899,48436,63815,52985,22218,49552,43549,69506,46682,50423,16062,64981,50383,52507,29058,51938,17419,22120,17618,51465,66800,15753,5274,50180,30454
,,,,,,,,,,,,,,,,,,,,,,,,,,,,,,,,,,,,,,,,,,,,,,,,,,,,,,,,,,,,,,,,,,,,,,,,,,,,,,,,,,,,,,,,,,,,,,,,,,,,34520,49715,66852,64210,65437,25981,47795,45812,43320,40613,58662,5271,27988,65799,27091,44876,69724,53373,25706,2843,47678,53111,64978,47699,6982,20187,65846,48621,25808,475,45682,46451,53812,33894,52094,43847,61707,53665,27629,22029,45693,59624,29436,45818,46335,47185,51260,27690,58560,34204,57819,42630,72616,65893,47438,43437,51757,51551,14129,266,46587,55102,50413,9362,44236,45569,59504,45696,41671,41278,64305,52521,48227,40711,37583,24960,33193,16640,39217,25785,71475,32440,33767,33831,54119,47971,48002,48868,18494,19067,68426,68522,70685,47623,69091,49280,69526,59663,73228,43197
,,,,,,,,,,,,,,,,,,,,,,,,,,,,,,,,,,,,,,,,,,,,,,,,,,,,,,,,,,,,,,,,,,,,,,,,,,,,,,,,,,,,,,,,,,,,,,,,,,,,39378,66064,19957,31249,53265,47971,58061,68966,58934,67720,40273,53125,63404,52246,63993,31104,39099,51002,50737,27577,44128,36515,28895,19853,67382,59502,59084,46582,37299,12208,68841,44778,44679,17590,46441,22160,59771,66492,67463,44879,69280,71633,60502,15544,69793,55907,58054,544,31033,53539,26199,43077,62979,60296,44756,61427,17721,18491,68768,48814,29384,18286,36702,32560,5475,41712,26502,27110,25752,45040,66934,14781,71016,54371,62999,40763,41712,53218,24761,26409,44027,51954,60587,64080,36782,44553,64927,61339,48808,52417,52784,64019,67471,45356,48989,60092,54744,49355,49024,48441
,,,,,,,,,,,,,,,,,,,,,,,,,,,,,,,,,,,,,,,,,,,,,,,,,,,,,,,,,,,,,,,,,,,,,,,,,,,,,,,,,,,,,,,,,,,,,,,,,,,,37490,1248,19411,13607,53356,43876,20199,211,55801,4909,65913,61325,62898,22338,38590,50394,47480,46759,50722,40317,69651,66468,69430,6172,61601,46553,54663,1537,39836,19033,70826,50345,35007,1846,49073,17658,35441,27193,47060,65081,41382,68495,18265,10118,43645,56922,54786,48495,23679,22934,54364,17048,37638,30529,22062,47802,66357,37908,32196,44769,68188,17008,54482,50332,63352,70436,28240,36308,35977,50606,47890,9378,43849,61549,57502,46411,52511,61832,55364,52421,13574,3176,51955,62175,12150,16869,55408,54165,68288,67823,57630,24305,26447,38729,66360,66294,70265,17437,38619,695
,,,,,,,,,,,,,,,,,,,,,,,,,,,,,,,,,,,,,,,,,,,,,,,,,,,,,,,,,,,,,,,,,,,,,,,,,,,,,,,,,,,,,,,,,,,,,,,,,,,,67268,69448,60863,45654,34972,65918,56246,16268,9578,24128,46398,11629,42356,32891,3123,39241,33402,15610,43323,26507,57897,56367,64170,68949,68305,55396,39842,391,49361,47548,52273,15176,62099,51296,44946,30091,70801,45449,73084,73332,65202,6895,63256,62449,11610,34196,69760,62933,11009,55657,22908,43738,69055,43481,34789,35920,55869,38658,71632,25123,43922,51986,70823,21932,2309,601,31628,32484,49811,42923,72890,48467,45568,54753,71621,13270,48528,14742,18183,59727,69977,64692,68453,59844,39515,18316,65938,23202,42549,16609,65455,53085,41179,61463,64579,23831,25920,18874,67887,46645
,,,,,,,,,,,,,,,,,,,,,,,,,,,,,,,,,,,,,,,,,,,,,,,,,,,,,,,,,,,,,,,,,,,,,,,,,,,,,,,,,,,,,,,,,,,,,,,,,,,,53462,65681,63077,16221,73914,53787,70616,62186,63695,63382,43208,49153,56426,57597,26318,47162,53377,465,65482,69415,73074,38098,853,222,31063,31828,73464,72202,48616,50998,35874,986,57343,68892,40789,202,66071,48542,37104,949,53701,16041,68604,61574,33221,27721,41581,41243,54289,60627,23458,63287,39776,30271,64908,29118,63939,67201,70081,68926,63383,48806,50618,41628,57287,34867,66846,25768,65488,54200,61787,48683,43787,50926,62069,7949,31985,39400,44504,41078,69470,63222,47322,61022,23992,66273,35720,39015,24220,22916,36294,55899,67400,15603,57011,1248,47559,61156,42966,55906
,,,,,,,,,,,,,,,,,,,,,,,,,,,,,,,,,,,,,,,,,,,,,,,,,,,,,,,,,,,,,,,,,,,,,,,,,,,,,,,,,,,,,,,,,,,,,,,,,,,,64530,46182,20732,53520,30034,1351,24992,60287,12214,15127,61364,73632,44861,48166,57958,68056,55103,17479,38149,28573,50716,54351,33890,2472,34569,53826,56188,22358,27599,36751,48968,15591,38370,14791,67352,41748,67601,70016,9520,63160,10825,23977,64774,67747,65785,70909,53592,42701,60823,60854,36597,55823,51091,57734,59333,63845,52178,43843,46550,62786,42060,40381,21165,48648,40770,8376,61360,44882,29360,13338,39697,41915,18407,1468,49287,14258,47575,63801,57369,5200,68700,52309,66595,59104,58580,486,58615,53990,46753,29187,51693,36964,47643,45567,53000,9608,52733,41631,37431,30750
,,,,,,,,,,,,,,,,,,,,,,,,,,,,,,,,,,,,,,,,,,,,,,,,,,,,,,,,,,,,,,,,,,,,,,,,,,,,,,,,,,,,,,,,,,,,,,,,,,,,50888,64856,47976,17896,238,10826,63657,58305,69236,40440,53208,37275,54338,69216,34356,55740,285,3403,50350,48513,13125,61687,67092,39958,70978,56910,64128,51512,23195,6647,62263,8434,71794,68425,60510,1836,53675,57797,61286,10671,59172,28378,56136,5143,33336,24154,54174,43894,60832,46895,65104,12798,69565,46525,58147,1058,327,68668,67145,26738,41941,45385,53258,73151,63089,69408,52567,49360,46214,67570,40059,13151,58189,48033,36500,31724,49597,67164,45334,32974,1262,12963,3687,970,64716,63290,65426,47093,68586,38404,64600,15659,47240,18242,10788,43166,71543,30258,53256,65655
,,,,,,,,,,,,,,,,,,,,,,,,,,,,,,,,,,,,,,,,,,,,,,,,,,,,,,,,,,,,,,,,,,,,,,,,,,,,,,,,,,,,,,,,,,,,,,,,,,,,53772,46661,67250,58696,12605,54128,61712,50724,65426,54798,68184,37840,31593,46460,48642,23594,59875,24270,46836,42298,10904,16021,42450,67671,58636,58854,46211,46709,52674,26207,51749,34919,28317,29995,11882,12945,38598,48287,40452,32617,63217,44795,46675,46428,41199,23692,67727,64623,65111,57623,32194,45157,66572,65877,69767,40200,41988,64095,3085,53831,43423,53935,16224,29594,41921,38999,60313,1444,66720,69597,59968,62095,57820,69153,46506,17330,36936,46400,40019,34240,48129,53739,71992,68299,41724,49898,43758,39927,65024,12668,71498,64113,42081,46949,49197,69408,48069,61309,943,10435
,,,,,,,,,,,,,,,,,,,,,,,,,,,,,,,,,,,,,,,,,,,,,,,,,,,,,,,,,,,,,,,,,,,,,,,,,,,,,,,,,,,,,,,,,,,,,,,,,,,,41171,27670,47856,42699,67327,26038,58776,58963,61305,14904,48695,18394,47476,27145,34488,343,69654,46577,14745,261,23326,63125,53211,52375,62704,34837,18500,16846,51689,43333,62179,54976,63204,65995,62425,39767,63151,59466,60823,511,52095,57226,71106,71803,40753,41190,45791,1717,64208,63366,32213,48269,45392,69808,39688,44710,54567,31346,15845,5873,51941,47828,56940,50412,64265,53795,64261,53058,60011,41156,19285,40259,52810,48184,62275,53439,67544,40290,64993,49441,65609,63423,59184,57120,42851,47301,58367,39948,73916,67657,54534,51056,64787,29908,42110,64116,39276,51605,33538,33012
,,,,,,,,,,,,,,,,,,,,,,,,,,,,,,,,,,,,,,,,,,,,,,,,,,,,,,,,,,,,,,,,,,,,,,,,,,,,,,,,,,,,,,,,,,,,,,,,,,,,46777,18285,66924,62617,1728,20226,54779,53156,47916,54704,50481,40894,40008,46625,22313,32093,42391,56257,35838,36756,51870,3163,71631,41750,66587,59396,18313,30031,36137,43567,66594,68959,43268,50108,72788,70046,22227,46503,62902,44548,64660,26814,63677,39276,65786,32629,49414,16768,51960,1141,63483,52858,44539,56345,67585,54236,69531,46837,56647,41111,70248,30959,65976,57127,67442,66628,59933,70566,34801,40933,33262,27070,61803,57868,9479,12784,60289,51851,70841,39985,55484,32527,33602,25101,4029,32107,68396,70431,24099,23829,56405,45441,41046,9640,9327,60093,55766,65730,44938,49627
,,,,,,,,,,,,,,,,,,,,,,,,,,,,,,,,,,,,,,,,,,,,,,,,,,,,,,,,,,,,,,,,,,,,,,,,,,,,,,,,,,,,,,,,,,,,,,,,,,,,65913,47615,45563,47557,31083,46975,48474,25092,38583,49757,40450,56455,45520,5437,43459,3126,43697,15523,14224,48172,68099,20138,67021,24108,66844,65574,66610,47325,66245,28876,42976,3559,67394,71342,26386,58635,21009,34265,46107,42766,35269,46100,53747,58066,7262,17598,63892,65662,4088,9738,72761,66814,33730,40034,51588,22280,59959,65932,62117,43423,14752,43978,27844,27800,66362,40399,55780,30331,30421,32277,52621,56447,66251,43853,47967,66826,7677,68245,31408,1319,69926,69578,65446,71461,47087,64982,39298,64148,51204,50359,57222,63668,19455,55761,58418,40227,41300,1343,5901,18323
,,,,,,,,,,,,,,,,,,,,,,,,,,,,,,,,,,,,,,,,,,,,,,,,,,,,,,,,,,,,,,,,,,,,,,,,,,,,,,,,,,,,,,,,,,,,,,,,,,,,61209,25322,69592,27725,29274,53175,60467,10965,23004,24749,63501,24438,58917,45539,69847,64135,33131,46374,71431,69278,64567,69204,71775,26748,16116,24662,65943,67625,64162,16946,68143,34273,52886,44232,55334,654,8339,52733,35327,19591,29916,35451,56802,46979,56420,54544,55399,26130,34610,55423,62148,28969,43083,37895,56469,63585,46631,27460,49537,44594,53332,71567,65601,66856,28419,33980,55441,47783,64913,52928,53559,65011,50299,53689,64019,57484,53882,51114,69142,26402,45307,37892,64179,26740,65016,36563,54889,58022,60248,67042,31570,822,67147,38502,62897,53189,66702,48226,71273,50968
,,,,,,,,,,,,,,,,,,,,,,,,,,,,,,,,,,,,,,,,,,,,,,,,,,,,,,,,,,,,,,,,,,,,,,,,,,,,,,,,,,,,,,,,,,,,,,,,,,,,43253,14644,36757,30924,50501,69900,24000,35181,67502,37782,72884,66879,46813,67206,41397,57783,47782,53774,51221,43635,60335,7782,62876,60132,22071,40231,69192,65528,11379,17285,42377,46343,43597,55544,44186,911,55084,24279,69305,46342,68649,22230,55638,69957,10797,8300,70038,51496,2684,756,67113,70306,46473,55705,70047,72147,45138,46711,66979,20221,34365,57324,51638,60526,40720,35206,49719,46641,33404,1562,37632,21701,11005,539,12080,57613,69586,48536,70819,67578,35962,54457,70507,14789,63683,38787,27216,43840,68530,31922,58816,68814,49453,26178,69100,36164,55113,45212,51367,57382
,,,,,,,,,,,,,,,,,,,,,,,,,,,,,,,,,,,,,,,,,,,,,,,,,,,,,,,,,,,,,,,,,,,,,,,,,,,,,,,,,,,,,,,,,,,,,,,,,,,,51674,41655,42313,54906,71572,69162,44428,44020,28215,31085,53422,54465,46398,39173,67202,46467,62160,60267,68966,49232,37798,57470,41348,54229,35802,36841,68242,60209,62274,1451,41101,48606,51635,44166,15651,26938,19941,11700,54366,66817,46904,27527,52913,26251,57018,53826,48867,23770,57154,31527,71649,25547,37751,34687,58971,30258,67574,39230,66002,35759,39444,24579,66705,53528,54794,40148,3594,18529,21845,15403,54264,67954,67144,26976,37871,43780,2386,286,50521,19674,55672,64613,62133,50720,54568,62608,56089,64103,31502,67961,66290,47416,54468,42488,6879,1712,50846,70472,49950,26908
,,,,,,,,,,,,,,,,,,,,,,,,,,,,,,,,,,,,,,,,,,,,,,,,,,,,,,,,,,,,,,,,,,,,,,,,,,,,,,,,,,,,,,,,,,,,,,,,,,,,58623,544,51837,59710,31223,11072,47843,25051,57089,65331,50545,56449,50653,45894,64014,72224,13871,38598,21529,20194,63211,69352,53008,18531,27026,28266,45339,44481,40756,1229,72244,38020,45214,27890,30367,9636,51959,54374,18601,29261,49346,154,49926,37667,56187,63844,65284,61318,59711,73327,23707,34439,29192,50879,41914,55395,59017,65332,68379,40854,37617,28914,57803,42794,68931,71335,53324,55169,51632,24412,64844,67194,44460,27899,67453,24571,68896,67516,53645,29754,70881,48869,63039,55880,43218,63553,56232,51464,36893,66257,55919,75364,67358,73229,40627,47923,44934,42877,69862,68606
,,,,,,,,,,,,,,,,,,,,,,,,,,,,,,,,,,,,,,,,,,,,,,,,,,,,,,,,,,,,,,,,,,,,,,,,,,,,,,,,,,,,,,,,,,,,,,,,,,,,52046,43411,48808,57666,34927,49054,46341,54935,43180,37364,10027,11125,54224,71397,58021,56251,58499,36312,68202,52855,71482,62512,54249,42281,42178,25900,51453,69122,58440,58099,68521,47442,45483,34286,14888,25407,30391,32255,62088,31489,54822,71846,64295,64442,59888,45901,49420,16219,49756,12539,50520,4255,70354,68844,67062,31502,54382,58212,62704,11147,66802,43059,61551,45682,64422,58201,47216,25531,64491,60153,69607,50762,48932,38720,68290,58171,54818,59793,48597,5539,44020,24420,19128,59152,9706,334,68942,28606,64619,32394,54597,23941,59723,19319,66855,68616,41048,5938,67265,44197
,,,,,,,,,,,,,,,,,,,,,,,,,,,,,,,,,,,,,,,,,,,,,,,,,,,,,,,,,,,,,,,,,,,,,,,,,,,,,,,,,,,,,,,,,,,,,,,,,,,,63857,62762,5458,24563,49915,50206,68374,44240,45407,20258,51332,31501,65353,11280,47348,47121,44050,40445,71254,56998,40644,49883,62922,71596,38780,197,51911,9685,57263,36595,24069,41909,25543,47696,17033,52665,68210,55324,64258,32632,65448,27251,52704,56858,66667,32325,27674,41133,73288,70431,56670,52335,68966,62838,54766,70930,55460,43213,18316,19307,68075,71107,55714,19272,39670,5355,5676,17586,52999,54133,20132,67454,68179,56265,72024,61096,34288,9102,66325,5911,46159,39834,67946,69572,55618,63198,36470,22879,41830,26873,18892,5461,32952,46021,56923,72262,9296,23328,6437,62758
,,,,,,,,,,,,,,,,,,,,,,,,,,,,,,,,,,,,,,,,,,,,,,,,,,,,,,,,,,,,,,,,,,,,,,,,,,,,,,,,,,,,,,,,,,,,,,,,,,,,35965,29896,69976,63329,5690,11459,36126,45528,67488,68145,41663,66913,47931,44753,69740,64758,64120,52412,72407,61386,57800,41689,44149,54392,68342,53611,31601,63987,73443,57303,42914,28737,40564,52382,55167,8278,45975,53840,7982,14547,31464,38958,60479,71426,52300,25034,65343,46360,49810,19024,66518,44568,68485,49437,63635,48513,67770,50533,47803,60772,74356,59336,19725,8162,24382,2764,63239,62015,62439,74136,67317,41672,66592,61256,17433,43806,68873,52793,12347,55147,58225,61109,66575,48980,17721,24063,60197,48433,67845,71226,40673,47991,66995,36838,18281,7739,58974,1074,67898,13539
,,,,,,,,,,,,,,,,,,,,,,,,,,,,,,,,,,,,,,,,,,,,,,,,,,,,,,,,,,,,,,,,,,,,,,,,,,,,,,,,,,,,,,,,,,,,,,,,,,,,56720,62809,42943,7987,55362,60842,53612,59877,64047,48840,42565,40928,19904,25184,33138,7366,42733,44035,65684,42144,71298,72227,54632,44272,63124,64602,590,46583,54227,57199,28567,16246,70800,31876,58867,43584,57709,53714,70289,63897,16685,42364,66378,26138,67247,54321,55536,51303,69224,65202,58027,53913,63617,55186,64391,21986,40237,56103,67076,69103,41297,4441,67081,60573,66664,52679,56470,5297,22910,43551,39539,63936,63140,56927,62180,52869,65730,445,61078,11646,13789,39279,61505,10224,54408,15231,62047,66622,32792,30683,24764,5544,68637,39146,62603,11670,67373,39929,64165,33695
,,,,,,,,,,,,,,,,,,,,,,,,,,,,,,,,,,,,,,,,,,,,,,,,,,,,,,,,,,,,,,,,,,,,,,,,,,,,,,,,,,,,,,,,,,,,,,,,,,,,20232,38673,56679,72140,61588,64169,29716,19577,54585,40120,71258,69579,61954,57260,36390,13056,56982,1137,59170,54399,67996,28048,46181,24131,71453,44932,72087,71516,63414,55021,65622,60462,73460,62000,60483,785,66474,31595,68939,23669,34174,53489,54410,30645,28481,9211,49525,44415,64524,59934,56261,57324,67824,39596,71580,40594,56336,44196,46970,17496,44918,15694,64940,31239,41793,63419,55990,1574,61769,45860,63647,53132,66065,60542,46640,68122,57151,39616,57078,66221,29515,65992,47443,42072,60366,62631,45071,65067,47832,61685,60492,41148,66978,67545,65988,30064,48977,44807,62114,28936
,,,,,,,,,,,,,,,,,,,,,,,,,,,,,,,,,,,,,,,,,,,,,,,,,,,,,,,,,,,,,,,,,,,,,,,,,,,,,,,,,,,,,,,,,,,,,,,,,,,,71800,28928,26753,39324,53411,50786,64329,51717,70940,68174,49301,49054,58619,48510,31074,31264,53285,12547,66050,9196,71179,65602,28731,27068,62795,45641,44011,43386,50703,47432,70103,60774,68938,54980,63354,64588,67113,53351,22224,10298,60083,1284,62458,60448,54316,13043,71516,68047,65222,15143,68817,68876,62959,44541,22793,48412,25873,60946,57203,46888,54249,985,24965,32074,61017,50830,60951,46422,60145,65822,65260,25794,67466,61234,63526,44041,68042,40796,69025,68827,65568,67132,64598,64280,17619,38525,70235,71200,71805,67498,53164,66956,61339,42818,65779,67285,55013,65516,47374,19065
,,,,,,,,,,,,,,,,,,,,,,,,,,,,,,,,,,,,,,,,,,,,,,,,,,,,,,,,,,,,,,,,,,,,,,,,,,,,,,,,,,,,,,,,,,,,,,,,,,,,73681,73217,67259,58752,44574,36777,44400,34905,68249,60756,43003,53786,48781,29529,63965,29009,61540,20034,72702,54870,57234,33603,61727,42613,62150,69576,66458,1820,65622,17368,39092,12027,51456,36854,51465,66878,57805,53462,53801,52479,63951,62783,36107,60458,71925,53631,72272,66911,64469,19210,59419,21733,67295,64568,17158,32695,54431,42385,53264,64663,71671,21002,42678,70973,63699,521,64637,32938,61529,66624,61548,30734,49734,64071,29450,50055,69228,57130,68755,70764,69972,63773,44718,4351,60650,24669,45685,68240,48759,55539,72781,74532,65605,67276,54513,46758,31723,36167,68201,44304
,,,,,,,,,,,,,,,,,,,,,,,,,,,,,,,,,,,,,,,,,,,,,,,,,,,,,,,,,,,,,,,,,,,,,,,,,,,,,,,,,,,,,,,,,,,,,,,,,,,,61052,47917,68409,69170,59463,32550,59518,69706,64613,59801,10044,20776,12281,24816,70371,21781,53421,63699,37643,29638,64097,72341,28570,29121,46718,65904,62659,74155,62312,4987,65849,35009,72086,42153,60173,51261,69614,1290,60761,53414,51262,41414,68346,54750,68143,57095,53524,51951,30709,23132,48207,16554,44664,30199,69136,44412,72208,68678,50747,41132,57263,55632,43122,43644,57037,49142,43575,55211,33476,40453,65045,70505,60506,59819,52316,57806,65552,28490,3990,499,16774,69279,40532,51954,72369,67626,44169,42718,53295,45675,66844,66055,40738,42438,41948,33696,47552,56123,65315,33086
,,,,,,,,,,,,,,,,,,,,,,,,,,,,,,,,,,,,,,,,,,,,,,,,,,,,,,,,,,,,,,,,,,,,,,,,,,,,,,,,,,,,,,,,,,,,,,,,,,,,37609,26112,33537,63251,55657,394,57779,64035,66493,39672,5624,41310,69846,56722,46843,18014,69901,25574,56488,26488,43178,39453,68674,67506,71455,48010,20939,50950,54961,45825,72288,63537,25529,39343,64785,67535,64823,43842,70573,63457,73221,54396,33093,44184,65719,51815,57363,11876,67324,35871,30888,4578,72696,68007,62559,18890,22775,39447,43946,71685,66519,32172,43244,60050,57786,47907,63501,68915,37738,35272,63703,53395,58894,50372,35976,29007,71607,31467,71726,54548,59033,68334,68245,29152,35401,30196,60851,28672,42261,46854,62172,50238,68754,58585,55309,34820,68201,66594,66532,56280
,,,,,,,,,,,,,,,,,,,,,,,,,,,,,,,,,,,,,,,,,,,,,,,,,,,,,,,,,,,,,,,,,,,,,,,,,,,,,,,,,,,,,,,,,,,,,,,,,,,,52352,43452,70133,68426,23137,31847,55388,53154,65947,58493,69619,21720,46681,7606,68487,43714,36490,1097,61991,45784,61389,54095,37436,58068,35994,41446,46385,403,67805,66978,48935,59620,38060,54538,17676,63184,57288,62354,37199,67961,63474,29333,71223,56598,23134,45302,65974,44074,69874,14810,42178,54167,55744,66049,42091,41998,41975,15594,55918,65774,71278,28731,63401,5991,53878,38350,63246,48643,64233,18662,25748,14839,68269,12347,56371,57400,56352,38681,29174,52975,31764,37846,25327,58605,72126,53058,53179,60265,40850,47655,52745,63913,59400,3195,35264,66259,70493,30859,57318,42084
,,,,,,,,,,,,,,,,,,,,,,,,,,,,,,,,,,,,,,,,,,,,,,,,,,,,,,,,,,,,,,,,,,,,,,,,,,,,,,,,,,,,,,,,,,,,,,,,,,,,67449,44146,60736,32284,55397,46116,62864,67907,58259,68637,57586,11662,62395,3197,27610,58895,65068,1591,73785,59384,67286,8647,72978,51350,47526,55504,56609,54792,54415,69466,53014,72313,65042,62981,47887,46192,65783,54562,62873,20778,66695,43006,24746,60975,38125,2169,31298,307,63971,52459,16932,63898,64959,66772,55996,48761,58143,9625,8852,5343,69671,35754,29472,33103,70848,68995,64933,48316,49580,53046,52997,6881,60799,37089,66690,35226,32622,48628,62383,58537,27430,316,63130,50621,56881,4703,21747,35743,61626,44790,33453,65741,34045,46141,61311,63059,69238,40159,67862,55324
,,,,,,,,,,,,,,,,,,,,,,,,,,,,,,,,,,,,,,,,,,,,,,,,,,,,,,,,,,,,,,,,,,,,,,,,,,,,,,,,,,,,,,,,,,,,,,,,,,,,62453,68622,49556,630,64084,66591,70875,66814,68454,70577,61643,53856,58534,33515,71108,63129,69224,59312,46797,65684,31475,36822,64414,59735,38885,41239,59619,53836,75330,41427,64629,67778,69923,69695,39268,6356,55229,1177,59218,39079,67080,61951,47146,17331,70810,66418,50322,63303,52444,60928,69984,72526,8282,8275,19715,9689,66465,31062,70031,71353,65030,72496,19892,49950,53793,12901,30851,21459,49247,55682,37833,48509,71888,60016,64393,44105,45395,54346,61675,59632,60122,1061,70791,59619,27063,13871,44490,35614,44003,65708,42579,72132,57229,74503,70101,66005,30927,47721,23590,51555
,,,,,,,,,,,,,,,,,,,,,,,,,,,,,,,,,,,,,,,,,,,,,,,,,,,,,,,,,,,,,,,,,,,,,,,,,,,,,,,,,,,,,,,,,,,,,,,,,,,,34592,33382,71806,67540,29264,37345,67356,58914,57077,55031,72105,66448,46579,17786,49600,56491,64448,71766,68450,31366,49617,56647,57875,41842,67497,31472,65661,68109,63212,48633,28703,33655,52124,31636,55800,52920,71289,33358,25408,23396,68147,70189,26622,21429,40265,33001,19519,46509,63590,65968,49162,63444,59327,30732,17907,69699,60193,48142,48922,27227,28606,61802,38521,17492,54772,23982,55968,63947,70574,41805,70641,53262,59383,35444,28141,42957,66645,54061,67015,32877,45879,52130,39696,49060,70363,59825,27715,46696,27549,49572,72847,8314,41398,37667,61722,26667,49630,3624,43908,49340
,,,,,,,,,,,,,,,,,,,,,,,,,,,,,,,,,,,,,,,,,,,,,,,,,,,,,,,,,,,,,,,,,,,,,,,,,,,,,,,,,,,,,,,,,,,,,,,,,,,,37352,44416,67351,168,68763,37963,66270,18415,59509,29704,66477,70148,48280,46791,44796,54422,66661,71841,61711,71394,62582,49724,52629,66272,53627,25059,72344,69113,55236,24531,71990,38862,53894,62005,72732,53826,72794,29323,52896,64802,70664,45195,65341,65144,55846,43926,17663,65276,67273,62452,37266,49951,28191,24425,50716,52159,67865,53118,72338,40089,65061,54045,68787,9353,52640,65123,65796,72478,33209,11075,52744,54904,43133,23292,66836,67984,45489,44251,60077,63130,67198,69565,29179,19689,17067,17640,55035,71946,44653,32546,62463,51762,45409,46419,21262,15467,42702,65706,14541,1054
,,,,,,,,,,,,,,,,,,,,,,,,,,,,,,,,,,,,,,,,,,,,,,,,,,,,,,,,,,,,,,,,,,,,,,,,,,,,,,,,,,,,,,,,,,,,,,,,,,,,17547,8854,62761,61782,62165,64135,48760,69352,58898,51966,55031,41459,45705,23932,69997,63151,68791,15460,64871,72515,47680,22659,70270,68501,36114,66164,70728,61311,61920,70792,24226,50320,62391,64580,58749,62533,32744,42955,32727,35232,46934,32138,68473,64960,41023,9918,67809,71857,57222,65175,45450,66032,71881,16957,41576,29094,63695,59638,49789,39754,69308,68502,48009,55712,68560,71107,71475,58663,67036,64401,10731,25915,47552,41490,35268,52190,68024,34398,65137,67691,67289,62791,72209,63095,64918,55311,56187,67645,63009,47640,25173,56913,44853,511,27822,33302,29276,23687,62070,35592
,,,,,,,,,,,,,,,,,,,,,,,,,,,,,,,,,,,,,,,,,,,,,,,,,,,,,,,,,,,,,,,,,,,,,,,,,,,,,,,,,,,,,,,,,,,,,,,,,,,,66998,69093,19293,19465,25701,58188,68692,27693,67491,46699,64146,12368,27603,61908,71251,72947,52866,27280,15580,55938,51809,51022,32106,60877,33773,8195,70022,37832,63405,65787,53423,43332,49060,26109,72986,57367,64060,54145,42293,25504,48600,61949,43324,36132,70911,44823,67043,61915,67447,2248,27526,27499,50052,37220,30954,55193,53566,62022,72862,10462,57171,29192,66492,52462,70491,67982,41768,14751,47055,69112,73471,63750,31887,46417,63146,49902,20469,18471,70154,69418,26902,53840,69277,68664,35531,70779,53148,40775,44239,58221,57490,457,35987,67027,30778,6050,63149,48675,50773,3932
,,,,,,,,,,,,,,,,,,,,,,,,,,,,,,,,,,,,,,,,,,,,,,,,,,,,,,,,,,,,,,,,,,,,,,,,,,,,,,,,,,,,,,,,,,,,,,,,,,,,66294,60392,50072,67814,62154,63851,62184,28639,53315,17659,22050,10221,23308,15693,37469,9998,68385,26551,61903,65408,68474,65992,27759,54527,67930,70757,67365,69983,51389,33633,65334,37473,45427,15810,57997,35162,50905,64249,63464,971,42072,53690,67589,66415,40014,28916,58998,47129,73939,73721,59896,71648,51213,38045,69241,63040,68845,30698,47162,42514,19157,18094,59787,36963,71176,51849,1325,1294,58072,64296,59496,43996,67254,54592,54336,56485,39005,38992,18140,48613,49095,38772,50824,37091,44348,43714,49838,37109,59481,57710,40781,36511,55708,18272,37917,65773,72200,34171,72012,68035
,,,,,,,,,,,,,,,,,,,,,,,,,,,,,,,,,,,,,,,,,,,,,,,,,,,,,,,,,,,,,,,,,,,,,,,,,,,,,,,,,,,,,,,,,,,,,,,,,,,,40628,49209,44013,56080,65129,52244,21411,35492,52213,6764,73225,50445,62207,49456,53723,8351,63681,47829,69553,64424,61952,23296,59278,49462,32933,46875,72943,68598,45831,64610,64648,57239,66167,62223,45948,56302,47158,2022,59422,48688,35512,32159,26036,66138,35469,28731,55939,56951,63781,211,46116,73990,64752,30425,33066,22902,66369,68144,72438,41349,71862,70023,48355,34116,48010,19812,35652,53931,8605,19264,61090,17697,46841,269,67700,66431,36502,63293,55428,57723,43511,63061,50403,30424,31969,41815,60773,7823,53510,60675,70817,38765,44612,63951,20143,29555,69843,71722,62844,55555
,,,,,,,,,,,,,,,,,,,,,,,,,,,,,,,,,,,,,,,,,,,,,,,,,,,,,,,,,,,,,,,,,,,,,,,,,,,,,,,,,,,,,,,,,,,,,,,,,,,,70424,56748,65497,71832,59861,68426,60834,13201,43427,65713,61795,11741,69765,63763,49059,57118,31788,51841,14159,29380,69430,18485,66473,67685,61819,53957,69353,24030,27172,46214,37971,29426,67023,56424,48072,57574,72531,29000,67805,43551,48860,46468,45694,45386,56469,52852,19941,73408,69993,16046,63852,43467,54845,65963,39565,62885,72097,66799,7462,13760,38204,36041,71810,41874,70390,53802,46771,29381,59106,37482,52387,115,44796,52843,69431,75674,40489,15809,47524,44023,69310,14562,59745,64629,73481,44495,53091,50944,63069,32125,55182,58367,64096,43163,28915,57147,45817,320,72303,69601
,,,,,,,,,,,,,,,,,,,,,,,,,,,,,,,,,,,,,,,,,,,,,,,,,,,,,,,,,,,,,,,,,,,,,,,,,,,,,,,,,,,,,,,,,,,,,,,,,,,,65831,46650,49367,62223,73601,40074,55138,47435,60773,65730,50650,39856,54601,31613,50032,59183,43850,60268,28141,62088,60791,29973,58869,50696,60584,65089,52884,26714,58936,31550,69264,21518,70882,57968,39833,31360,48101,44670,73590,11673,72797,59998,65861,62643,69579,57231,71277,36864,14734,33498,66476,69990,46100,33073,56118,12786,50526,28210,61107,15392,69250,68722,63014,35632,69264,25751,52074,54058,70911,33610,28408,60507,56515,65022,68695,69877,69135,76485,69987,1982,66163,66741,63094,64475,57878,16866,19929,251,65130,61190,70269,68050,52959,38307,61681,65184,59161,56022,63543,54635
,,,,,,,,,,,,,,,,,,,,,,,,,,,,,,,,,,,,,,,,,,,,,,,,,,,,,,,,,,,,,,,,,,,,,,,,,,,,,,,,,,,,,,,,,,,,,,,,,,,,54022,19939,64578,3116,50192,57282,21644,17646,63562,65148,72463,72258,39976,55021,28506,25317,28762,35309,53412,49127,39536,34208,31684,22272,61992,65384,61140,38260,69557,66026,66835,64947,48962,36377,39835,67481,36386,48683,59124,58806,63340,50835,57312,74923,68105,38518,72103,55058,47056,5272,51651,1507,62707,49332,34622,55513,42803,65840,71876,62783,25754,19943,68071,57405,59329,47419,72334,47946,66439,57018,62068,62305,75950,68310,66301,69368,34069,55889,18562,25048,69011,64455,35064,58957,61678,63560,73685,72653,68850,68565,54877,55057,70849,25964,61549,71089,68586,12159,55728,51640
,,,,,,,,,,,,,,,,,,,,,,,,,,,,,,,,,,,,,,,,,,,,,,,,,,,,,,,,,,,,,,,,,,,,,,,,,,,,,,,,,,,,,,,,,,,,,,,,,,,,38637,12006,63140,2995,63297,57004,50566,35810,73477,24885,72464,64946,7303,15699,62122,5129,60362,57267,66815,68137,60883,58741,48942,47534,65879,57704,31342,2207,55906,47618,14692,25459,63366,60864,63636,19229,10042,38888,68283,59603,22833,25945,65742,56380,10283,38395,63676,7564,48184,24441,65839,47682,66578,41631,28992,32535,50002,5626,38887,47063,59161,46165,45552,21700,63516,70779,992,15885,19927,9064,71356,66379,63627,59415,61318,58903,25681,443,27482,53437,65962,15886,65615,69500,70423,61055,66394,11003,65967,67205,31076,37679,8698,14109,69364,55087,72022,70040,25227,51233
,,,,,,,,,,,,,,,,,,,,,,,,,,,,,,,,,,,,,,,,,,,,,,,,,,,,,,,,,,,,,,,,,,,,,,,,,,,,,,,,,,,,,,,,,,,,,,,,,,,,48247,47043,69695,62065,62010,45949,54892,62472,63303,36025,44836,55551,26655,59274,68815,61604,69236,43534,61910,57285,73687,50723,64068,64516,62748,52122,69888,67140,62248,63178,60914,63063,63248,63429,60391,34430,59772,70025,65736,66093,71743,67249,8324,8287,73478,53027,65657,54874,70233,53113,64548,37876,72010,34922,63454,20526,15262,30378,56111,42751,37981,56634,7929,46640,64246,62784,64051,64610,26184,61464,34412,4802,67199,69700,31605,65896,52507,61783,68776,64119,66912,29517,30300,30965,62666,54660,70297,47211,53352,58221,69400,57144,70826,54955,59546,21909,75630,75443,57837,47474
,,,,,,,,,,,,,,,,,,,,,,,,,,,,,,,,,,,,,,,,,,,,,,,,,,,,,,,,,,,,,,,,,,,,,,,,,,,,,,,,,,,,,,,,,,,,,,,,,,,,13355,55770,16493,18920,70273,74244,54809,8747,63092,65501,68877,33865,70083,43775,52753,72381,37281,42510,70572,68819,71423,60811,73507,23411,49358,23683,69744,64679,58369,55932,19027,11861,61017,68960,70506,67740,40486,21071,33560,41616,69479,51709,71356,70232,38679,39623,45326,65603,69166,13065,70964,69145,41327,55341,63670,37987,45658,44313,66012,46546,39103,50879,71079,59938,66304,18364,68604,69744,59685,20442,64022,70546,51419,53853,24172,56836,18261,61589,37399,20637,65657,30347,54698,59130,68924,72180,46750,61234,50467,57158,31320,68581,22087,30423,62774,69101,5283,8370,42210,52276
,,,,,,,,,,,,,,,,,,,,,,,,,,,,,,,,,,,,,,,,,,,,,,,,,,,,,,,,,,,,,,,,,,,,,,,,,,,,,,,,,,,,,,,,,,,,,,,,,,,,73351,63631,36870,41464,49493,63974,32724,64262,40660,9001,19827,49174,69356,70593,62640,64354,62478,8475,44672,19108,63100,33738,61993,58353,16519,1513,45040,48754,43002,65390,53932,65533,64584,50778,64427,58837,60834,49379,48326,68344,63371,23231,52874,42755,39197,54181,74746,55039,71182,50429,28938,68197,69383,70128,34408,34358,65012,16912,63646,52575,46107,48607,52522,57967,59971,61906,61875,27646,50271,60563,24619,21268,55246,439,38361,28682,72357,65455,59757,5509,67502,39513,64965,72333,64599,65971,15666,2543,53865,45168,71659,50119,49049,53819,70962,19076,60694,67036,56471,58656
,,,,,,,,,,,,,,,,,,,,,,,,,,,,,,,,,,,,,,,,,,,,,,,,,,,,,,,,,,,,,,,,,,,,,,,,,,,,,,,,,,,,,,,,,,,,,,,,,,,,37800,70921,47808,61959,58619,46472,63727,20697,46013,51191,40191,29854,47272,66919,69886,68090,52296,47732,59949,18187,53909,56254,66255,72230,66392,42083,71908,48923,63008,53885,15760,51527,57930,33189,33208,13642,67043,55665,58928,524,46929,64882,44820,63635,58997,5093,59871,54834,60915,2821,59777,44721,38785,39037,50272,57943,70695,65581,68634,38272,9381,7865,67842,49879,65871,67204,72362,61895,60785,39473,41979,66000,69659,64481,49215,60442,66878,65453,59875,1263,70261,51774,26314,40524,63208,50285,54521,307,61080,53008,45146,51786,69943,54560,60366,28834,72128,41986,24566,5604
,,,,,,,,,,,,,,,,,,,,,,,,,,,,,,,,,,,,,,,,,,,,,,,,,,,,,,,,,,,,,,,,,,,,,,,,,,,,,,,,,,,,,,,,,,,,,,,,,,,,72043,69866,22626,5826,54652,1265,52726,20657,53974,29719,32778,16411,65470,69477,64873,45826,57837,30522,61798,17845,73027,72630,9160,31649,38974,47991,40140,53433,52348,52892,42305,44581,51945,39999,54425,70324,59578,67974,61757,62219,67298,48757,66445,52950,59694,61321,63691,69141,59622,54655,57001,40808,74027,28036,64084,68007,36353,23473,66858,61831,39387,37134,44804,62694,36708,56121,63274,53727,52286,37312,69544,63540,66403,69922,63440,18168,46954,2193,39881,67993,70877,57795,67144,27374,38627,60969,65833,46292,60835,52046,23051,23446,44664,46464,24115,37478,72084,70119,68091,64769
,,,,,,,,,,,,,,,,,,,,,,,,,,,,,,,,,,,,,,,,,,,,,,,,,,,,,,,,,,,,,,,,,,,,,,,,,,,,,,,,,,,,,,,,,,,,,,,,,,,,73885,73800,60822,44727,66924,13371,38134,37991,41174,43136,56385,68836,53132,54599,25332,58538,61371,17002,66177,53965,53344,67628,47256,65004,54546,72041,55591,47461,49992,18028,20817,42654,45955,53439,63869,71991,42191,70437,39969,36897,61767,62652,69639,61739,23224,62139,65578,67465,27706,26397,70520,62338,72409,59409,34645,44291,65230,67890,62225,55089,66057,40475,63082,42975,45284,100,45472,32624,61417,19713,26504,7825,61787,41586,41600,68789,73383,40970,22920,37726,57160,51253,59719,53610,67496,59536,30062,69620,50551,35233,73943,12825,38410,55547,68157,50822,67884,274,71371,62556
,,,,,,,,,,,,,,,,,,,,,,,,,,,,,,,,,,,,,,,,,,,,,,,,,,,,,,,,,,,,,,,,,,,,,,,,,,,,,,,,,,,,,,,,,,,,,,,,,,,,60841,40418,35691,33887,43036,16014,57548,43449,61871,67112,43636,50622,73983,68909,41763,47072,65648,67726,51385,69435,65196,43343,57800,41239,65912,46613,37234,21047,66501,71104,66483,67080,38195,36588,47238,32603,44849,20616,17300,59470,71496,65468,60953,38558,49341,33098,65350,28356,58122,16531,32910,19156,48586,58759,203,2849,34353,63334,61782,60117,70804,68000,43082,30574,39560,48713,66529,65522,68051,67451,424,41358,71766,46148,45040,51206,58386,62594,72557,48624,73062,69042,62975,50413,31065,56918,69216,21912,32751,45288,71674,58313,68361,50702,46736,18293,66231,66413,49606,47889
,,,,,,,,,,,,,,,,,,,,,,,,,,,,,,,,,,,,,,,,,,,,,,,,,,,,,,,,,,,,,,,,,,,,,,,,,,,,,,,,,,,,,,,,,,,,,,,,,,,,39545,49194,45928,49560,2328,100,17962,3960,55754,65919,20694,57265,48883,66921,32319,65117,42744,26242,71122,32542,52097,71836,68347,51255,63459,14009,66406,39901,63688,64878,68089,68311,44343,53851,65125,49642,70406,70506,68132,72327,70994,69242,72135,38470,58648,72851,41828,50303,66853,5480,67637,70911,69848,33280,1136,17132,69483,65133,42463,61564,58007,27540,24707,17271,10651,562,60945,67652,37464,53287,71634,69100,36628,27676,66937,47704,47435,48909,60331,47770,47465,57786,64418,70357,67355,59874,70718,25699,69690,73018,52336,66580,67043,63233,50528,52021,65384,67906,69360,43509
,,,,,,,,,,,,,,,,,,,,,,,,,,,,,,,,,,,,,,,,,,,,,,,,,,,,,,,,,,,,,,,,,,,,,,,,,,,,,,,,,,,,,,,,,,,,,,,,,,,,62896,67397,66285,19726,25320,35313,35055,62054,68896,40608,62041,55311,62828,58918,55537,53628,71691,10921,59829,28565,67750,12832,55820,62260,30211,59716,65219,12453,53562,61394,71367,73026,58226,41139,71767,65692,65201,35822,52206,57606,72958,56573,56296,18949,66193,68700,43909,25898,66637,69958,34905,36547,34188,56380,10364,47317,52173,35070,24939,21444,71686,65671,52623,60672,72352,66160,67145,76393,58716,67672,62609,67690,65482,72454,69413,54805,69763,63448,57363,19006,41568,72146,36342,68472,41552,26764,62091,35734,39180,46693,66219,61632,50027,46540,69000,17651,71224,34655,61973,62558
,,,,,,,,,,,,,,,,,,,,,,,,,,,,,,,,,,,,,,,,,,,,,,,,,,,,,,,,,,,,,,,,,,,,,,,,,,,,,,,,,,,,,,,,,,,,,,,,,,,,63697,56859,66526,48966,55542,48337,56001,49127,69850,50000,36693,58029,45991,40456,31020,24309,72398,68841,39082,38112,59075,33809,51348,60110,66235,47841,70423,70736,38588,40496,43736,31121,70280,68602,64676,35647,52043,31301,54262,54752,52496,18155,57915,42005,70270,48152,63137,66126,22543,28291,57051,43199,63803,68168,49409,49440,65908,45232,52612,18217,41707,64147,19092,50778,51792,17763,74192,69604,60115,68093,72886,67166,41864,10226,69676,28856,70154,67622,66290,40078,69559,25206,50065,47127,7327,296,54668,31863,65392,64584,63823,60848,64785,63932,63488,67335,74265,52023,64834,66792
,,,,,,,,,,,,,,,,,,,,,,,,,,,,,,,,,,,,,,,,,,,,,,,,,,,,,,,,,,,,,,,,,,,,,,,,,,,,,,,,,,,,,,,,,,,,,,,,,,,,65980,61910,52934,47168,69141,64402,54350,23058,60947,64124,72363,14716,58960,16879,53421,49384,70530,542,28962,62870,8138,10578,68676,40545,60446,49176,61873,65209,71110,67745,49886,70131,59743,46156,10126,12085,56697,41435,69283,13234,12509,69327,61190,62091,58751,8758,64887,49998,64197,68313,61731,17620,64178,65331,58612,8360,47475,60002,45554,43856,53828,65586,56720,31478,42029,33530,57306,32904,67787,29543,59582,68821,59033,35981,50371,58176,66102,67891,65603,70827,69702,55307,67197,67022,58837,43494,32913,28671,51090,40594,71091,16906,43468,41645,19889,41195,31440,70218,56709,50372
,,,,,,,,,,,,,,,,,,,,,,,,,,,,,,,,,,,,,,,,,,,,,,,,,,,,,,,,,,,,,,,,,,,,,,,,,,,,,,,,,,,,,,,,,,,,,,,,,,,,56935,72512,65076,51139,22080,39491,70455,57404,41368,13511,70024,75749,49752,50461,60371,23512,66717,62850,49185,31386,60937,60870,69136,59121,52072,59327,51259,63625,31832,59435,19778,165,53880,55725,33140,40174,68870,29615,38008,49548,49680,76426,70269,21867,71072,12731,57518,33664,60983,63175,55728,39470,47068,59145,68491,56964,32148,381,67273,66463,65270,48866,4583,9180,42525,36717,63307,1283,71851,67423,68709,11020,33604,21439,54425,65087,62257,70288,8633,46483,72503,70286,25799,42547,56762,25565,71338,45095,46189,12197,64904,69271,66294,63736,58068,35591,19251,31687,67369,5002
,,,,,,,,,,,,,,,,,,,,,,,,,,,,,,,,,,,,,,,,,,,,,,,,,,,,,,,,,,,,,,,,,,,,,,,,,,,,,,,,,,,,,,,,,,,,,,,,,,,,67600,46080,50678,2401,32780,42584,59139,61675,56203,49046,18365,18745,72562,62204,68153,53529,55581,32130,54143,63513,64222,55840,33970,17904,67836,68180,64700,1444,68630,8349,12244,11288,61404,20054,72217,70507,74297,19164,50999,47085,61373,65416,66741,44500,69660,53817,66200,62091,73222,54950,11849,19052,57551,40805,66161,18093,716,3146,60289,68017,42012,55072,64057,63344,67534,18578,61126,12625,61598,49941,63486,68534,51075,64197,49504,69157,62736,48258,63921,11994,74708,71047,35607,61470,38330,6077,71166,68934,29952,12430,61116,45717,64919,66671,64113,64864,48486,71615,67882,42742
,,,,,,,,,,,,,,,,,,,,,,,,,,,,,,,,,,,,,,,,,,,,,,,,,,,,,,,,,,,,,,,,,,,,,,,,,,,,,,,,,,,,,,,,,,,,,,,,,,,,45754,42850,53995,69534,65285,66805,64000,44767,67556,43354,42267,41594,56557,18469,62601,62337,22899,17539,54472,70734,31209,49891,19990,59632,53115,48455,49768,59156,42835,42966,67705,71776,62312,56979,58853,11109,66885,61001,60432,58960,67902,51599,40726,51837,54194,67264,56832,33801,63776,50681,65129,35436,71651,64876,62722,41729,50868,28393,70616,1371,57136,30427,30376,40448,59092,61233,27101,68018,21729,31551,45966,2357,37550,36088,61966,52195,43351,56621,65825,60731,55637,40036,44933,10834,48397,50002,56313,45796,24043,39374,49602,10993,63823,71405,53067,56616,67713,56886,42044,17156
,,,,,,,,,,,,,,,,,,,,,,,,,,,,,,,,,,,,,,,,,,,,,,,,,,,,,,,,,,,,,,,,,,,,,,,,,,,,,,,,,,,,,,,,,,,,,,,,,,,,29892,45123,58022,50755,62971,70633,57425,63139,68122,75197,59271,54105,68889,59537,61168,24086,59238,70389,63930,32526,67731,9783,60655,30136,20875,13292,48336,52515,57522,40828,48029,54414,58658,43819,70079,67152,20415,31884,40365,41526,53347,58370,44887,67748,51241,49317,29438,14827,66510,66328,49241,50267,58233,57503,69495,41942,51811,68782,68526,44503,8420,31016,62892,69537,58031,27047,64438,41651,50488,44808,59548,69576,61406,61889,59918,45183,33974,39344,69578,68459,37070,66410,20362,7352,31074,23448,58686,65276,61840,69123,71944,44882,49282,54283,59836,57309,70663,60103,39517,30098
,,,,,,,,,,,,,,,,,,,,,,,,,,,,,,,,,,,,,,,,,,,,,,,,,,,,,,,,,,,,,,,,,,,,,,,,,,,,,,,,,,,,,,,,,,,,,,,,,,,,67525,17621,51999,59872,60227,21645,30187,67180,29857,47552,37148,64217,70641,67002,63358,71749,67406,75442,67246,392,63228,59216,46471,44344,64495,34000,55023,37455,41924,23723,56203,53593,61382,12108,50305,17638,52785,72274,47333,44684,28027,8643,17250,62960,64989,52402,26966,63691,550,8389,61968,60110,67044,58477,61859,23065,67326,54962,60504,19471,70930,48022,48535,44455,63985,1526,34814,60718,67613,70478,26884,21091,63957,52922,17420,30900,16417,15943,50102,54694,58348,58816,42725,59223,69274,70851,30662,59361,72974,50248,41965,42867,41855,60090,73906,66128,43724,70959,50255,53188
,,,,,,,,,,,,,,,,,,,,,,,,,,,,,,,,,,,,,,,,,,,,,,,,,,,,,,,,,,,,,,,,,,,,,,,,,,,,,,,,,,,,,,,,,,,,,,,,,,,,73785,68322,69617,57162,66786,73337,59089,68310,42821,61662,44004,47753,41308,57488,50502,69157,71668,72494,48684,60127,52968,63530,30365,8138,69319,31716,62703,41662,70493,68349,35462,57076,37606,68580,61193,69758,60980,60471,59385,52826,32494,36437,58666,62868,57999,69668,74321,55884,42079,19076,61804,49082,61189,61979,53510,55158,69232,69609,11984,30150,49974,48866,72706,57087,51741,50307,61722,52163,70326,70505,27982,45588,68887,61769,72868,60418,49007,59126,50869,51384,50185,986,63225,63277,62869,44098,64953,36534,73321,57242,63537,53629,69411,48766,20995,25150,49759,52377,59929,56233
,,,,,,,,,,,,,,,,,,,,,,,,,,,,,,,,,,,,,,,,,,,,,,,,,,,,,,,,,,,,,,,,,,,,,,,,,,,,,,,,,,,,,,,,,,,,,,,,,,,,70656,41445,44411,66510,45890,11292,72367,62777,65913,71439,70164,46954,67866,61645,70560,71633,67407,39735,35997,43547,71762,51927,66658,41568,36811,41424,49404,37877,59897,57378,74023,71852,714,598,62148,69581,63421,53406,58008,63112,57677,52121,70582,41996,59397,54956,68971,49461,24589,47009,37113,52281,58969,58022,40155,54514,25975,8478,65586,47214,69612,57693,53475,41829,61282,53292,65901,69902,51820,68845,44110,42905,38858,38076,58732,51785,59850,33992,70343,73188,59468,27295,62838,57396,58769,66712,42916,45981,51332,55342,74932,51844,69192,66492,67180,40005,25229,48909,12734,8814
,,,,,,,,,,,,,,,,,,,,,,,,,,,,,,,,,,,,,,,,,,,,,,,,,,,,,,,,,,,,,,,,,,,,,,,,,,,,,,,,,,,,,,,,,,,,,,,,,,,,38376,68134,24890,29200,58767,41800,59600,31727,36530,14403,61377,39191,57693,46669,55889,59773,40260,58450,58151,56809,55351,56313,68414,57493,69558,58771,71048,57086,63731,69387,65055,60797,53925,18313,72021,59435,55055,10028,39911,47176,43527,44517,66611,53413,53990,68092,38110,22184,57717,66272,56784,31021,26752,18453,50702,45181,67461,20607,60408,72224,14669,40919,56402,43810,36750,34186,40605,53223,3963,456,52816,49809,63679,69150,64516,72111,55129,60798,45303,50227,63281,34213,55245,65388,58722,56226,35018,444,71512,58870,29853,3023,53350,64823,50832,21335,67691,62430,58111,21703
,,,,,,,,,,,,,,,,,,,,,,,,,,,,,,,,,,,,,,,,,,,,,,,,,,,,,,,,,,,,,,,,,,,,,,,,,,,,,,,,,,,,,,,,,,,,,,,,,,,,68345,65967,57476,66833,47692,15192,53661,14619,69709,68569,23968,31970,53681,60574,70809,69779,39487,64476,27647,59267,73048,43985,65641,13316,58886,63584,41064,54890,54037,71954,65073,14041,61417,57121,49686,70615,70034,50919,66472,75575,34623,56749,65720,41177,72925,66578,33583,45977,56137,69276,62544,43647,62489,70328,29211,36466,69615,50170,74942,73932,61621,39534,48139,24339,35722,51438,46278,2071,32998,41220,52491,21251,46572,45214,45633,53869,58351,37993,49137,35356,59133,62348,69776,63380,62740,10580,67729,28175,70657,71508,40086,21222,69853,53413,50120,64006,62307,18908,51728,4792
,,,,,,,,,,,,,,,,,,,,,,,,,,,,,,,,,,,,,,,,,,,,,,,,,,,,,,,,,,,,,,,,,,,,,,,,,,,,,,,,,,,,,,,,,,,,,,,,,,,,43555,33837,60008,37280,59028,60207,72659,23062,27429,67172,69009,44097,43341,68593,28919,66519,56945,56683,70608,58300,63238,48988,71765,49509,49034,22306,69704,59204,47502,70289,70586,52367,75537,52756,71305,45585,62169,58842,68308,60853,74900,60513,61567,61490,53109,38308,42088,26559,70907,30603,67553,19413,18297,10487,64479,70130,51648,46083,62499,49426,68247,65381,31740,57427,27137,38817,69922,57788,62743,14026,40509,49834,69609,55908,50932,23270,34386,44704,70261,29775,49859,56681,63704,36409,56838,42528,68879,66615,59726,58178,36464,11816,62575,55353,73143,38431,49667,15569,62485,57370
,,,,,,,,,,,,,,,,,,,,,,,,,,,,,,,,,,,,,,,,,,,,,,,,,,,,,,,,,,,,,,,,,,,,,,,,,,,,,,,,,,,,,,,,,,,,,,,,,,,,61860,49675,13344,42704,43497,67500,28489,44767,42026,68233,51553,63429,8401,10186,68024,14478,40342,21719,45513,39292,60020,53512,55540,39167,46405,49630,25912,13315,48485,70522,67160,37241,50835,55607,71925,36385,70387,42016,76018,74435,57465,29467,37183,22657,59603,31088,49177,8677,41343,35508,53930,50371,69794,68966,58589,70908,14501,50443,67987,59808,52657,46254,66924,62629,49366,55117,70079,51427,31812,66222,59545,46206,65775,40466,55347,7879,56455,30981,28942,36606,67392,70525,24381,39395,38018,40839,69068,69144,10014,16066,55089,27371,40642,21482,72054,43985,63978,23281,32849,42901
,,,,,,,,,,,,,,,,,,,,,,,,,,,,,,,,,,,,,,,,,,,,,,,,,,,,,,,,,,,,,,,,,,,,,,,,,,,,,,,,,,,,,,,,,,,,,,,,,,,,56728,68948,46893,57831,56310,70948,65917,52233,74422,58578,72369,42162,72491,10565,52089,33203,69033,60607,62846,23196,67436,59285,70246,74706,37400,35904,55561,59564,70219,69501,61761,57677,66309,69748,56103,18620,28778,57295,70197,43429,65558,67649,52957,54269,41139,36801,67616,38629,35440,20702,51590,60366,40682,32633,74922,40336,51674,18801,68294,65905,60042,1655,35860,35583,68267,46633,62021,65337,48656,9584,49266,57469,59208,46506,64038,15246,46493,38660,56578,49221,55914,71987,58301,62660,35121,26694,54227,37783,46765,52795,68208,12771,70016,33365,58943,63165,37465,50813,58478,18986
,,,,,,,,,,,,,,,,,,,,,,,,,,,,,,,,,,,,,,,,,,,,,,,,,,,,,,,,,,,,,,,,,,,,,,,,,,,,,,,,,,,,,,,,,,,,,,,,,,,,67567,66585,42314,45991,70323,54605,45249,4758,42145,747,74265,72283,39574,55636,39470,38082,57454,4696,465,2622,70769,44229,17256,49677,65175,67291,66860,42967,70556,65131,70926,68495,64948,31311,26803,271,58307,51227,52196,41971,59585,39672,66852,65652,52605,843,66008,55188,29913,40827,69339,69358,11225,53535,73026,58108,46623,60319,68373,57004,68087,47842,69407,43280,56629,45596,63689,72289,70514,66625,72715,62297,75552,54651,61028,27399,72371,42003,60209,41129,43838,10614,1614,16845,70361,42504,36893,18397,59593,51103,56953,37831,59216,65982,43199,58250,72240,10503,41564,49466
,,,,,,,,,,,,,,,,,,,,,,,,,,,,,,,,,,,,,,,,,,,,,,,,,,,,,,,,,,,,,,,,,,,,,,,,,,,,,,,,,,,,,,,,,,,,,,,,,,,,68604,73303,56180,54108,18011,52493,28384,29604,60333,36852,63811,57034,43870,45481,49925,68452,66172,56608,961,334,67806,46747,42598,66768,55147,53187,68059,69949,65605,57132,38523,36547,31234,14349,55946,48927,45358,47097,63053,44938,73052,70849,71261,13686,42374,52850,44968,45499,67814,12966,35030,66228,69639,50923,30020,14225,32931,64725,7324,15089,56447,65687,71261,70470,50269,67418,66662,69399,47898,66575,52164,49898,23294,17045,61496,7526,34090,59851,49901,67886,69082,41956,47812,59481,69671,70726,45283,1307,56909,68516,71748,66734,58098,13059,69873,36500,67081,72774,46610,67855
,,,,,,,,,,,,,,,,,,,,,,,,,,,,,,,,,,,,,,,,,,,,,,,,,,,,,,,,,,,,,,,,,,,,,,,,,,,,,,,,,,,,,,,,,,,,,,,,,,,,75712,54541,62669,26342,68157,48491,65383,47703,33968,27091,59185,33995,68224,58607,49522,42324,63047,58634,18065,59011,66143,1563,65713,72002,56098,36708,41500,3221,51364,57746,38319,561,63177,46386,68065,14149,55682,54032,55924,43233,66972,70600,69631,66856,70848,42299,20762,59104,66836,60438,72169,26130,67681,39057,67785,39196,45624,53217,70285,70209,47577,55291,70456,71086,36122,21592,67809,32772,61357,47597,50168,70053,60971,69408,72463,70449,45142,60398,60690,61541,70329,73363,69861,65786,68737,62172,69488,50561,66960,32532,69301,46070,12019,46311,69533,6508,63583,61322,638,17582
,,,,,,,,,,,,,,,,,,,,,,,,,,,,,,,,,,,,,,,,,,,,,,,,,,,,,,,,,,,,,,,,,,,,,,,,,,,,,,,,,,,,,,,,,,,,,,,,,,,,73445,74669,57987,61266,67438,68770,55325,10906,60603,65572,65104,70576,66637,54677,70972,47818,48202,53171,66284,35874,63275,64424,43512,14166,64220,45143,35705,42030,17434,16633,72081,51884,66137,68964,68929,33751,21244,32966,62755,61004,63870,34106,71797,58962,66964,7632,42266,70561,38797,26230,55861,52884,56217,51222,60143,68031,75421,71241,71403,73255,2040,2145,72485,48666,70186,18102,437,49569,34483,33137,58828,71643,41881,43705,50986,40692,2948,9154,62360,70323,40804,56903,63645,70652,62607,24649,57699,61932,62935,47874,46099,59701,68605,21745,65007,64784,68922,59312,67130,41773
,,,,,,,,,,,,,,,,,,,,,,,,,,,,,,,,,,,,,,,,,,,,,,,,,,,,,,,,,,,,,,,,,,,,,,,,,,,,,,,,,,,,,,,,,,,,,,,,,,,,30978,36598,54954,71076,4752,192,49702,8103,63747,61912,65741,15320,52366,55891,58969,61070,24538,10100,24688,43531,64951,58333,62735,31698,65037,39609,65195,44810,47569,64687,58667,50049,58849,62566,50407,60660,69743,68745,45712,18974,70450,57942,68460,46364,73123,66924,28506,33349,66895,21364,50293,60511,56163,43585,55293,30324,68890,72951,47774,49949,71571,69721,23576,24558,51332,50570,19083,11024,49482,62218,38024,21892,17384,46496,58313,36014,48004,44175,67792,42764,43894,32093,31704,69232,67809,52380,62604,67557,46017,46588,49029,57191,16656,9254,27908,64297,56312,43128,44621,45096
,,,,,,,,,,,,,,,,,,,,,,,,,,,,,,,,,,,,,,,,,,,,,,,,,,,,,,,,,,,,,,,,,,,,,,,,,,,,,,,,,,,,,,,,,,,,,,,,,,,,63658,56151,68494,66224,55234,20772,70024,64698,59612,45228,67438,76834,64522,61322,58008,46249,66190,45597,66805,47839,42121,51776,64545,70534,1168,8183,61894,71114,75168,66870,20093,18550,36450,49377,54735,19952,24466,275,15322,26639,64245,67681,65143,66073,12925,49308,56054,38934,74179,39543,21052,36881,19253,362,61935,39955,20101,64441,54204,37325,1056,46396,69468,60495,31680,50697,66913,62169,71081,70695,47373,48543,16409,28884,51640,51269,48728,46910,54763,8471,49120,35468,64516,21928,62433,50125,32000,38599,66269,30087,53645,55171,72042,69384,48549,59170,73363,42106,57402,30736
,,,,,,,,,,,,,,,,,,,,,,,,,,,,,,,,,,,,,,,,,,,,,,,,,,,,,,,,,,,,,,,,,,,,,,,,,,,,,,,,,,,,,,,,,,,,,,,,,,,,60886,45650,46081,66662,20570,38983,73637,61147,60793,63678,60780,47627,40745,33670,41597,50842,75210,76396,61677,57410,49891,45226,64315,61309,57523,32210,39881,27895,13389,20384,53104,33917,57768,66022,57305,879,23621,53206,72100,35486,64023,69245,71232,54545,70798,21160,62104,42345,74949,69718,59987,63390,8776,24017,67901,41657,68280,37129,54614,69448,55734,15670,74012,48959,61692,70140,60504,47643,5718,51080,66614,59810,69411,39443,70040,62805,55925,71339,54604,68290,31263,41572,65463,45118,48282,38102,36004,52398,52742,1607,43573,52203,40281,22190,62546,41900,61787,69365,28119,432
,,,,,,,,,,,,,,,,,,,,,,,,,,,,,,,,,,,,,,,,,,,,,,,,,,,,,,,,,,,,,,,,,,,,,,,,,,,,,,,,,,,,,,,,,,,,,,,,,,,,70571,74187,17904,28484,45918,43061,41220,58782,59080,51128,49283,9059,168,36523,45012,42476,36733,56964,71564,45236,65287,21054,57895,17358,22586,10858,43364,45573,64438,67593,73207,57598,46976,51676,34158,34335,41606,37828,28718,29056,57687,59747,74808,42918,70293,62048,65452,73914,46844,57761,47765,32614,71894,34563,21836,38477,68934,42395,24646,19127,17162,12045,63229,1410,52039,37185,55114,53270,48750,64571,64816,64128,28154,2208,47535,63784,68123,68466,36061,8236,66291,29516,58599,26815,72962,29241,34251,2073,36195,32657,70021,50005,70149,57238,58249,43604,70973,32663,28632,18900
,,,,,,,,,,,,,,,,,,,,,,,,,,,,,,,,,,,,,,,,,,,,,,,,,,,,,,,,,,,,,,,,,,,,,,,,,,,,,,,,,,,,,,,,,,,,,,,,,,,,56147,41800,70979,7672,65828,15037,63051,62897,56847,36047,65566,75002,71723,14061,58624,17898,61259,57574,35004,46585,8940,1222,48441,28385,71510,68201,46259,68339,56619,62067,37823,20089,52263,52286,41688,21706,3776,59111,39315,29057,42251,64475,67249,69164,69324,28292,63332,58758,50871,43125,41672,318,43429,45506,51205,27710,58491,54295,52846,48572,57142,62027,49978,8699,59822,35043,56520,33802,72518,31745,48435,23357,52453,18664,53159,54574,62202,63237,15677,22464,30882,43294,71642,11934,59125,57456,44484,59449,19479,20223,52466,62221,62895,61849,58358,70141,51237,61730,68656,70289
,,,,,,,,,,,,,,,,,,,,,,,,,,,,,,,,,,,,,,,,,,,,,,,,,,,,,,,,,,,,,,,,,,,,,,,,,,,,,,,,,,,,,,,,,,,,,,,,,,,,13994,889,40123,53188,69456,66652,74129,53216,63635,38196,57441,22073,50689,70574,38962,65380,65438,62603,50345,6491,64971,64738,69225,43014,43636,61621,69240,64344,36889,23306,74389,42837,41883,56710,33763,36643,70073,72906,60215,16582,68511,54817,56737,36540,56738,42774,23041,52636,65463,72283,62216,63823,58879,31970,33498,45331,17927,9692,68472,54257,24692,18996,5417,188,39059,45452,59254,15874,67350,54243,55178,62099,71256,55277,47998,41182,31749,11363,55586,574,72007,56987,48492,58476,49286,19472,57740,54302,61918,34217,63051,56574,43719,43941,36428,20834,56921,39742,42144,4064
,,,,,,,,,,,,,,,,,,,,,,,,,,,,,,,,,,,,,,,,,,,,,,,,,,,,,,,,,,,,,,,,,,,,,,,,,,,,,,,,,,,,,,,,,,,,,,,,,,,,60168,54389,69138,53364,29127,36132,55866,60305,38131,47928,65990,50254,70366,61845,8452,69176,67747,71353,34439,38890,74850,57399,25928,49319,56634,56057,39377,28353,34844,37250,66912,19793,38635,64886,59464,70982,57251,67294,31441,56337,65611,41210,38905,64927,70593,25391,38528,38886,29397,21654,61732,55192,57563,31188,69249,53517,49256,53955,47140,60691,66977,72264,52660,32924,71550,52372,38155,246,71747,69399,41470,36058,57392,13706,42887,57087,75669,68733,64270,41712,47814,47307,41457,64695,22311,50964,67459,51694,68308,30974,60387,58501,40681,4521,63748,70365,62686,11199,62559,4675
,,,,,,,,,,,,,,,,,,,,,,,,,,,,,,,,,,,,,,,,,,,,,,,,,,,,,,,,,,,,,,,,,,,,,,,,,,,,,,,,,,,,,,,,,,,,,,,,,,,,210,8721,56914,42367,41894,1245,19182,11873,39598,49088,57802,52203,68692,52642,41161,24099,62723,10630,27339,48495,63505,57741,36343,36662,48542,20701,61993,45922,10665,65300,69574,69436,48494,40682,56047,670,12221,59334,65561,32146,60451,17865,34431,22512,59907,50767,39516,47707,69406,47118,41038,19639,73693,52505,59131,44748,55518,53676,68799,45715,51805,53108,62791,69591,10688,18421,59669,65219,70850,64849,63994,67680,40380,1884,65647,63793,72454,68506,61326,46882,40848,22331,70610,12017,64136,70054,13651,53080,66814,45071,74258,48576,51981,508,70706,38754,69369,27674,60501,70358
,,,,,,,,,,,,,,,,,,,,,,,,,,,,,,,,,,,,,,,,,,,,,,,,,,,,,,,,,,,,,,,,,,,,,,,,,,,,,,,,,,,,,,,,,,,,,,,,,,,,47240,47941,42869,50919,60474,48094,53025,35495,55784,30808,43183,70124,70338,69997,66547,38696,37370,37299,42848,16191,70314,74031,65876,62116,58518,62721,53142,43620,16086,41282,72009,69244,39306,35713,39300,50165,64601,61108,71826,69926,61286,73438,66350,62891,61472,64989,64002,73363,39437,30841,61186,24179,72195,50410,64061,49231,27093,24866,71750,65299,73571,62334,38629,29139,67818,70550,71449,69076,53423,55683,42660,31274,71164,57219,69850,44146,3395,2227,2528,3087,54640,48500,45397,42754,61640,68182,18989,59469,57117,41088,67537,36898,63153,37901,54295,44537,71199,36479,55893,52119
,,,,,,,,,,,,,,,,,,,,,,,,,,,,,,,,,,,,,,,,,,,,,,,,,,,,,,,,,,,,,,,,,,,,,,,,,,,,,,,,,,,,,,,,,,,,,,,,,,,,62442,65682,57683,17567,64286,33451,67060,41885,20118,9435,45998,32840,28884,31002,64146,68632,56982,14919,61753,64059,19901,52847,44220,41995,53254,66232,50120,37877,52814,65079,74883,71459,33058,58685,65960,18436,58560,61926,71355,35542,59565,55879,41491,22737,38530,41637,23818,15315,47046,40901,65068,60708,60312,54426,11266,37897,54996,72077,11783,14815,62891,57589,66277,74914,53201,59520,49726,34026,53930,21873,59960,43309,50458,50975,68111,26308,39607,46630,69708,72143,35659,45354,57447,61603,61037,10255,72463,53010,68695,71297,52651,63871,72090,44196,68384,46424,65363,60313,17988,33172
,,,,,,,,,,,,,,,,,,,,,,,,,,,,,,,,,,,,,,,,,,,,,,,,,,,,,,,,,,,,,,,,,,,,,,,,,,,,,,,,,,,,,,,,,,,,,,,,,,,,28794,52576,65374,68734,61773,60244,53674,41017,33957,61401,74121,50562,66000,61454,57808,40310,63090,55401,73501,38259,75172,70005,65694,63224,35825,61621,70004,910,62482,57917,61105,18106,58067,42795,44199,5718,55197,18463,63511,10284,46517,46226,52144,66959,35426,44642,70652,67153,32555,52709,65907,53058,70995,66075,49858,14793,42374,44085,42308,62543,36323,70721,41778,41008,19356,62496,43259,25693,62988,55925,54425,46121,68107,5182,28823,1377,33684,63095,53462,67744,35702,32211,60084,69664,57473,43257,59939,53435,55077,44500,69391,44201,69525,50641,52924,45830,62841,29093,69904,68367
,,,,,,,,,,,,,,,,,,,,,,,,,,,,,,,,,,,,,,,,,,,,,,,,,,,,,,,,,,,,,,,,,,,,,,,,,,,,,,,,,,,,,,,,,,,,,,,,,,,,48743,16145,49228,66169,65236,48912,22976,44237,64330,36115,67574,46819,62761,39876,54914,21601,52792,38535,55031,66473,70602,66870,30244,59639,49216,57063,70030,54024,70348,58649,18410,11737,54214,19297,284,12489,69487,34548,73620,40264,70365,59020,38662,68531,53458,28283,57687,48181,12524,40691,69253,72414,59396,44017,9556,68651,71392,65643,43312,26982,42946,43707,36632,30930,52855,51596,68276,62285,60530,29188,72308,59132,40272,430,24073,5740,66716,74536,44864,68473,39449,61924,9004,23045,53241,62198,74033,74112,48845,8725,21621,44922,63418,9367,53525,55770,12471,47931,14203,59979
,,,,,,,,,,,,,,,,,,,,,,,,,,,,,,,,,,,,,,,,,,,,,,,,,,,,,,,,,,,,,,,,,,,,,,,,,,,,,,,,,,,,,,,,,,,,,,,,,,,,72599,58642,1372,9091,64799,55967,40376,20786,17002,3159,41759,36354,67429,63545,55422,54978,39338,63851,56845,51943,56323,10307,64291,930,14074,16040,70622,64290,64360,54367,67265,39952,45840,44168,72178,62045,67899,42534,37138,59194,60678,3691,61567,21994,44492,72904,72006,36729,45375,51866,55995,66763,62536,25765,69171,73407,48976,59020,56254,18126,71960,16507,68538,61225,54810,55256,28191,35492,18268,46850,69306,17226,22407,43086,23741,495,66639,23067,47433,69488,53532,24099,29885,34402,58992,72564,14346,49183,70866,67101,16949,35076,57395,60328,67085,62086,57651,48875,37981,43411
,,,,,,,,,,,,,,,,,,,,,,,,,,,,,,,,,,,,,,,,,,,,,,,,,,,,,,,,,,,,,,,,,,,,,,,,,,,,,,,,,,,,,,,,,,,,,,,,,,,,61761,35968,32066,8173,62548,56230,64284,69970,77300,62404,30696,524,58351,62869,69036,47494,55446,30939,57671,63055,52727,33347,63465,61971,52037,62621,46069,65607,41561,59912,47752,62285,19734,11758,65123,59295,41685,50965,56441,49126,26563,30334,63124,65071,71601,67643,38525,31585,70194,13800,62958,53563,69535,74182,69853,63637,56828,73778,51406,47951,60247,63080,37221,45355,36092,12290,18607,40596,63408,65417,44032,7801,51927,19233,37351,21302,48845,40171,54994,32053,20555,57081,50964,22006,53791,53591,47337,55714,18820,20045,70344,70837,68998,55787,54410,889,47381,40793,68717,46650
,,,,,,,,,,,,,,,,,,,,,,,,,,,,,,,,,,,,,,,,,,,,,,,,,,,,,,,,,,,,,,,,,,,,,,,,,,,,,,,,,,,,,,,,,,,,,,,,,,,,43566,44015,42293,52030,56942,667,32502,66138,69220,36663,38738,60651,68746,60452,44296,52160,41949,60769,45408,40835,47337,56899,57000,23359,40813,64824,70315,42478,50101,37876,38883,48457,71676,27728,41864,46579,68156,39016,71755,68923,53353,53252,67073,66915,48281,14460,64800,48636,59078,54697,63754,35281,35020,17779,41679,44134,64233,7582,63608,36394,54461,16976,40567,58727,71014,33347,19091,49327,46815,64671,41259,55491,12994,65287,63384,64632,65647,56825,48246,29775,68694,68463,32767,41484,43433,56552,74751,65470,50706,49521,53188,36626,71642,60415,20130,9889,51307,7583,73538,39726
,,,,,,,,,,,,,,,,,,,,,,,,,,,,,,,,,,,,,,,,,,,,,,,,,,,,,,,,,,,,,,,,,,,,,,,,,,,,,,,,,,,,,,,,,,,,,,,,,,,,57747,55256,49704,43630,73543,69223,60439,36326,51614,54089,44016,46580,61769,28702,54909,72110,53628,63731,73346,62871,58279,59092,40983,52640,52742,7549,49630,50038,57110,37966,65139,913,13787,49509,33234,7252,59842,52901,42951,24222,52133,31007,48454,15565,61382,32665,59782,14429,69063,43050,59861,57930,58937,17579,67406,71707,63077,35751,51498,61343,63506,48133,60143,22186,51683,29580,73559,58032,57124,52357,68795,66185,63870,39486,69799,57370,71999,60299,66341,67091,68496,68692,60392,54157,48132,63646,73336,43335,33936,32072,18690,16920,63477,57244,71596,73324,35031,42768,44889,26493
,,,,,,,,,,,,,,,,,,,,,,,,,,,,,,,,,,,,,,,,,,,,,,,,,,,,,,,,,,,,,,,,,,,,,,,,,,,,,,,,,,,,,,,,,,,,,,,,,,,,63809,45497,70315,56638,57243,63097,37070,23157,10210,30595,65644,37709,37977,55040,66826,25398,35822,4247,40590,51956,51455,63114,67585,1619,61094,20455,66856,57417,67507,27676,39969,31545,66889,62610,69607,21496,69768,57999,66949,71841,64815,23079,73115,51133,70728,25103,10654,23349,21600,38681,62758,25569,66609,46696,19617,261,38932,27327,54529,18631,72450,70624,37397,16086,65454,27531,64494,38901,28634,37650,41857,17338,73812,71425,561,16758,15909,2638,23110,19733,40561,55736,63434,35907,61638,49409,64639,66284,38412,35204,70588,63336,66240,67942,63088,66746,46266,22985,30669,63425
,,,,,,,,,,,,,,,,,,,,,,,,,,,,,,,,,,,,,,,,,,,,,,,,,,,,,,,,,,,,,,,,,,,,,,,,,,,,,,,,,,,,,,,,,,,,,,,,,,,,69288,56041,52226,43600,24486,20608,73032,52866,58630,38413,64905,13132,71940,69092,24900,35764,43710,50223,71596,72687,62062,286,57155,39185,66474,66254,37821,64344,58050,60472,67996,34544,21569,70875,65495,51488,16022,44661,54440,35107,71351,59108,467,16361,63577,71255,49204,54882,16163,23034,73924,59024,27154,57716,60755,63430,73183,12144,45800,8560,24038,38105,62438,58895,60447,23237,38563,18382,70168,35788,64586,44076,65007,70139,51723,63864,64278,71084,47810,32590,64154,37976,32976,55723,47518,42730,68341,38683,9030,15456,47046,43361,65498,40856,50572,51372,68480,73157,40513,63271
,,,,,,,,,,,,,,,,,,,,,,,,,,,,,,,,,,,,,,,,,,,,,,,,,,,,,,,,,,,,,,,,,,,,,,,,,,,,,,,,,,,,,,,,,,,,,,,,,,,,72301,37626,34667,41973,66987,68582,21030,20836,69217,41171,31978,25618,26218,37599,61249,21110,28680,9242,69909,37692,58227,69868,55928,37870,65270,39842,72211,51396,10571,14204,67450,65682,69817,41941,69382,50607,69100,49333,53157,54806,72840,15166,62265,16529,72122,65967,11194,49411,65170,38806,58362,37027,51864,8112,37318,10292,14633,41065,69539,61992,35859,49977,38244,17580,3038,638,19206,23798,72858,67190,65862,64074,36007,1305,67710,70722,22379,56431,71980,69499,54041,65497,62782,69713,22432,47708,70651,30495,60736,17183,34398,44390,64362,50719,69911,32748,66810,61609,72458,70996
,,,,,,,,,,,,,,,,,,,,,,,,,,,,,,,,,,,,,,,,,,,,,,,,,,,,,,,,,,,,,,,,,,,,,,,,,,,,,,,,,,,,,,,,,,,,,,,,,,,,48937,60797,40482,9297,58862,24827,29460,59897,39956,37106,57498,47264,68638,52463,53975,23165,61391,34211,54357,53538,68815,75505,65801,59237,45302,16337,55965,59705,8492,8397,26800,48257,16574,158,62265,34838,65485,64655,69808,73059,55192,20546,43660,42457,71908,57760,12293,10419,37524,40367,59743,27448,49879,38794,38734,36810,16341,48541,67724,40677,11220,6556,64106,42769,56650,542,61999,72330,71550,49619,66463,63499,57220,46257,31256,203,7216,16812,64097,57806,63913,17032,69347,34728,72734,74722,74100,66588,66331,9429,60785,32421,61169,64974,64394,47925,67010,51560,67049,12338
,,,,,,,,,,,,,,,,,,,,,,,,,,,,,,,,,,,,,,,,,,,,,,,,,,,,,,,,,,,,,,,,,,,,,,,,,,,,,,,,,,,,,,,,,,,,,,,,,,,,68425,69174,47608,31853,48611,66881,60355,37235,56743,61707,17848,52454,56553,38894,63360,63962,38578,46482,63691,21214,74259,63231,66813,8060,61236,55584,68106,50646,55550,50164,71495,52711,74809,65027,73724,51073,62074,55636,51998,47143,67947,5684,60435,58876,66647,49507,52467,54902,58424,34195,57962,42043,34315,48563,69533,57164,38527,25278,30219,52218,24103,20511,66380,62961,65625,3527,33172,31669,64767,68373,76482,66248,45777,3084,67965,66406,72311,54106,58882,41699,75693,52319,65078,34627,21840,66528,71487,47593,69498,70216,41828,46824,55187,63078,73339,43644,49639,14177,54792,58962
,,,,,,,,,,,,,,,,,,,,,,,,,,,,,,,,,,,,,,,,,,,,,,,,,,,,,,,,,,,,,,,,,,,,,,,,,,,,,,,,,,,,,,,,,,,,,,,,,,,,51640,71435,21953,22061,70158,753,46759,40177,69579,63460,18503,52324,33290,296,54489,39693,29285,2619,50914,54634,63020,48561,47460,55447,56702,55146,16491,20325,55797,41776,59867,55938,70266,10729,45091,32739,71489,36428,62631,65149,70848,74368,9343,100,54348,60395,66532,71340,66592,40745,54586,26185,43600,23374,52428,40021,66244,23023,65253,64490,25899,50823,14927,65452,50018,16891,40091,42458,9618,14528,65935,66925,65016,73781,68355,56880,50871,39447,67133,67027,47900,69965,43240,62747,44841,57649,25821,32095,61634,61732,37704,55406,62629,59791,74081,68939,68737,13563,68110,71313
,,,,,,,,,,,,,,,,,,,,,,,,,,,,,,,,,,,,,,,,,,,,,,,,,,,,,,,,,,,,,,,,,,,,,,,,,,,,,,,,,,,,,,,,,,,,,,,,,,,,66176,64813,73996,10417,56903,15525,60744,12800,21852,20292,43608,14943,40142,63907,68500,58320,62217,64054,52335,48210,54805,9406,68844,67282,59126,26706,51143,69971,48712,22732,55435,20055,68856,42372,59194,38653,56958,66853,12353,17949,31736,61659,43477,44320,71950,39406,75502,48217,71955,62594,66194,58464,64595,35917,54539,67327,56201,58238,33824,39490,63735,38641,45592,8529,73133,58486,71681,45232,35262,31663,39591,22922,52223,200,44768,61783,49007,358,72231,9888,63042,21988,24016,7545,63712,69048,42252,100,47318,45010,67424,64275,67555,51708,64238,55867,69148,47404,65866,70754
,,,,,,,,,,,,,,,,,,,,,,,,,,,,,,,,,,,,,,,,,,,,,,,,,,,,,,,,,,,,,,,,,,,,,,,,,,,,,,,,,,,,,,,,,,,,,,,,,,,,16336,10512,64605,73405,46619,41154,57730,49121,37545,62232,59473,36692,43730,1926,50552,27067,67043,10249,44552,29376,63528,74439,58639,71208,49752,46936,74623,75847,69165,46151,12738,58962,64825,59648,39985,45328,38895,30684,38440,32812,35833,37477,25685,61825,73834,74088,64080,25867,607,1185,54027,41399,64774,12754,68503,39057,72327,33784,24830,44941,57142,46970,72591,72442,67756,56098,59474,70376,44908,20923,42349,29111,72308,53281,53910,58975,37009,38052,24718,19400,68502,54407,31561,59503,33589,59386,64267,63818,68332,60076,39038,49552,64601,60197,70925,8864,30209,16178,66019,52067
,,,,,,,,,,,,,,,,,,,,,,,,,,,,,,,,,,,,,,,,,,,,,,,,,,,,,,,,,,,,,,,,,,,,,,,,,,,,,,,,,,,,,,,,,,,,,,,,,,,,68793,15957,70982,60575,55941,54826,27763,44091,51716,52183,71581,10816,50375,47112,43620,56074,64418,59564,63540,68308,45909,43019,50407,43545,66153,27924,67996,8344,56573,60084,63712,57346,36169,51516,15888,62712,64060,60961,66415,40059,72721,60595,38619,61936,67962,42756,61895,38586,55034,62031,66223,72927,72637,57816,37141,35356,41392,23321,62586,41846,66878,69361,57487,50803,73044,59827,36437,15509,67186,34378,43277,16942,74377,41307,20395,44127,65999,71370,51398,54049,24943,48225,63763,47400,58578,55509,50480,36231,63767,52171,63301,61003,57539,38239,35014,28837,60760,39471,64841,43942
,,,,,,,,,,,,,,,,,,,,,,,,,,,,,,,,,,,,,,,,,,,,,,,,,,,,,,,,,,,,,,,,,,,,,,,,,,,,,,,,,,,,,,,,,,,,,,,,,,,,57644,35961,67119,58813,37730,68613,37223,66001,47267,54612,51486,54322,71938,68600,44991,63563,35582,34574,58771,47592,31001,50369,71966,52279,31731,11526,2194,406,72472,75109,60095,45204,62501,74014,76075,53500,53871,22276,31770,1270,28851,943,56661,39258,73877,65787,37149,23592,29288,44612,50726,43293,49600,57460,46455,58592,41746,57821,71784,58293,67390,53059,60399,56621,48753,50115,61065,68500,32485,29164,61349,66067,67215,54710,51839,48459,73271,60266,61324,44681,46771,48130,61056,38799,60009,399,72085,73264,53081,65723,20951,53119,931,1536,62615,51107,72156,68589,71799,6256
,,,,,,,,,,,,,,,,,,,,,,,,,,,,,,,,,,,,,,,,,,,,,,,,,,,,,,,,,,,,,,,,,,,,,,,,,,,,,,,,,,,,,,,,,,,,,,,,,,,,60601,58225,50436,48521,55592,44522,48842,23218,45868,9820,71055,53175,59256,46054,73422,57630,40002,22482,66844,18951,61716,54795,63919,6114,41484,11535,69776,61849,56046,58762,63109,63611,59096,54079,51133,42750,69771,73947,54774,33380,40194,52876,47482,43856,70029,49476,62647,59166,68371,46517,51378,50289,69280,11010,72646,38923,65018,60080,48964,48037,74571,65713,66139,7870,63202,57341,72208,14529,44567,24444,56005,49619,42224,34963,31303,11103,63315,49276,23029,45376,66848,40310,56689,8569,35765,19937,68689,20425,59122,100,34358,24798,10116,8370,72965,59373,33543,57102,47496,38371
,,,,,,,,,,,,,,,,,,,,,,,,,,,,,,,,,,,,,,,,,,,,,,,,,,,,,,,,,,,,,,,,,,,,,,,,,,,,,,,,,,,,,,,,,,,,,,,,,,,,34740,24810,67582,8460,62029,625,47524,61369,68620,71523,72318,49944,71191,39025,29791,53294,26080,1284,43589,34744,70085,74629,39780,51514,27710,34156,73320,58816,74446,70540,28648,56633,48007,16488,40117,46473,71314,71642,54726,52522,71324,54777,43181,13024,46832,19405,50552,58785,75013,51986,12445,49423,58001,53248,65537,64041,72049,55737,27165,45376,60535,65200,26110,61463,63367,58509,44472,38552,31900,28358,70215,64602,69288,48025,68245,37519,39498,60964,53333,3618,70227,71926,20544,2176,73824,51489,51956,52593,65188,55867,68263,20561,31510,17724,73070,65512,60152,30932,52437,60250
,,,,,,,,,,,,,,,,,,,,,,,,,,,,,,,,,,,,,,,,,,,,,,,,,,,,,,,,,,,,,,,,,,,,,,,,,,,,,,,,,,,,,,,,,,,,,,,,,,,,52301,47080,53350,57557,55221,32941,67326,45783,52806,38697,54822,20500,70527,69082,28447,51260,71089,70591,69555,27498,67636,62258,34948,15021,70350,39764,57499,36493,45912,61613,77397,69118,45618,49714,73835,70163,57619,35149,67926,58636,44791,21604,65810,70729,43300,39443,73203,68588,28826,19627,70234,41716,53843,47792,10566,68540,49931,34900,71168,59007,61755,66188,69045,33292,45763,44926,73441,16807,40967,66507,59383,15840,64189,40154,70022,71451,54301,34974,74799,76468,48976,1789,37146,61605,54607,22965,53089,42395,36111,64677,20939,35318,64385,45526,30555,64139,67173,55792,48857,49136
,,,,,,,,,,,,,,,,,,,,,,,,,,,,,,,,,,,,,,,,,,,,,,,,,,,,,,,,,,,,,,,,,,,,,,,,,,,,,,,,,,,,,,,,,,,,,,,,,,,,57072,64346,73320,51234,34948,45731,45852,18182,23667,43311,55330,16084,36028,38017,68938,25616,70390,10123,35366,21748,61215,46457,61970,45618,26672,55633,13177,38691,60238,44124,70939,27598,20222,30909,64096,65117,53273,39815,9346,17793,50035,23432,60630,48879,13137,20604,220,16422,56793,60033,52874,64387,49138,13357,65588,56083,24040,17186,67507,59630,65957,61504,55300,32298,52678,36726,46651,41511,72850,35434,51446,44360,67258,67163,49456,27912,71711,62106,436,42392,71409,49106,55416,56328,60663,65574,60312,46454,58154,65387,68671,64665,73889,71318,65299,29985,25231,30498,62401,60968
,,,,,,,,,,,,,,,,,,,,,,,,,,,,,,,,,,,,,,,,,,,,,,,,,,,,,,,,,,,,,,,,,,,,,,,,,,,,,,,,,,,,,,,,,,,,,,,,,,,,25043,21117,68206,55245,55631,21887,48236,44589,71178,40204,53186,53918,34157,1602,72647,71887,53421,59131,67264,23306,20370,26651,28129,32023,27919,69676,31089,65299,70364,66875,66300,2673,48944,56254,68373,3860,10485,15885,58563,28490,61157,35318,26317,27059,71499,12005,56801,44406,18151,34164,69606,58718,68210,1080,56830,9306,57969,14913,50368,47733,48246,65400,60927,62710,62847,2293,30311,22036,43836,54419,48541,56032,55859,41250,38970,70464,72246,58503,56580,8500,2714,8893,48747,52240,68075,43370,587,8521,61564,40027,57949,50746,73455,65794,61201,35366,60888,65412,53479,49611
,,,,,,,,,,,,,,,,,,,,,,,,,,,,,,,,,,,,,,,,,,,,,,,,,,,,,,,,,,,,,,,,,,,,,,,,,,,,,,,,,,,,,,,,,,,,,,,,,,,,28376,24091,71373,62601,46649,271,62132,42413,12437,40855,72951,55379,37993,55405,41591,35102,72896,70362,42581,46675,8046,12252,44192,18750,43397,50360,65629,32460,48598,36837,58788,28921,68393,12351,70162,55817,45992,9909,29939,52420,67493,56448,69897,43134,67343,62320,45237,43409,53124,46804,26611,39758,58529,45616,60211,46493,72537,42105,72824,69165,68900,315,63920,25609,30275,34307,31783,42034,46601,61649,66647,48900,66422,70804,46468,63847,51707,48498,59368,39440,40447,57774,7965,51842,61752,40786,71371,58749,70814,12681,16488,21724,54721,61993,73933,40094,47189,29318,9991,22680
,,,,,,,,,,,,,,,,,,,,,,,,,,,,,,,,,,,,,,,,,,,,,,,,,,,,,,,,,,,,,,,,,,,,,,,,,,,,,,,,,,,,,,,,,,,,,,,,,,,,49604,3017,62245,39179,64990,40166,58633,14346,66663,18968,38497,67229,47232,13092,52334,25781,43676,11570,75330,74096,63405,57301,74602,64412,58443,1895,66251,21564,2085,401,68848,66667,56798,54169,42847,58751,48219,71091,46699,52337,48385,35030,55289,9198,51234,42946,65784,53898,61638,49975,48563,544,66337,68436,67521,42539,68087,69867,69286,16473,50246,59884,26304,30359,74053,67108,64818,63806,71861,68625,32844,47115,30555,73475,57626,61122,67519,9690,69577,62845,67805,70119,70863,57156,70334,59855,60148,57327,36433,22626,56810,43917,66677,68411,67143,61498,58807,49647,43821,69681
,,,,,,,,,,,,,,,,,,,,,,,,,,,,,,,,,,,,,,,,,,,,,,,,,,,,,,,,,,,,,,,,,,,,,,,,,,,,,,,,,,,,,,,,,,,,,,,,,,,,22420,859,68401,66755,27510,32863,13346,54738,34661,41544,37661,55339,75894,70745,61821,69672,76266,67899,60697,70111,34995,52247,66910,61308,10157,11249,76008,42451,48152,54791,69998,51466,69390,68897,34458,27565,57699,4980,39678,34077,67841,4615,73418,40705,63902,70311,8113,48187,66466,67134,53271,51814,18033,53397,62544,57249,41938,61434,51796,9564,67058,62427,70904,70241,69299,58793,32348,41769,67182,68513,57694,19179,58884,25046,49530,11422,71105,55626,59472,40191,29671,12767,22344,54152,66554,65302,60345,65090,42548,36194,64220,55436,66961,53959,38989,53382,70194,28753,55571,53017
,,,,,,,,,,,,,,,,,,,,,,,,,,,,,,,,,,,,,,,,,,,,,,,,,,,,,,,,,,,,,,,,,,,,,,,,,,,,,,,,,,,,,,,,,,,,,,,,,,,,46018,44420,65627,69463,59606,47445,18036,48637,51089,15619,51969,39372,70163,70593,63003,66851,72134,55881,67101,68758,71571,62576,59400,57486,72386,25020,50083,61997,39223,39550,18739,17523,10940,16769,51160,38942,66294,67480,53234,65237,64402,60104,67791,73849,54280,60272,45323,47716,41866,66526,22914,50328,10570,24272,57030,63848,13915,15932,63403,59094,54962,21520,58532,16627,25771,35729,69414,72280,58482,44291,74418,49634,43105,31434,67127,1081,55633,56550,61916,56658,62286,6853,68265,59167,33332,49385,58811,35537,72909,12741,55455,10683,43016,19986,35422,23770,60261,8983,56114,43143
,,,,,,,,,,,,,,,,,,,,,,,,,,,,,,,,,,,,,,,,,,,,,,,,,,,,,,,,,,,,,,,,,,,,,,,,,,,,,,,,,,,,,,,,,,,,,,,,,,,,9754,36466,11371,63798,57952,886,43446,17746,69570,69708,52921,37216,65653,33462,47996,42505,73483,65409,65109,55720,43409,37415,64598,55686,35370,494,41843,1094,57096,52872,71059,58686,72090,50447,60177,51339,27613,43281,73110,71811,59055,53872,53092,47350,20873,42530,68292,66184,15109,18988,59041,33587,45383,66010,20018,45610,8751,25021,46470,39588,66183,9143,17399,43082,36512,57441,47003,35243,40891,41344,63130,27860,39210,38213,12180,13278,47581,35199,64661,71438,44794,63044,64821,52298,66287,58624,67637,64409,59027,48103,62142,8580,70979,62213,46809,2889,51236,39997,38122,7547
,,,,,,,,,,,,,,,,,,,,,,,,,,,,,,,,,,,,,,,,,,,,,,,,,,,,,,,,,,,,,,,,,,,,,,,,,,,,,,,,,,,,,,,,,,,,,,,,,,,,16884,46710,54175,46446,45961,47389,38962,65742,64239,32545,46069,9422,36099,73719,53449,14192,28702,72645,58746,9612,55498,4827,71099,37502,53724,31364,40001,12432,56583,52283,48376,56658,73425,69290,53495,68350,61268,63065,69974,51353,12840,43952,74733,37455,70817,61682,66634,75199,65508,39429,49811,43049,41775,18571,68553,69531,54393,63248,70780,43105,33692,67277,42769,47562,57000,567,64310,71094,36204,543,50288,53840,75627,68626,58763,53279,63704,9749,69411,65442,57922,453,52237,32856,66107,14655,67517,57911,35210,39839,73602,57975,72847,54269,54882,18176,57544,69813,27183,59244
,,,,,,,,,,,,,,,,,,,,,,,,,,,,,,,,,,,,,,,,,,,,,,,,,,,,,,,,,,,,,,,,,,,,,,,,,,,,,,,,,,,,,,,,,,,,,,,,,,,,64173,64288,70077,74394,36643,3404,34928,71756,54969,69036,67747,59746,59467,61557,64834,51994,60817,25898,69616,67702,61700,62716,71431,22886,38401,24992,74296,53706,42174,25494,67346,72476,728,6504,59159,65269,24918,7961,72643,10217,40874,22924,64605,5262,68889,71747,54660,16301,67226,21561,60180,11938,40914,34894,58266,56439,76134,70408,46448,59524,74596,61373,45091,47608,65870,52813,68656,12646,68269,74621,63702,8791,50859,21060,57851,28163,60934,67752,50631,69211,9832,45740,48223,44110,38750,63674,54019,31626,46984,44105,63182,44606,69952,72709,2220,1363,60921,72155,68856,67184
,,,,,,,,,,,,,,,,,,,,,,,,,,,,,,,,,,,,,,,,,,,,,,,,,,,,,,,,,,,,,,,,,,,,,,,,,,,,,,,,,,,,,,,,,,,,,,,,,,,,67812,960,70116,70455,67112,56078,62283,30360,45922,59101,57567,38389,58810,64321,49241,12728,65958,7029,68060,72596,65937,67724,62290,64574,69384,63964,21565,13721,63392,42188,7758,60310,70502,70165,23322,56232,67854,61846,56510,2521,40925,20049,71913,32133,21254,22904,19784,47868,68398,35931,69981,64545,61469,20131,75247,73536,61875,46137,33934,39512,71838,72739,31134,45304,43270,30844,21816,44121,66863,68273,68872,26734,56660,185,39918,17284,10883,6566,70310,47538,62146,70811,26462,40701,65115,72518,56160,66851,19331,45612,61668,22341,68787,70404,72210,73282,65034,67826,34734,27559
,,,,,,,,,,,,,,,,,,,,,,,,,,,,,,,,,,,,,,,,,,,,,,,,,,,,,,,,,,,,,,,,,,,,,,,,,,,,,,,,,,,,,,,,,,,,,,,,,,,,71162,75179,12331,9154,69730,10222,34282,41058,69808,36589,48781,54541,65276,47485,70902,38782,30335,35491,47289,59412,26941,54353,67770,436,56787,44262,55237,54165,56427,61205,51894,44170,63160,14634,62130,61446,68716,63458,29195,1371,38560,8403,71807,32932,70170,61787,74269,59730,70487,11675,68327,9526,28880,18607,62990,54729,69403,59798,47561,41983,14615,13192,69198,39607,587,17295,23318,59107,35036,27810,64394,16445,49907,54979,55084,57870,67862,9809,36341,25818,30431,56353,58826,42808,66946,10389,70521,55625,16874,17120,44060,25139,37640,56867,76873,66929,63994,19042,9229,36858
,,,,,,,,,,,,,,,,,,,,,,,,,,,,,,,,,,,,,,,,,,,,,,,,,,,,,,,,,,,,,,,,,,,,,,,,,,,,,,,,,,,,,,,,,,,,,,,,,,,,37260,29779,52784,56604,38692,18189,29134,53841,58246,53467,71552,54853,6941,9474,64386,49597,30322,74551,64412,68080,34302,57905,66196,69680,54293,60939,55749,20899,12559,55733,62214,35105,48367,49141,58827,17548,71665,49110,60562,41619,39677,44849,8247,65773,40295,53667,43022,34479,74119,12668,35753,55863,69202,71489,41959,42140,38574,21124,65867,12289,69131,59626,11391,10650,51090,37317,39652,63226,72130,64092,63745,28098,68547,51107,55520,68796,41219,60294,45972,20099,66790,54874,66738,51505,67676,60145,71755,72534,66801,12042,61013,19986,28177,61235,71010,28207,3014,36151,63309,55333
,,,,,,,,,,,,,,,,,,,,,,,,,,,,,,,,,,,,,,,,,,,,,,,,,,,,,,,,,,,,,,,,,,,,,,,,,,,,,,,,,,,,,,,,,,,,,,,,,,,,39235,44541,73193,19335,65792,43389,65329,44438,65807,8884,75937,67810,52252,52400,67407,36512,62750,40158,67576,63282,45740,69620,58319,40163,31129,25686,15872,51066,60400,19808,68743,52673,59799,43232,63273,65095,73418,70415,67482,75533,59967,57555,52647,56951,41931,33712,69326,70743,67223,65391,60826,37196,35717,60110,44499,28593,44369,70992,67406,634,53799,15194,60084,48412,61510,9339,36433,66509,47014,50852,68856,71094,62229,44378,8874,1315,65547,58293,39035,52639,45757,33894,68779,69329,47047,6531,62051,42612,19734,22732,39452,12232,50325,429,17937,57175,17579,39292,39828,40613
,,,,,,,,,,,,,,,,,,,,,,,,,,,,,,,,,,,,,,,,,,,,,,,,,,,,,,,,,,,,,,,,,,,,,,,,,,,,,,,,,,,,,,,,,,,,,,,,,,,,60167,47711,16161,16273,65989,6174,73043,9091,64251,39613,68992,68661,55093,70850,65924,435,65080,58144,63985,39743,68694,63021,69257,62775,46512,43026,64929,67335,65855,71550,45335,53626,44886,1800,60297,38286,73360,67168,61276,20713,54758,47509,62721,28135,66284,63710,69289,73752,69737,15552,50528,19975,70217,47118,36981,2410,34686,7417,62973,67822,69868,30447,59911,50024,71505,48703,66399,60789,63048,68250,70773,58323,61181,39140,71437,66601,56334,1357,68936,58654,18000,72217,35656,70754,31461,22524,59289,44070,34687,14334,72479,26772,57754,69143,57973,38237,62325,1083,36944,37693
,,,,,,,,,,,,,,,,,,,,,,,,,,,,,,,,,,,,,,,,,,,,,,,,,,,,,,,,,,,,,,,,,,,,,,,,,,,,,,,,,,,,,,,,,,,,,,,,,,,,71427,75727,64051,46841,37073,33662,71687,69232,66322,50009,63452,64785,43810,48867,70778,44203,50556,28913,64228,27260,58915,65387,62059,38619,27706,25243,60790,61344,66168,41473,39706,20517,39773,22784,25952,45344,47182,27955,72361,62167,38491,49788,33345,31515,63891,5147,71993,10978,70356,63352,56480,1431,58800,33269,65431,67505,63903,37055,42529,46602,26183,24833,68834,56581,70836,61379,71792,61499,52021,66666,61544,60851,66488,57205,59634,72795,35079,51617,57632,38478,58754,71790,41824,65105,72156,62031,57333,62176,41497,50193,64282,45318,64003,56715,51255,69038,38934,37786,66999,60827
,,,,,,,,,,,,,,,,,,,,,,,,,,,,,,,,,,,,,,,,,,,,,,,,,,,,,,,,,,,,,,,,,,,,,,,,,,,,,,,,,,,,,,,,,,,,,,,,,,,,62057,54495,53163,652,71896,52332,75900,65786,71418,62933,55000,58016,55041,11967,70474,12156,71517,74211,44248,71632,59141,34449,72413,60770,39410,64600,52196,59108,75348,64316,51026,46838,52577,50762,66824,67101,52620,15287,24950,18886,57965,26164,72304,60725,61416,2244,11012,525,66638,5753,58712,52717,49900,71183,39039,63011,64431,61187,54268,52107,68283,32906,42578,10435,63847,36856,70739,37390,50965,40113,63546,66567,47914,47850,74854,17490,6722,19627,53514,42115,44239,17604,71067,72354,34034,59480,20398,61513,38615,60638,69958,18448,66745,53351,51325,46514,40194,31099,68216,40586
,,,,,,,,,,,,,,,,,,,,,,,,,,,,,,,,,,,,,,,,,,,,,,,,,,,,,,,,,,,,,,,,,,,,,,,,,,,,,,,,,,,,,,,,,,,,,,,,,,,,47017,25831,43964,42472,65193,55262,72509,48145,70138,60570,72081,58743,37565,26133,29169,46438,36333,64189,45291,51680,71377,61941,61691,61744,67598,65953,68670,53455,25546,58664,46829,27862,32001,24289,58037,25453,59702,64144,49822,10624,50233,41922,28361,62991,61118,55787,38575,32976,31561,51911,42099,49231,48898,37404,47795,52266,45324,62738,27249,21024,68010,60660,45045,60886,70563,69026,18085,46047,72044,48758,67425,61727,35884,49114,73992,76461,69874,9970,68154,19548,9167,8907,63730,7322,51125,32015,70386,44526,41045,42386,28814,437,70342,62030,46148,47930,30462,47001,62275,59809
,,,,,,,,,,,,,,,,,,,,,,,,,,,,,,,,,,,,,,,,,,,,,,,,,,,,,,,,,,,,,,,,,,,,,,,,,,,,,,,,,,,,,,,,,,,,,,,,,,,,74838,68494,69224,70909,53683,45586,32377,25320,73603,61868,56149,15403,52758,55578,72128,68144,47090,9046,69510,60119,68909,32558,74608,64059,47765,52844,33165,53292,31922,20989,39446,41869,40950,32712,65532,63283,61162,63517,53610,56996,69491,61766,70639,59269,41800,43220,35810,233,31275,49210,73484,65043,47548,34472,49668,39274,34959,67676,70406,29109,65643,61328,38214,53881,45136,38266,47995,16216,50015,55568,67196,56378,31347,25828,59369,56562,58731,4121,70738,57519,61652,51608,50879,45250,47136,54708,46613,32375,48544,8908,72469,9221,46936,42426,58927,50108,66318,56684,36792,52809
,,,,,,,,,,,,,,,,,,,,,,,,,,,,,,,,,,,,,,,,,,,,,,,,,,,,,,,,,,,,,,,,,,,,,,,,,,,,,,,,,,,,,,,,,,,,,,,,,,,,34796,66424,62823,55468,54026,67973,69300,8170,70015,18818,62435,69184,54664,53193,63458,43916,34140,59886,71383,38419,65777,62010,46477,48613,58035,1815,75787,61124,52412,40585,69069,63893,48858,944,72219,3251,12266,31668,42058,73080,53238,59571,69830,55470,55415,47593,66968,60199,58484,64091,62714,27712,69965,72873,53151,65753,52336,46785,57627,67810,68830,61941,68093,19866,56577,49130,25128,50000,61257,69562,62897,65055,60555,18842,64622,12250,72595,50532,58378,51717,57994,9734,44908,35211,68584,59849,48466,53812,64936,64543,66778,53797,59792,19055,22184,52504,24455,47732,50303,20748
,,,,,,,,,,,,,,,,,,,,,,,,,,,,,,,,,,,,,,,,,,,,,,,,,,,,,,,,,,,,,,,,,,,,,,,,,,,,,,,,,,,,,,,,,,,,,,,,,,,,57139,23826,18523,17937,56276,41792,33201,23394,28522,66105,53506,49056,34879,48501,48233,72790,71985,66433,62293,21696,42041,44353,17589,18028,22454,47363,31720,36571,34973,27394,69163,49507,63569,62458,67043,67367,29561,382,65214,64928,60301,64062,65258,47546,71403,67520,73707,71956,55393,31321,70536,74264,71832,56792,67674,61409,40146,59421,40628,699,74518,49357,69516,54867,58849,52848,62184,70165,70642,54009,17572,1610,52295,64365,57993,24261,69927,72415,64770,65372,45648,60024,37342,55742,68959,37501,54598,68365,63626,45478,63295,60493,70643,46578,54372,57176,68129,70607,334,600
,,,,,,,,,,,,,,,,,,,,,,,,,,,,,,,,,,,,,,,,,,,,,,,,,,,,,,,,,,,,,,,,,,,,,,,,,,,,,,,,,,,,,,,,,,,,,,,,,,,,54129,72638,65660,36845,29541,32618,45269,68706,73567,73118,12733,46345,62330,53865,37740,49450,67374,70713,65291,43749,69688,59662,73244,58899,63605,58223,52760,48240,61781,39415,25537,69936,60651,2876,48082,33293,40754,12076,67387,65074,44131,46916,45333,64363,54714,68476,64119,52093,44745,63567,47917,35184,68584,71723,45511,55190,51031,51883,29632,1241,59654,69321,67959,43615,64388,63460,71810,74077,55769,40817,16057,33792,69250,69664,24375,29701,73113,23682,72110,65813,56533,46222,72819,73063,16595,10054,25302,28167,72300,57900,57020,65304,56246,55242,68341,71336,62716,53384,70518,68807
,,,,,,,,,,,,,,,,,,,,,,,,,,,,,,,,,,,,,,,,,,,,,,,,,,,,,,,,,,,,,,,,,,,,,,,,,,,,,,,,,,,,,,,,,,,,,,,,,,,,56180,66806,47345,5121,53978,35085,50448,38361,58880,50481,21383,26843,44976,52779,64797,62400,44418,14065,66357,75673,71815,41713,63777,24919,60248,58799,17488,34590,50584,38589,69191,37716,55683,45545,72522,54514,53142,73283,31752,69969,73433,16864,63004,63020,63077,40228,50874,33902,39691,57459,58453,61463,61920,56119,50434,70034,71620,21373,48451,57980,55702,48553,39315,49952,65708,8863,61355,71718,42023,1226,35680,20220,32609,65240,63451,50427,54324,28637,70320,68277,7801,30091,35284,61687,4138,8541,48926,71303,26780,28616,63459,32663,54190,73098,36477,33414,58145,68182,74507,69335
,,,,,,,,,,,,,,,,,,,,,,,,,,,,,,,,,,,,,,,,,,,,,,,,,,,,,,,,,,,,,,,,,,,,,,,,,,,,,,,,,,,,,,,,,,,,,,,,,,,,68343,66735,39482,50341,40399,57010,51626,55774,66486,71205,70179,28147,53768,3091,15670,60865,64172,50988,38883,52408,52226,60480,46241,44054,40324,55401,73231,56788,42901,41126,68521,52255,65045,57295,67489,22473,32406,48385,53588,11433,47148,31422,31214,40876,69297,37117,60078,50909,69757,66366,47059,38518,69016,70300,66930,50989,65610,56381,54960,63422,23232,42548,22166,18213,48002,36112,72578,32178,46228,30123,67613,24564,63297,48297,68869,71511,61201,65401,59464,48313,50424,71116,9394,444,62330,35139,67936,68889,67583,67559,52206,52336,68026,66371,56417,58286,72197,64554,51055,42981
,,,,,,,,,,,,,,,,,,,,,,,,,,,,,,,,,,,,,,,,,,,,,,,,,,,,,,,,,,,,,,,,,,,,,,,,,,,,,,,,,,,,,,,,,,,,,,,,,,,,27720,66739,19057,17811,52219,28760,34146,66641,71624,62371,69624,73535,65733,65595,61315,33822,62247,48788,74398,37236,68564,830,74161,65970,57863,46447,68062,72375,59128,51694,34311,59597,63076,62559,34391,32938,57586,39598,1547,890,50143,37427,31205,50504,50870,44169,62748,59395,40173,17691,63592,27849,73390,29343,45935,1747,62669,71330,14234,67415,68748,54045,70590,42265,74132,45734,69031,69910,58079,4752,35630,33409,38918,17315,64057,26216,48910,7608,44126,51568,50189,65167,44345,39760,70980,76381,46541,41139,71003,56151,43074,27842,36476,30581,71515,43704,50189,52034,72798,68951
,,,,,,,,,,,,,,,,,,,,,,,,,,,,,,,,,,,,,,,,,,,,,,,,,,,,,,,,,,,,,,,,,,,,,,,,,,,,,,,,,,,,,,,,,,,,,,,,,,,,54874,564,66053,56578,53533,65754,58499,56516,63861,68404,48085,38785,67265,69602,57388,21455,55721,65886,56339,41209,70710,40668,65020,32763,24626,52223,66698,67377,17831,12359,51831,59648,72036,47314,69828,66380,47912,58608,37243,47334,51247,16832,34899,52768,36757,20573,14395,9130,42871,62301,72009,54013,65368,50339,69957,72068,66315,64522,32044,20547,32762,66707,54260,56312,71676,51010,69705,63109,70067,59348,46503,9717,58219,2751,49060,36039,70812,42644,70010,54857,70500,68384,29623,2568,36046,25259,51121,52245,72153,54602,67630,11376,67008,72431,53973,65424,36668,46400,4570,11445
,,,,,,,,,,,,,,,,,,,,,,,,,,,,,,,,,,,,,,,,,,,,,,,,,,,,,,,,,,,,,,,,,,,,,,,,,,,,,,,,,,,,,,,,,,,,,,,,,,,,52998,60685,72001,73560,40815,43705,70697,68640,55571,55256,33009,9547,48588,55213,31775,40998,60983,66660,14436,539,12719,36639,942,598,71741,65134,34458,70287,70865,68653,72466,50655,50658,52378,2963,5551,33122,63754,74915,53464,63436,49376,54352,56400,56693,57000,59891,40292,52035,59357,74407,55741,74106,38505,66252,63811,43335,8836,45683,28187,73279,48768,40543,648,54345,65539,51567,45903,14017,62582,30546,30165,21045,38974,48138,21129,61797,284,57813,63955,57750,48065,34741,32158,50579,57610,46201,69204,51325,48835,47399,57903,35338,48473,60095,48829,58250,1969,48110,51993
,,,,,,,,,,,,,,,,,,,,,,,,,,,,,,,,,,,,,,,,,,,,,,,,,,,,,,,,,,,,,,,,,,,,,,,,,,,,,,,,,,,,,,,,,,,,,,,,,,,,64452,59280,65859,69586,65421,65697,32784,64795,63989,61850,53570,63378,1494,592,58334,28415,57360,65059,32713,65789,73459,70475,53079,50702,64427,64313,28328,30793,56696,41652,74623,56979,75489,73082,68303,55790,42932,42163,38926,36187,62848,6984,74458,63463,36837,58091,70781,25763,74561,52066,71486,52145,34941,49631,74023,57678,62577,59500,56122,48928,37777,36801,49188,71961,52711,50104,68675,42826,67058,16505,32382,57576,45670,68967,68373,45180,53382,66272,71360,65264,73938,67271,72816,41478,63786,50704,67828,46016,70059,49678,67223,58567,60389,16121,61107,34439,60647,39824,71020,68725
,,,,,,,,,,,,,,,,,,,,,,,,,,,,,,,,,,,,,,,,,,,,,,,,,,,,,,,,,,,,,,,,,,,,,,,,,,,,,,,,,,,,,,,,,,,,,,,,,,,,32735,10311,55552,36450,51324,50180,68979,64796,7850,49130,36664,63489,46811,58581,47322,40159,67235,57224,65044,71454,44447,18628,72374,75465,69639,69037,66145,70072,49173,52713,72605,61872,73266,73409,9113,68814,74222,72148,66829,67679,71303,50936,42035,20457,57175,37871,62049,12809,44134,51497,73021,43186,52611,48963,67723,44277,51535,69093,2317,795,71494,73494,61690,75051,67752,73969,34283,34512,32613,57675,67501,65788,20690,60123,54096,46861,41333,63675,40542,34237,72527,62417,72101,33272,73109,66488,61987,68360,53206,31093,57607,60638,52989,13606,40335,29621,47456,48825,14644,42041
,,,,,,,,,,,,,,,,,,,,,,,,,,,,,,,,,,,,,,,,,,,,,,,,,,,,,,,,,,,,,,,,,,,,,,,,,,,,,,,,,,,,,,,,,,,,,,,,,,,,69837,60508,21366,56572,65438,63867,69893,39599,41685,67451,68192,64309,73091,54467,25965,57166,13479,55321,17308,17687,65133,1370,36212,12062,65695,53083,67831,55349,58489,60400,56959,47073,72816,71262,59788,42184,71575,12830,2139,11050,38907,31272,55781,47389,71059,74691,39614,40421,74144,64798,72477,42942,46352,50798,76403,67957,55483,7082,54815,50914,62091,54297,75465,61049,47241,52716,38975,35402,35503,19390,75435,66903,68181,8884,42469,52418,38787,20389,64212,26119,61594,15199,49686,60425,58837,55965,18311,11501,33294,54599,44693,67802,37533,29310,59419,59218,56712,44662,73896,47480
,,,,,,,,,,,,,,,,,,,,,,,,,,,,,,,,,,,,,,,,,,,,,,,,,,,,,,,,,,,,,,,,,,,,,,,,,,,,,,,,,,,,,,,,,,,,,,,,,,,,48418,44540,43559,29092,70968,65848,10072,22618,74140,65771,45953,72871,51196,67598,58212,66927,56143,46756,69826,69826,58126,68330,61480,74779,37532,180,46668,17280,59835,72636,63509,3191,70059,69691,3702,23262,73792,58620,56504,66106,465,1832,25398,58360,73707,50284,60617,58037,59110,66404,71522,11112,64094,11426,62583,25320,58112,929,64972,30449,67624,51404,60531,72106,56429,10485,73882,63247,74509,67028,61002,15386,60671,37944,70184,67756,63898,69333,69172,68565,29872,59647,61894,69735,70387,58285,65176,62265,56726,6383,49312,49015,39753,23427,65201,58084,48720,38574,62516,37626
,,,,,,,,,,,,,,,,,,,,,,,,,,,,,,,,,,,,,,,,,,,,,,,,,,,,,,,,,,,,,,,,,,,,,,,,,,,,,,,,,,,,,,,,,,,,,,,,,,,,33931,56590,52814,63144,50243,39313,73744,60417,70314,66096,62778,10640,40435,39672,73812,68873,74421,69452,15766,9250,48928,27167,59224,10067,29169,54100,67618,44507,51335,38932,70211,75374,67974,63824,63995,63839,42556,61053,49110,33143,56892,8265,62400,43478,60029,56687,54683,36188,11825,33692,57579,47235,69497,72536,62234,73429,73716,16561,68119,77980,64441,66336,72224,75816,60444,64462,51323,49566,27512,68991,68994,46141,54069,39095,73495,53496,66245,70481,69851,43892,48659,35760,64613,5770,44062,44201,62377,60198,75584,55183,43768,37315,60719,58269,34677,41908,69701,65892,67594,12995
,,,,,,,,,,,,,,,,,,,,,,,,,,,,,,,,,,,,,,,,,,,,,,,,,,,,,,,,,,,,,,,,,,,,,,,,,,,,,,,,,,,,,,,,,,,,,,,,,,,,34249,38294,20568,19013,76921,66652,31380,58370,46119,68414,74428,47825,57120,47695,70519,43936,71296,72027,40081,48435,70963,37605,57814,49041,47517,38227,72802,75799,66606,44251,68325,40225,46459,48855,43269,45347,66186,49964,57177,33373,27855,47890,53786,53439,36422,18797,51454,17888,45471,51677,64168,49699,66047,37339,70281,41291,74135,69898,64915,70385,66268,57689,71258,67523,65790,64005,64687,39787,58178,58357,76513,70191,72233,8678,70385,37204,65631,43634,33184,17469,69241,51954,72488,14227,54611,28084,48096,41581,42853,15088,53563,23773,63309,31492,73368,10118,57499,41395,41763,54000
,,,,,,,,,,,,,,,,,,,,,,,,,,,,,,,,,,,,,,,,,,,,,,,,,,,,,,,,,,,,,,,,,,,,,,,,,,,,,,,,,,,,,,,,,,,,,,,,,,,,3040,168,66966,10511,73717,43805,57641,60054,68809,71865,43957,70444,54192,56657,55880,12288,74606,73366,74733,49058,48968,58104,61349,69429,70980,35182,71290,63719,61556,71607,1348,28549,24478,16004,37260,58850,62590,11222,53038,55198,61079,47125,59525,37722,74106,49990,31612,40893,65776,1642,50925,19629,66775,55032,21984,30131,61420,52900,8979,1798,33550,45049,33359,51721,35367,36845,72445,49784,67159,68487,60719,42978,66749,53900,49527,69543,69222,35785,55705,2075,73180,68148,73452,5941,61528,75346,67939,64717,67086,44728,20942,70665,60550,57216,65957,64003,54997,67915,16331,66108
,,,,,,,,,,,,,,,,,,,,,,,,,,,,,,,,,,,,,,,,,,,,,,,,,,,,,,,,,,,,,,,,,,,,,,,,,,,,,,,,,,,,,,,,,,,,,,,,,,,,70617,43477,61149,37449,72067,65979,52540,70073,47947,17146,63086,47186,60627,52595,33592,62891,60185,56268,61841,37129,74844,68554,72888,56447,64284,48231,48492,59925,58016,61262,58182,59610,73768,76149,68491,23717,70008,28462,53919,37068,73880,46205,17632,19796,72472,2227,71152,62366,49418,37922,58173,45269,39011,18353,67146,59077,61693,71291,60954,52590,70448,73213,53480,65673,66931,67181,63930,33554,38340,8506,42451,36531,35520,13451,61930,35485,65300,67871,63243,49465,25712,71346,70968,67311,68330,61431,73086,35735,46904,59617,48216,2113,73809,43777,68314,55544,33035,868,36910,736
,,,,,,,,,,,,,,,,,,,,,,,,,,,,,,,,,,,,,,,,,,,,,,,,,,,,,,,,,,,,,,,,,,,,,,,,,,,,,,,,,,,,,,,,,,,,,,,,,,,,13524,65060,61630,61225,58953,68702,59613,62487,47336,33642,36533,63963,61651,663,71180,49562,28731,25725,67416,62817,67261,57881,48219,38510,60564,67704,73150,49096,36476,46210,62785,71614,60937,72561,23405,37346,67021,38615,11378,19826,66634,510,43459,177,55934,69991,16022,20769,62451,71760,69785,64190,62196,9738,59547,63095,20697,4622,46694,42416,27420,41243,69297,53176,52694,38150,51888,42781,73196,49984,69834,68951,69422,66143,26365,50619,75900,73918,71835,22029,60067,42094,63078,38229,16934,65586,65182,34362,22437,71340,73799,72142,64491,42371,23622,10848,55784,28967,251,3075
,,,,,,,,,,,,,,,,,,,,,,,,,,,,,,,,,,,,,,,,,,,,,,,,,,,,,,,,,,,,,,,,,,,,,,,,,,,,,,,,,,,,,,,,,,,,,,,,,,,,54270,71231,68660,49529,75037,67098,57376,5262,59157,61634,72212,1346,64286,70409,68093,51490,67712,67774,56162,32708,17444,24551,47104,44124,67030,58684,36993,62504,68102,66729,67517,70973,59739,34856,69862,22326,9797,16184,51299,41275,61069,56122,39758,55212,69000,76755,68618,20028,73413,70164,68218,32504,70667,26080,71136,61016,58436,55160,65361,70653,49814,56527,48646,33134,65947,49776,47291,31462,73653,74539,62512,43226,51155,58016,69276,76863,39616,35544,54554,10730,65688,61981,69968,67033,72862,68071,58945,65841,54860,37970,69929,11020,64544,329,53083,49117,66600,69789,67418,46896
,,,,,,,,,,,,,,,,,,,,,,,,,,,,,,,,,,,,,,,,,,,,,,,,,,,,,,,,,,,,,,,,,,,,,,,,,,,,,,,,,,,,,,,,,,,,,,,,,,,,68726,59286,65814,27441,27210,17696,70215,60831,39318,23664,75021,48338,54059,46565,47594,13118,41290,53001,60376,70138,72838,58248,70269,63344,49602,52233,62724,68549,59999,71937,63568,70638,70518,23281,59188,53023,11752,38092,34464,50713,51188,62054,71972,37716,45614,58595,27030,22674,71440,73794,39366,73005,74620,70420,16197,64488,61015,61899,5286,65502,73161,40329,71942,55035,72734,60687,70848,35408,64548,35947,71189,67231,40410,27790,65746,60870,71781,73093,52132,61340,62218,68310,74800,72004,45536,8713,69440,71865,59226,60960,48080,45648,40898,36330,67017,65104,68047,51089,33261,19770
,,,,,,,,,,,,,,,,,,,,,,,,,,,,,,,,,,,,,,,,,,,,,,,,,,,,,,,,,,,,,,,,,,,,,,,,,,,,,,,,,,,,,,,,,,,,,,,,,,,,66315,72194,66547,1473,55451,44428,44044,23854,41248,19220,52922,34436,75760,61296,54253,69104,41057,9509,69965,74530,72888,68965,43834,272,26402,25958,49589,58425,55172,69763,65467,72776,45365,26337,3438,10764,65212,296,43254,38096,66583,41531,65592,57385,58976,40308,67377,73306,52793,449,75470,59177,70145,44965,70792,65244,32619,43543,50229,50161,70569,60478,65894,38379,62314,46339,28788,4833,57819,60798,70552,6616,59418,61712,59952,60826,56530,731,49836,44155,26189,32153,11914,42145,75220,61643,58284,14860,75324,72356,76300,74613,53213,46914,69200,68448,71153,45419,69710,23034
,,,,,,,,,,,,,,,,,,,,,,,,,,,,,,,,,,,,,,,,,,,,,,,,,,,,,,,,,,,,,,,,,,,,,,,,,,,,,,,,,,,,,,,,,,,,,,,,,,,,71482,62863,64209,62053,22736,62324,70559,71023,71786,40743,42778,57684,74951,64575,74018,62810,70037,50414,72304,75163,46118,7714,68752,40365,18733,15994,61524,70372,64741,279,69554,61588,62377,31355,32087,50799,22621,847,67569,62221,72844,36046,58710,32631,64700,49788,61352,69034,72132,71229,68409,69396,73532,42949,72590,72629,33199,39926,69398,24550,16373,45355,20351,195,68985,63324,62356,47276,39406,62624,47092,36396,57889,73464,51991,65419,60256,63607,11859,31628,51322,59571,1053,10372,68245,33373,61550,50288,12975,31255,68225,41302,65371,72100,69634,63532,13020,42566,65571,10568
,,,,,,,,,,,,,,,,,,,,,,,,,,,,,,,,,,,,,,,,,,,,,,,,,,,,,,,,,,,,,,,,,,,,,,,,,,,,,,,,,,,,,,,,,,,,,,,,,,,,41108,29232,4684,777,67264,67486,64294,46099,68414,42813,5843,66373,69866,39415,62911,53578,32591,48006,68688,57308,62560,131,49435,54035,56560,55518,56644,55851,40048,15363,62263,46418,68585,74443,66619,68139,60283,63199,44362,2335,57143,63304,55191,34382,68956,64732,44700,31862,74847,70108,59652,908,28964,34870,65071,54486,50685,54076,58369,36153,66156,28473,74644,73567,72209,60508,67558,46549,72942,66999,60376,68810,72220,43588,46315,39864,26070,68127,43645,51195,52419,49644,62214,488,66786,73415,71196,74640,34142,529,65715,5693,61876,60463,61171,56986,74212,31317,47100,33313
,,,,,,,,,,,,,,,,,,,,,,,,,,,,,,,,,,,,,,,,,,,,,,,,,,,,,,,,,,,,,,,,,,,,,,,,,,,,,,,,,,,,,,,,,,,,,,,,,,,,73530,54043,69680,64783,45079,40081,72619,56553,62335,61903,45624,11478,58010,40944,76650,66679,71660,38099,50742,56886,60515,9044,34694,65902,73498,38912,30839,63665,73549,44349,60755,18150,74147,56346,31238,24885,37397,8513,57862,62550,54431,14942,29897,57719,66804,71774,40474,12282,65802,45987,71729,61289,21878,61366,71372,32650,72330,1571,69694,55032,63525,66060,38505,57322,2247,2116,73302,52997,66873,50343,76217,62523,72298,50905,37185,11232,46793,10005,43045,51717,66691,58852,73212,34873,70784,35082,50524,66414,37724,19551,35305,52098,66729,68159,71014,42577,36506,68782,58245,68666
,,,,,,,,,,,,,,,,,,,,,,,,,,,,,,,,,,,,,,,,,,,,,,,,,,,,,,,,,,,,,,,,,,,,,,,,,,,,,,,,,,,,,,,,,,,,,,,,,,,,19374,23471,75721,69115,49320,31560,72977,67886,74675,43811,72887,63949,46020,40938,44736,19370,18109,48627,67756,63258,70425,6559,50256,45621,71076,71846,32094,44850,57390,58942,72760,67830,50208,25630,74253,42509,67522,61124,66479,65714,68014,72281,61201,68779,68236,70369,71987,49849,56205,54111,60714,40942,61847,17465,43637,64159,55814,10191,70539,60856,44361,71315,62813,70720,73665,15242,71050,45637,72697,49300,37332,43123,37664,68229,68219,17133,24118,23744,47548,68292,42157,27646,68800,68162,25272,35632,49395,66838,50127,52020,36309,38108,76157,72777,69326,65380,70012,56976,34341,58897
,,,,,,,,,,,,,,,,,,,,,,,,,,,,,,,,,,,,,,,,,,,,,,,,,,,,,,,,,,,,,,,,,,,,,,,,,,,,,,,,,,,,,,,,,,,,,,,,,,,,23114,56537,60339,57114,71506,64663,58617,49503,50496,1190,67990,14455,64540,63983,35947,63122,49983,65472,61680,35773,56927,40496,51911,12834,63823,46331,60307,62442,59646,64188,71575,40579,65462,50595,62373,43578,56798,44993,65140,60618,69944,68007,61613,74102,72184,63759,20804,8789,66155,50338,68726,69847,59487,69215,70748,49114,29025,25032,49281,47770,26602,9167,43139,61430,40126,42191,43199,49070,68708,73691,63292,50842,72321,70966,49931,52920,32274,16795,75507,53503,61156,63015,185,1009,46126,65887,66439,1651,59468,124,64326,59477,77529,73047,53771,62319,70228,56567,61397,73815
,,,,,,,,,,,,,,,,,,,,,,,,,,,,,,,,,,,,,,,,,,,,,,,,,,,,,,,,,,,,,,,,,,,,,,,,,,,,,,,,,,,,,,,,,,,,,,,,,,,,62356,51861,57140,58043,68774,59016,20798,28284,45830,33403,76187,75553,34001,29269,68850,73564,25522,11662,40382,50244,54360,52549,58844,401,54434,43153,73689,71121,42385,64546,31399,70885,61872,60561,64807,51172,54225,9888,68435,74964,69407,42827,24970,35449,67291,66107,37515,54827,68421,50446,39862,5479,68190,34923,66015,67777,68126,63793,70062,71192,64624,64531,64691,66013,15822,56893,71794,75819,55779,56277,50344,47427,20747,26216,65672,59938,62936,52618,73254,68768,48449,69736,65152,63576,67263,776,65474,72079,71095,69588,70823,70892,60448,19040,66338,33191,26281,60515,67865,62706
,,,,,,,,,,,,,,,,,,,,,,,,,,,,,,,,,,,,,,,,,,,,,,,,,,,,,,,,,,,,,,,,,,,,,,,,,,,,,,,,,,,,,,,,,,,,,,,,,,,,49070,44177,44847,43034,38108,72012,73088,73226,8170,23937,71918,72370,63447,64598,68258,57501,66739,20280,60814,4252,67801,66791,71307,13761,60396,74743,66378,72607,19585,43625,39446,43616,67444,69675,27844,5244,53996,674,43422,43367,25642,62526,65674,66633,38390,33973,45665,70524,51169,9936,65999,37017,20123,19796,68235,65496,56501,70589,64062,60738,35508,27620,75835,62582,54898,58273,55199,2971,73522,72941,56235,67749,67716,71458,70839,72401,76270,61371,20106,64345,68482,76529,62747,65713,66678,30585,50594,64397,44955,37644,60388,37063,73679,47657,62144,41333,37466,873,69346,56618
,,,,,,,,,,,,,,,,,,,,,,,,,,,,,,,,,,,,,,,,,,,,,,,,,,,,,,,,,,,,,,,,,,,,,,,,,,,,,,,,,,,,,,,,,,,,,,,,,,,,43737,38945,68190,44288,53386,44484,21040,36523,69249,37176,60449,56988,50069,20371,68187,68228,20727,63874,41397,70629,44888,62765,62454,171,34314,14260,35907,26474,57198,52766,58594,24488,43151,37378,59127,39401,29799,41794,72873,27890,65712,38665,61136,63636,72035,62786,47453,9666,63591,18504,73286,62387,20963,37748,59186,71894,40121,30731,61324,64169,53677,72204,29830,811,71116,68307,59984,62046,58840,45183,38979,20006,74049,69076,30166,62988,67131,71560,55634,49451,66191,67334,62403,38433,70825,44099,8118,22422,57721,13254,69632,65836,64060,44665,41243,48525,58613,45686,67702,901
,,,,,,,,,,,,,,,,,,,,,,,,,,,,,,,,,,,,,,,,,,,,,,,,,,,,,,,,,,,,,,,,,,,,,,,,,,,,,,,,,,,,,,,,,,,,,,,,,,,,73323,64729,59012,24276,25914,8369,41651,38832,47603,46715,53925,31868,65746,38087,66162,49357,69001,11201,68751,61839,35606,42118,45413,118,40903,54414,69246,72341,70223,69433,72978,45219,63616,74934,56280,30389,68174,64749,42580,44576,48912,67597,72015,5274,67548,58837,71135,40725,21207,41999,64500,62056,59367,43569,60657,38269,61672,44145,43379,49754,71608,48790,67270,61251,61006,74060,41682,54088,67758,75623,60465,16481,62950,60206,52869,9321,54764,67465,42565,45268,33543,32169,71528,44317,15935,65886,54577,69314,42610,26518,64381,40297,72621,71581,73321,43246,62031,9016,70758,52532
,,,,,,,,,,,,,,,,,,,,,,,,,,,,,,,,,,,,,,,,,,,,,,,,,,,,,,,,,,,,,,,,,,,,,,,,,,,,,,,,,,,,,,,,,,,,,,,,,,,,33170,47290,65694,18774,51249,67316,47214,24868,18919,62025,12366,67253,43092,52127,59135,37205,67143,70699,52183,54737,72313,43961,40708,17834,62534,373,35208,38653,65394,8480,51932,60616,59534,58447,55131,52263,67028,58265,75794,67453,57409,69516,28251,335,56487,41700,40250,65464,46412,43880,36530,37779,61399,67647,61564,71255,71181,72825,32355,43367,53971,66893,72161,45975,51880,64515,47238,66912,63046,71853,49162,6472,50669,59090,66695,14259,68973,70910,71411,42814,67790,54083,73209,71101,63275,33934,35466,8064,50967,46074,70033,47898,66853,44397,67905,59620,49406,19689,56212,46334
,,,,,,,,,,,,,,,,,,,,,,,,,,,,,,,,,,,,,,,,,,,,,,,,,,,,,,,,,,,,,,,,,,,,,,,,,,,,,,,,,,,,,,,,,,,,,,,,,,,,25264,38836,33195,58062,65613,64407,36358,70121,57089,17604,24097,58928,55112,46815,67827,58923,58124,67552,43312,17900,25232,64015,62162,40883,72307,60831,34771,67329,63627,38876,47119,53964,69505,74510,53853,43421,44926,64612,53150,63979,65445,65610,70924,44517,69079,67147,72167,55870,38419,24454,62523,53844,70579,64500,65805,56960,70692,12569,29477,63504,18547,9494,67839,24308,52941,30835,66898,70119,66501,313,60404,41568,72437,69587,70452,22058,16743,18371,63310,52273,72986,60264,8821,21516,63408,43031,73369,35986,67007,58737,8615,20929,73947,70500,61022,61824,69403,43183,54927,60476
,,,,,,,,,,,,,,,,,,,,,,,,,,,,,,,,,,,,,,,,,,,,,,,,,,,,,,,,,,,,,,,,,,,,,,,,,,,,,,,,,,,,,,,,,,,,,,,,,,,,57524,44234,52440,63084,76042,64910,63280,69881,64656,66883,25020,15318,72301,68579,63804,9561,72478,59289,33411,49434,74730,69627,29711,40948,51575,41388,39583,41934,67032,23709,74544,60535,70036,48946,19168,30649,72644,65794,17334,25250,42124,64117,62912,71936,61408,22172,67091,56636,63152,26333,72038,50210,67758,63256,73338,60759,75418,60418,67017,68768,67833,63149,69948,56249,62223,28917,59657,37329,69635,46990,69285,42248,34675,47968,75795,66212,54356,57092,50750,39458,73625,63467,62801,11810,36673,64662,68407,74165,67410,71931,20300,42019,71637,48248,39958,8092,69502,45448,73465,40432
,,,,,,,,,,,,,,,,,,,,,,,,,,,,,,,,,,,,,,,,,,,,,,,,,,,,,,,,,,,,,,,,,,,,,,,,,,,,,,,,,,,,,,,,,,,,,,,,,,,,52432,17069,52822,9470,52801,49948,68464,56367,48927,30477,25833,48209,59458,56442,37062,6383,65656,43177,41540,36995,34834,65445,30330,38288,36552,13263,62082,46108,30983,32352,63235,59674,56067,65343,73106,68623,64355,38808,70933,43566,70919,69311,69897,26184,53989,48069,26362,28799,46570,35243,72865,26359,56804,42946,63523,56910,53616,19560,43323,31535,74572,64790,62579,53510,29192,28555,66049,69770,49031,51433,70951,59411,67834,58556,56179,20617,64445,2384,39110,52512,67099,22404,37826,67028,41665,49390,68319,63306,65226,66015,69631,62746,72738,67484,30287,59804,51814,61535,64257,54921
,,,,,,,,,,,,,,,,,,,,,,,,,,,,,,,,,,,,,,,,,,,,,,,,,,,,,,,,,,,,,,,,,,,,,,,,,,,,,,,,,,,,,,,,,,,,,,,,,,,,66024,53765,67396,20831,69664,41091,58484,66252,69782,64928,47465,64487,63006,35424,57791,55504,30634,26287,58282,30138,35370,26366,48401,46080,68542,75444,76908,71490,58659,62725,66543,55669,68950,18750,54854,63429,27468,24234,73402,12961,33967,1765,63311,56908,63062,63117,36267,50191,53637,9922,67852,56971,65269,73530,68503,65655,75372,75438,68817,35519,17657,40194,64089,65513,31891,32053,66194,43370,39084,56181,69938,66537,68076,72052,71768,63393,41603,45103,64124,37245,64467,42147,71186,74002,32489,23406,66921,42600,61673,59980,58016,57567,44414,54314,74191,41941,55040,58660,70120,61722
,,,,,,,,,,,,,,,,,,,,,,,,,,,,,,,,,,,,,,,,,,,,,,,,,,,,,,,,,,,,,,,,,,,,,,,,,,,,,,,,,,,,,,,,,,,,,,,,,,,,68153,65979,60743,32312,70776,72173,61120,9001,48550,34209,57492,43511,63272,66255,42152,17910,27279,26137,54301,24360,48343,54749,51948,15635,74717,49843,72418,61213,66753,19907,63649,51074,62092,60517,46249,63829,59592,52290,62526,48963,61309,61878,71814,66203,47850,2709,57070,12260,63226,52320,65002,28590,23684,56248,63932,64286,39134,25310,50975,54393,55967,53696,73866,70480,72372,43730,10015,35211,72291,64326,74641,58675,72148,69350,64878,57936,70376,66893,72424,69313,64022,23824,68012,47091,72732,52446,45993,592,58634,53055,64643,69212,56557,57464,64548,66211,69807,68097,68715,22786
,,,,,,,,,,,,,,,,,,,,,,,,,,,,,,,,,,,,,,,,,,,,,,,,,,,,,,,,,,,,,,,,,,,,,,,,,,,,,,,,,,,,,,,,,,,,,,,,,,,,27314,62721,48724,404,44616,40328,31920,36951,66483,38037,41110,5290,68656,66436,70465,9370,69712,59343,29639,11113,41710,15719,50933,53218,74571,67050,68998,66228,66139,60583,57631,64973,74711,67486,63743,65993,68570,36980,57551,623,17923,24996,45852,6741,34693,52546,35086,51773,8122,74045,62133,6887,62878,72017,28325,1259,70303,58732,71116,71346,21746,50449,64589,61890,53694,27204,43681,22995,58116,61077,73689,67268,50906,54571,50233,36215,63562,21207,59106,64102,65059,65467,42655,31166,62177,55537,59285,59228,65316,72027,63226,7464,38522,73223,63589,61153,56255,47994,68210,49878
,,,,,,,,,,,,,,,,,,,,,,,,,,,,,,,,,,,,,,,,,,,,,,,,,,,,,,,,,,,,,,,,,,,,,,,,,,,,,,,,,,,,,,,,,,,,,,,,,,,,53391,58788,74323,73045,69182,65719,3465,311,49228,30960,58039,56784,53214,65797,64322,68875,39917,65333,66482,73882,20087,1330,32657,66695,62304,67415,30508,23289,59032,17275,40803,69568,45853,67957,14719,67989,74134,32273,46569,48013,45383,55946,59359,23739,44612,63202,65199,7949,50574,56700,211,10546,57519,53778,59779,59341,43964,16514,68935,64870,56553,8566,49269,58018,67837,50953,73813,70050,50578,66524,69061,72383,39751,28322,62477,15693,57917,37913,74039,39009,60906,50472,54233,61444,54545,26081,35376,54015,45798,50175,74619,20222,72499,64692,75274,63610,561,8186,60954,75360
,,,,,,,,,,,,,,,,,,,,,,,,,,,,,,,,,,,,,,,,,,,,,,,,,,,,,,,,,,,,,,,,,,,,,,,,,,,,,,,,,,,,,,,,,,,,,,,,,,,,70575,53980,64721,63907,69586,42994,29169,47737,49125,65834,70506,67652,69693,27490,58776,26567,37079,58821,55440,53299,63329,21723,65701,59454,63141,58525,68367,67321,58581,68144,71157,62149,61758,17354,66000,72005,73533,64157,64386,62596,54587,45694,50476,58332,30108,27917,67036,45212,62167,59643,40478,27179,32505,63018,75819,55752,45935,74670,72702,58432,73304,57623,72466,68742,69206,75246,60745,48915,53466,62852,51864,51534,67692,46555,71774,38784,63744,4833,72065,73048,48840,54522,61369,72358,12937,48344,71860,57470,66966,66243,13611,36139,42392,49856,73332,63947,52359,49528,64418,31879
,,,,,,,,,,,,,,,,,,,,,,,,,,,,,,,,,,,,,,,,,,,,,,,,,,,,,,,,,,,,,,,,,,,,,,,,,,,,,,,,,,,,,,,,,,,,,,,,,,,,71677,48454,34147,10233,59838,39063,62847,2095,21214,65318,64242,71619,60068,71727,56556,47108,58756,67176,39216,31860,63818,75821,64321,61443,71702,23677,72473,72875,52043,53551,46852,55172,73642,62271,69948,52323,61434,1801,69383,45468,53142,39141,57234,50015,36149,32121,63892,68614,50248,48317,71904,71361,72645,59433,68919,42757,65054,69119,61630,56758,59591,12701,64023,66735,31289,803,64301,70111,53240,40443,70991,23826,42467,37978,71851,69755,58199,58994,68514,57322,62892,13695,57581,32563,68214,68118,63693,60298,72676,61597,56105,53410,46023,8716,61985,58793,72983,58384,40620,31729
,,,,,,,,,,,,,,,,,,,,,,,,,,,,,,,,,,,,,,,,,,,,,,,,,,,,,,,,,,,,,,,,,,,,,,,,,,,,,,,,,,,,,,,,,,,,,,,,,,,,34727,63431,71077,1526,73901,70979,58390,858,63682,51791,73830,65007,58493,60505,65216,72438,63374,40743,33781,55406,46811,59802,55030,59097,41340,23804,64559,52816,69510,72792,62565,42375,8902,10302,67215,62544,58242,57935,67166,10181,68471,12646,41253,42347,67774,47445,59477,50180,47903,35098,35132,62264,62846,68704,56131,68845,67079,49555,72221,65692,44072,51506,72657,62508,67618,52301,72245,61464,27922,61873,53840,41645,47631,43684,71997,45560,68512,73359,46090,73023,70130,69021,26624,42178,63377,27951,51962,62910,73350,67947,76679,68711,71360,69359,44509,55316,62068,49671,46327,49275
,,,,,,,,,,,,,,,,,,,,,,,,,,,,,,,,,,,,,,,,,,,,,,,,,,,,,,,,,,,,,,,,,,,,,,,,,,,,,,,,,,,,,,,,,,,,,,,,,,,,74606,72924,37520,259,71348,30332,22426,320,1388,7927,64198,56197,47493,485,51137,53384,67068,70802,74838,61769,73997,22058,76735,70631,58919,73449,63939,76090,49893,241,49113,49632,69804,68318,66521,61061,61146,63975,63293,20744,72437,74779,15284,19373,48068,69355,67710,45690,23146,30719,63763,50876,11054,335,31207,31933,67877,49569,63924,75096,64935,30662,72608,20409,60966,67737,25306,37237,25869,3898,63194,64586,74494,52520,71670,53697,68850,13025,60766,170,71953,68314,50901,63460,63659,40912,47169,30388,49558,42508,61734,61051,70364,9162,72394,37559,72571,75655,33492,39551
,,,,,,,,,,,,,,,,,,,,,,,,,,,,,,,,,,,,,,,,,,,,,,,,,,,,,,,,,,,,,,,,,,,,,,,,,,,,,,,,,,,,,,,,,,,,,,,,,,,,72031,44213,73254,31765,27362,843,60882,74548,73343,64174,40870,56023,77158,68894,56283,374,51352,46234,72708,27652,51042,49855,50781,415,57938,73443,53073,50878,63665,49594,43662,75113,59862,50090,70540,10469,65551,61851,61564,30690,56747,26585,40804,64998,67542,53834,58372,57950,40864,72667,63536,58694,1397,21473,54197,59846,64863,30443,55915,55568,72345,16642,65281,12150,65015,65920,8314,58972,67942,19545,43654,10222,67850,35048,61245,65843,67963,64780,69190,71123,45684,55865,37165,29916,45497,64773,74385,74507,66681,62266,16732,31027,66162,69630,68257,33471,45192,53716,38094,35400
,,,,,,,,,,,,,,,,,,,,,,,,,,,,,,,,,,,,,,,,,,,,,,,,,,,,,,,,,,,,,,,,,,,,,,,,,,,,,,,,,,,,,,,,,,,,,,,,,,,,47754,7723,57203,62596,32120,40015,66437,65021,70872,71211,10397,219,66128,47101,72665,71951,55738,68315,50805,28231,69080,72757,14688,42862,58987,271,68058,56256,53154,4043,48813,36690,64908,43538,66393,670,52371,49176,70571,10517,56214,57555,70893,74561,73218,68802,70803,30801,70771,39915,70894,68327,69415,70175,25587,14101,51125,28706,74210,64822,9174,31458,41064,15290,52661,44300,60832,58446,65542,65765,63823,39556,68221,63832,48818,44227,54782,48234,74997,62430,75699,69430,18908,11046,68870,53663,55583,72669,60311,42513,13043,47885,68076,62801,43651,32470,70034,55664,66095,11681
,,,,,,,,,,,,,,,,,,,,,,,,,,,,,,,,,,,,,,,,,,,,,,,,,,,,,,,,,,,,,,,,,,,,,,,,,,,,,,,,,,,,,,,,,,,,,,,,,,,,63836,72411,8560,14794,40146,16680,54914,53453,62351,65688,61328,57370,66758,68153,32124,33337,61422,42497,57679,44184,67701,28558,34616,50080,65330,65999,72256,67531,66657,56758,42348,17395,66570,75796,65480,58687,23832,59034,44330,8054,51625,29613,68064,25287,62741,69889,73730,57260,73472,64033,24310,55466,70843,65582,56160,12488,60248,58881,51344,59959,62268,65510,46837,44474,39448,45876,64329,1982,73572,31608,46636,59016,70892,68988,53649,9281,41664,68799,63477,47357,56385,46398,72636,72750,53249,67383,72720,54534,59088,65500,45725,32582,70688,41172,67131,50266,66158,65023,49549,10965
,,,,,,,,,,,,,,,,,,,,,,,,,,,,,,,,,,,,,,,,,,,,,,,,,,,,,,,,,,,,,,,,,,,,,,,,,,,,,,,,,,,,,,,,,,,,,,,,,,,,70687,28200,73604,56860,71084,37298,57965,9645,69584,59708,66093,63117,72653,46235,12813,14519,64228,33427,70917,65226,71850,47490,62179,62545,42472,33260,65417,45378,74825,69612,45827,45771,846,44026,62662,8342,65221,23665,33324,58988,55198,31505,73102,67174,50117,50078,72063,62713,65280,64748,51560,57236,67727,49577,66971,63020,18824,10793,70406,2784,51014,46990,68960,60911,68226,65112,4404,1780,67278,11793,76883,63692,56533,49591,62958,11656,70139,39126,62278,53695,61187,68811,59083,42969,67513,42570,20607,64218,56519,32039,67371,53032,61116,47381,67965,67199,68479,70798,45377,64789
,,,,,,,,,,,,,,,,,,,,,,,,,,,,,,,,,,,,,,,,,,,,,,,,,,,,,,,,,,,,,,,,,,,,,,,,,,,,,,,,,,,,,,,,,,,,,,,,,,,,71689,57152,74363,57768,59987,50507,69882,66273,72280,72554,63939,59228,64088,34265,68046,40729,40669,73571,62552,62450,35156,76253,76534,65417,68453,69619,70012,68704,57314,43077,72638,42069,69673,63690,10319,61783,32467,38687,53960,57222,73712,28343,58787,72529,52765,63796,53257,51908,41385,13137,22576,38354,38529,47781,66585,30624,53694,63920,72841,59162,68183,62661,36819,54752,27351,8543,68524,9149,57756,53623,73461,49068,65026,56235,52146,63728,70106,58444,75005,62561,59890,62228,62021,68421,71761,54583,31589,25921,57662,61549,36724,31597,67954,51502,45368,16197,66556,44040,45731,49921
,,,,,,,,,,,,,,,,,,,,,,,,,,,,,,,,,,,,,,,,,,,,,,,,,,,,,,,,,,,,,,,,,,,,,,,,,,,,,,,,,,,,,,,,,,,,,,,,,,,,73394,41665,68070,17760,75043,56851,61052,69387,66489,52181,51527,52799,48837,71697,65524,963,29593,52461,51695,45160,61139,57105,72294,60838,69573,61061,66071,61267,64706,937,74519,72604,42558,12154,67816,61177,58778,34357,53761,51145,62674,628,63553,533,65956,39010,13951,64290,48169,75925,73773,59715,39469,132,61562,66473,63753,59339,9230,16706,64405,49503,71239,14715,45458,719,73313,2534,67495,74689,42709,11831,3259,65989,68798,73443,74112,33230,55061,40824,67893,56550,28492,62415,66859,71277,65262,16652,58841,40959,42780,978,68239,63248,66859,28915,69476,48305,54909,48679
,,,,,,,,,,,,,,,,,,,,,,,,,,,,,,,,,,,,,,,,,,,,,,,,,,,,,,,,,,,,,,,,,,,,,,,,,,,,,,,,,,,,,,,,,,,,,,,,,,,,69292,67527,73651,56467,60958,61315,57337,71005,69135,66290,47739,38398,72112,32057,53855,58297,62113,66863,71782,67331,57302,67921,63574,28886,55388,44039,66134,64384,72209,22533,42013,41969,57444,17584,29007,65286,63206,47924,71401,30393,69386,67912,55390,46548,58070,67338,41916,29503,69717,26730,19734,41804,73498,68865,29037,69646,64798,65781,58040,63061,36794,45117,66257,67647,38667,34601,46358,65475,71554,66527,53956,32881,70052,68729,68789,30146,72801,35682,69597,72227,61462,29490,69939,51913,59454,1628,66893,48986,40908,45041,74013,66630,43945,69208,68925,51377,47404,49434,59413,58443
,,,,,,,,,,,,,,,,,,,,,,,,,,,,,,,,,,,,,,,,,,,,,,,,,,,,,,,,,,,,,,,,,,,,,,,,,,,,,,,,,,,,,,,,,,,,,,,,,,,,24305,30576,60577,69866,57749,67486,69673,74380,66478,27348,11037,70260,51167,50172,67376,552,59690,42651,60073,69264,19952,39116,41121,65002,58271,8061,68269,6842,71631,69962,52207,63759,73569,8827,68001,72908,74262,46433,61688,67781,42677,64676,73128,61952,75039,55783,65687,21827,41725,14426,67792,50453,71359,68196,63544,73452,20713,15346,62007,38484,72423,63661,59272,72007,73486,59250,25714,23056,64197,63841,44507,58417,40963,47530,27030,66152,32200,53270,58952,43792,64845,72050,73374,39279,52736,52754,30548,25148,54051,57674,52982,46385,49406,35981,45855,52294,66233,69059,63882,18363
,,,,,,,,,,,,,,,,,,,,,,,,,,,,,,,,,,,,,,,,,,,,,,,,,,,,,,,,,,,,,,,,,,,,,,,,,,,,,,,,,,,,,,,,,,,,,,,,,,,,42299,44009,69645,74892,66053,70114,50759,46537,41115,32470,60820,57775,1005,8101,55969,34601,72755,54123,41718,50088,66101,32221,55695,51607,72336,70445,59537,53194,73655,52292,60247,67985,60753,50187,70647,54132,66679,65272,32788,45644,64060,63898,70075,59538,51884,60534,74038,72182,37141,55945,69263,74760,55194,56528,45191,26392,65982,48220,72591,74903,75640,46228,41613,10990,65082,58595,53153,54207,60403,69414,62156,68593,75624,66177,72821,64820,15235,53926,75297,50232,63066,67754,71387,73364,50202,45105,62677,66847,59944,264,71264,67114,70407,63255,70716,66529,51092,40146,74459,41096
,,,,,,,,,,,,,,,,,,,,,,,,,,,,,,,,,,,,,,,,,,,,,,,,,,,,,,,,,,,,,,,,,,,,,,,,,,,,,,,,,,,,,,,,,,,,,,,,,,,,54160,48480,69412,72324,65285,71578,52162,66094,41240,55634,45906,17127,75300,73150,71816,69698,65137,61328,69787,11146,62290,43722,56848,55945,73088,57216,75097,42650,60800,59644,64209,65549,71444,37415,58860,65603,51940,50968,63418,26772,50273,72177,70985,39810,72892,61229,64308,69057,62889,65734,65344,261,60108,55203,58802,62495,69702,64747,45656,38790,68378,56806,31550,47330,40079,59972,50942,38721,44815,48101,65076,58764,50551,45189,68568,46824,46278,8869,58131,60431,1342,29194,57744,39126,59530,66875,66623,55519,73081,63472,68382,59540,71654,62391,1855,785,60646,65800,65062,72607
,,,,,,,,,,,,,,,,,,,,,,,,,,,,,,,,,,,,,,,,,,,,,,,,,,,,,,,,,,,,,,,,,,,,,,,,,,,,,,,,,,,,,,,,,,,,,,,,,,,,65694,61402,26808,43524,73449,60336,57188,24559,71947,69948,71680,68082,73302,45569,63768,47556,72827,65228,38647,55544,17403,2492,11576,32088,74237,69118,63264,65108,36951,8381,64596,47416,38277,31792,59023,14844,72496,11037,46834,791,53574,64363,64893,70798,71315,50762,70167,51465,67855,63798,63127,27470,55160,49857,68931,8724,59579,64832,40481,48911,27969,7559,66822,49097,50386,60093,65128,67252,76318,63498,51677,60404,59544,17381,51558,60841,60479,2189,22092,38682,73044,39665,50439,11762,59541,70766,74873,71340,72021,59257,50504,46534,65268,68114,56337,10922,36133,39261,50000,62584
,,,,,,,,,,,,,,,,,,,,,,,,,,,,,,,,,,,,,,,,,,,,,,,,,,,,,,,,,,,,,,,,,,,,,,,,,,,,,,,,,,,,,,,,,,,,,,,,,,,,26783,40304,41027,16562,60406,54648,61077,47598,71684,49373,40187,10076,66739,10653,61514,12279,56798,65315,49695,59646,39014,56194,44882,47961,50115,59952,73694,61407,51542,21818,60752,30250,70824,62760,68724,52363,44324,53579,38830,2141,67456,72404,58620,47120,45585,43275,70815,66120,12002,33397,64360,74623,69637,67271,65327,77274,48313,41078,58547,56310,61382,39474,44816,59353,69796,55099,61530,47946,10950,62031,64368,66408,64155,68377,43296,19603,68248,24138,63028,46043,67776,73053,47134,71902,49174,49121,67054,75784,51019,61583,69787,47148,30037,21115,75418,54804,66124,63236,60249,30083
,,,,,,,,,,,,,,,,,,,,,,,,,,,,,,,,,,,,,,,,,,,,,,,,,,,,,,,,,,,,,,,,,,,,,,,,,,,,,,,,,,,,,,,,,,,,,,,,,,,,52527,14133,64076,44609,74646,60309,46722,764,68529,68014,73640,56288,65592,49823,64056,58042,69848,52941,60721,72144,40101,43410,44129,48139,67778,38974,50797,52168,57608,44328,71398,69642,34369,5095,69971,66410,50690,56733,64943,73320,46605,58095,64818,39976,76041,9009,71019,67251,69292,75016,36556,67359,64149,61634,65629,71001,46425,39652,75069,66642,69203,65384,72291,59357,71195,11133,68100,68798,74046,38668,70994,64042,73662,73769,59582,16061,74690,45595,71875,64722,63642,71610,51513,516,65989,42245,58038,61005,72354,44844,12174,38398,63143,64801,1140,5929,68952,17283,37149,60595
,,,,,,,,,,,,,,,,,,,,,,,,,,,,,,,,,,,,,,,,,,,,,,,,,,,,,,,,,,,,,,,,,,,,,,,,,,,,,,,,,,,,,,,,,,,,,,,,,,,,27608,13926,59631,41665,71398,70521,75334,73532,65233,44666,21002,46315,68295,47098,64724,62116,67402,55697,48192,54667,64100,64466,56957,36939,25881,67831,41541,54012,72735,53475,74413,55539,22997,9365,67030,67522,29945,42671,25935,21356,68159,69813,32001,65201,68455,69177,57820,49073,65365,56659,73445,74179,63942,65590,33164,54803,64234,74467,58896,49772,30597,59275,73718,55372,73075,70374,71327,69978,48729,63448,66710,65318,64998,60144,63502,48977,64347,39521,65907,60017,68134,63619,68354,11061,38355,65444,66644,10694,72734,76188,68520,52985,73372,52320,74359,69061,72705,49703,66172,39463
,,,,,,,,,,,,,,,,,,,,,,,,,,,,,,,,,,,,,,,,,,,,,,,,,,,,,,,,,,,,,,,,,,,,,,,,,,,,,,,,,,,,,,,,,,,,,,,,,,,,31132,8538,62407,60460,48160,57344,1131,7947,64182,72120,68769,74569,53672,19115,47688,42079,66270,61052,53529,52005,47523,58358,70563,65461,73869,60472,63890,59767,47385,58841,73160,66092,69442,71167,55750,64200,48069,40913,71977,41024,65071,59005,353,13162,48999,61283,71432,65819,66265,58828,76610,73377,18333,56190,75343,67928,73130,63332,38198,71797,41847,63387,62714,63787,64081,44761,66635,29723,34612,35797,69348,7769,65674,71308,13976,67108,71818,54065,64913,44593,54685,49388,70858,34784,41045,29583,40256,59103,44185,44830,61459,34374,65841,36948,59795,61714,57418,46383,63076,65963
,,,,,,,,,,,,,,,,,,,,,,,,,,,,,,,,,,,,,,,,,,,,,,,,,,,,,,,,,,,,,,,,,,,,,,,,,,,,,,,,,,,,,,,,,,,,,,,,,,,,66105,55136,59702,16490,27367,27474,66108,71113,50567,37150,45235,51197,76308,53445,68338,56468,35793,62942,66943,75114,7842,32082,67644,73739,67024,42514,68073,72957,73778,52526,42503,59106,14964,40622,67264,40381,59726,63334,63632,71201,71080,72483,73096,76116,44124,50843,65594,29768,64672,67269,59508,71513,63015,24466,73765,71064,69555,61405,52603,67736,64689,14538,35132,28245,68433,71602,53404,62023,70279,44267,72683,65612,35803,70790,70328,14847,49019,70254,54185,40385,52842,16652,16098,37629,71240,50525,74962,62620,61564,50076,39955,11930,58089,54540,59667,56005,61739,66285,62786,52884
,,,,,,,,,,,,,,,,,,,,,,,,,,,,,,,,,,,,,,,,,,,,,,,,,,,,,,,,,,,,,,,,,,,,,,,,,,,,,,,,,,,,,,,,,,,,,,,,,,,,56051,40131,49152,25875,65307,66929,35347,46045,31944,867,71303,73647,61367,70046,61898,62273,45587,58472,70562,20202,71608,34836,60827,56562,61366,57056,71815,62520,64566,69313,59031,37076,69741,65449,66340,16908,47062,34010,58718,52337,57813,71312,18727,1804,64443,2378,46753,50060,64790,66250,69979,2837,40713,37456,62377,72212,63453,50650,18742,66971,66787,70414,18539,39634,48521,56861,75132,45868,36994,16964,71967,70108,73361,75022,75056,75375,68029,24554,42239,62394,68335,29359,73547,63136,44652,43131,66396,31476,64227,59685,65077,68470,48091,42990,26379,45059,68544,59911,73196,66838
,,,,,,,,,,,,,,,,,,,,,,,,,,,,,,,,,,,,,,,,,,,,,,,,,,,,,,,,,,,,,,,,,,,,,,,,,,,,,,,,,,,,,,,,,,,,,,,,,,,,54374,63101,53538,9555,59327,50647,69208,66152,68853,31829,67254,65803,49716,23256,64391,39669,65557,48126,52791,64484,25930,56927,68591,69772,57696,59570,58729,66098,73781,54136,65216,67307,55215,2446,52493,51051,73687,72645,71669,63087,69444,69569,36407,42345,56503,73777,70460,67001,30064,25465,62791,63513,66247,48347,47507,73684,64179,63657,55635,60525,57448,55392,61535,36251,50766,47945,60538,56071,45022,30926,70713,61735,38659,1715,50539,47343,70196,66891,55942,53209,64474,39227,59287,69032,71482,41418,37217,58901,74479,20693,65248,59614,42825,42733,68277,22454,70861,62410,72930,39088
,,,,,,,,,,,,,,,,,,,,,,,,,,,,,,,,,,,,,,,,,,,,,,,,,,,,,,,,,,,,,,,,,,,,,,,,,,,,,,,,,,,,,,,,,,,,,,,,,,,,63776,74297,41960,39777,69679,1609,65203,65581,74903,69143,37645,42178,67817,50693,55895,68801,67950,67621,62702,21519,66472,71942,50630,45197,37528,6845,60496,45048,64314,18127,17746,12448,26265,11942,72693,22973,45772,53420,20349,29724,18659,27709,12915,56484,41226,54634,55991,46721,69247,16930,62336,57016,53702,53113,63761,51438,70617,40997,63927,52290,65437,50824,56717,18967,55195,1404,39423,61184,74010,68563,71032,69345,29183,19305,61344,50160,49289,32483,67367,21504,36810,61388,63626,66347,74059,47072,65747,57484,48999,28669,74213,73195,1252,2678,50405,11173,29479,71100,61259,53075
,,,,,,,,,,,,,,,,,,,,,,,,,,,,,,,,,,,,,,,,,,,,,,,,,,,,,,,,,,,,,,,,,,,,,,,,,,,,,,,,,,,,,,,,,,,,,,,,,,,,29979,9146,68623,72884,30421,57225,71763,62210,60972,57365,30560,27315,63975,61500,48434,60403,72723,60848,74284,58662,71481,77270,42787,15298,64767,19295,66933,69075,63928,62913,38648,31787,67723,68069,69147,63002,15546,48537,68113,44205,72987,43664,70152,71451,66552,44979,24048,14278,70741,60469,60308,62406,60169,2401,67348,9846,71803,49608,36118,5569,73908,62094,39272,52534,60696,35770,73277,68044,68669,62784,69943,24392,71747,57965,69301,39614,51195,51700,66194,62143,67154,62929,73794,52947,7168,9548,64439,65261,44889,61869,36592,42883,49449,39564,17082,67443,36032,61124,64981,38814
,,,,,,,,,,,,,,,,,,,,,,,,,,,,,,,,,,,,,,,,,,,,,,,,,,,,,,,,,,,,,,,,,,,,,,,,,,,,,,,,,,,,,,,,,,,,,,,,,,,,54527,19721,27787,59685,54446,60814,72567,62116,56585,50450,46032,28455,56348,66185,20802,23605,75255,56284,72356,67740,74259,72984,44347,39621,47682,44088,26226,13647,19948,48000,74188,63580,71128,55626,60377,46343,60589,40195,72345,60624,63228,11618,44400,47940,67133,64084,70663,69974,46037,51354,69361,51394,56748,25278,29250,20789,50747,43475,64568,44989,39574,53123,60734,75508,52339,30525,3046,703,69136,34620,65463,30429,64056,14705,61648,61779,57344,44740,64911,19378,45221,13611,30650,25981,67111,71189,36509,4349,8359,41415,66710,54118,50493,65811,64763,65380,39671,49849,23823,1392
,,,,,,,,,,,,,,,,,,,,,,,,,,,,,,,,,,,,,,,,,,,,,,,,,,,,,,,,,,,,,,,,,,,,,,,,,,,,,,,,,,,,,,,,,,,,,,,,,,,,73234,38951,64596,23198,69592,74772,70425,40118,72271,47964,69952,66860,72530,42746,61431,55067,58409,204,16991,20471,65927,67252,73484,39846,69046,44126,65267,72682,69010,67369,59700,46898,56438,54467,62371,47636,75521,70757,57998,54903,71009,60697,66523,44427,63554,18238,72954,44457,34356,66655,34672,54751,65277,64397,69759,68548,56274,56453,43052,15987,65384,49029,51360,50582,47356,43549,70169,66798,62449,1046,67847,75611,56244,46254,67982,68415,71987,64061,64276,69977,25350,71242,45353,20695,50517,29411,73728,49990,58185,60160,73814,72692,62825,17924,38836,37927,60628,11442,26731,41650
,,,,,,,,,,,,,,,,,,,,,,,,,,,,,,,,,,,,,,,,,,,,,,,,,,,,,,,,,,,,,,,,,,,,,,,,,,,,,,,,,,,,,,,,,,,,,,,,,,,,59074,66651,70988,48866,8124,35113,11480,17247,65957,59576,47190,64149,63694,64320,12028,10305,61583,64875,72680,63871,46414,66735,73817,66885,65574,64965,61314,49347,72882,56851,48579,45387,64794,65059,47805,31581,31709,56642,54869,15724,43922,73322,45157,67791,71579,65214,58921,63519,49050,65289,15747,13018,62712,41913,44535,48495,74659,74774,68187,65960,60737,51761,61818,46562,4313,596,17489,29047,61118,18343,73258,69449,23791,66135,33096,64862,57766,63363,54618,47194,73843,73530,47939,42883,62022,62886,57053,33648,44664,133,63500,47888,67457,38213,62549,63408,47323,33202,58265,68169
,,,,,,,,,,,,,,,,,,,,,,,,,,,,,,,,,,,,,,,,,,,,,,,,,,,,,,,,,,,,,,,,,,,,,,,,,,,,,,,,,,,,,,,,,,,,,,,,,,,,45786,19801,65090,56322,72799,11189,67184,72250,67323,41692,61264,55059,60699,56631,66908,45876,3247,814,63068,49848,56420,58934,67887,9350,58351,18023,943,8974,39874,8260,74508,51532,15722,39130,59163,13615,41197,49386,68352,19011,28664,55937,60619,24756,38735,58319,62913,70314,30753,55374,75651,71215,28794,378,64514,57641,69400,72996,28254,63437,74635,48422,68554,72942,62970,40233,72744,69536,50131,33498,26207,10313,42359,67508,10211,31126,59196,71270,72697,55517,49850,31113,22393,34644,51172,1382,60016,56578,35406,53096,43385,11843,64506,66659,45298,26029,68744,65842,77047,39401
,,,,,,,,,,,,,,,,,,,,,,,,,,,,,,,,,,,,,,,,,,,,,,,,,,,,,,,,,,,,,,,,,,,,,,,,,,,,,,,,,,,,,,,,,,,,,,,,,,,,73527,75293,45758,15764,72045,74469,42322,68839,46834,66607,59448,61890,62750,72557,68298,36454,21627,63750,73240,42793,71398,63243,44510,40024,61495,63144,39824,44496,70975,68392,72175,43065,36780,39203,59183,1305,52519,62666,65757,50107,74712,76032,67190,10518,62049,72134,73848,60450,49797,50760,74189,59893,71212,8784,33818,21542,49871,64015,20340,24113,43061,61329,52727,65844,32062,33830,67890,44805,62814,60894,43715,42538,64938,9958,55131,23416,5099,1830,72443,55722,47659,49187,60224,62204,72401,31365,66989,72869,56819,50734,31286,40098,51995,54270,52853,49947,33308,4404,68836,41287
,,,,,,,,,,,,,,,,,,,,,,,,,,,,,,,,,,,,,,,,,,,,,,,,,,,,,,,,,,,,,,,,,,,,,,,,,,,,,,,,,,,,,,,,,,,,,,,,,,,,73754,63254,70704,49415,41386,25928,75533,47569,64869,69800,62218,74429,8843,692,3863,378,66498,69186,69591,38270,44690,54798,47372,21801,59114,47466,42303,50642,30508,66620,66029,62468,66832,8885,56717,59633,72166,59868,73751,29621,13962,3068,47510,72612,54160,68543,53396,11504,58095,47726,5520,10018,58372,73244,55761,66362,57366,54527,66356,44578,71900,52097,56629,61952,39435,40337,43249,55418,66979,62621,59956,70287,70893,48587,71227,72887,61642,46563,76598,70468,67262,70673,71265,47916,36722,44415,41491,58180,60941,243,36182,28785,59509,50894,67285,35983,67631,70610,35887,63026
,,,,,,,,,,,,,,,,,,,,,,,,,,,,,,,,,,,,,,,,,,,,,,,,,,,,,,,,,,,,,,,,,,,,,,,,,,,,,,,,,,,,,,,,,,,,,,,,,,,,67102,55810,46824,5274,11476,58387,73508,45456,39921,54118,36407,66662,59099,32095,62059,65846,60785,30276,40340,8122,49128,205,57797,22414,41948,46765,10630,49940,44402,55904,58511,8340,59784,35849,71183,67444,72263,60928,61920,71870,1824,872,21062,29478,69208,72290,70255,26575,33544,50360,64741,51415,72456,46570,54480,42657,61801,344,57489,68285,71097,68299,22612,52533,32609,41202,64353,57426,73572,73707,75173,56644,69343,63322,66964,60753,67696,42766,18290,744,58711,63621,73812,70673,41847,52629,43227,11056,67048,5768,38758,47095,62126,63510,61460,63461,63647,24760,59477,64421
,,,,,,,,,,,,,,,,,,,,,,,,,,,,,,,,,,,,,,,,,,,,,,,,,,,,,,,,,,,,,,,,,,,,,,,,,,,,,,,,,,,,,,,,,,,,,,,,,,,,65466,73867,70608,58321,50618,62912,17773,15505,61116,33919,74104,62467,62167,70798,68674,30130,68149,31259,73811,38610,32736,22192,72380,71267,50922,71243,34104,47643,66295,71771,74129,2971,26818,28272,68429,37877,37662,63899,49777,30474,23601,51995,54232,23256,48035,610,64199,44228,74095,64169,67742,58087,58713,70250,38650,74311,51543,13027,39198,47051,65373,60016,44584,40716,62348,70470,61197,54420,70990,63050,70015,65419,65879,68766,1046,888,69973,9773,66114,18356,52032,24593,70945,17162,63820,69993,71156,70889,66670,62280,34327,20427,47161,44614,47034,8633,72638,41957,69074,53137
,,,,,,,,,,,,,,,,,,,,,,,,,,,,,,,,,,,,,,,,,,,,,,,,,,,,,,,,,,,,,,,,,,,,,,,,,,,,,,,,,,,,,,,,,,,,,,,,,,,,62169,54470,46128,62630,70193,71960,60801,69846,35880,28602,34594,71611,62067,61642,50481,58135,56316,54091,40544,17990,17165,8588,58767,11354,69759,45713,68776,67780,54994,47281,69688,24223,70524,20662,46952,53728,67534,68803,71287,56937,66052,17056,62791,53959,35018,43200,60738,72504,17381,9964,59330,61288,39575,65911,68637,47281,26110,272,64900,68707,55554,64278,69670,73977,73694,62738,41846,34478,67103,36348,64663,27202,72491,54213,58825,59218,74966,16672,70936,70151,30901,56748,17541,18858,73057,67724,72469,70262,35864,34560,61376,51455,58933,67495,71390,65174,63599,65533,32411,1855
,,,,,,,,,,,,,,,,,,,,,,,,,,,,,,,,,,,,,,,,,,,,,,,,,,,,,,,,,,,,,,,,,,,,,,,,,,,,,,,,,,,,,,,,,,,,,,,,,,,,44247,43935,70330,75812,59065,16858,48853,532,70851,65082,38355,71623,71220,53195,73924,47189,66749,19450,68840,73308,69977,75199,72058,23614,54123,62926,68265,72170,70044,48655,60108,65353,73703,34576,54593,60965,65983,1090,64443,65330,58581,62440,64634,8213,70314,65671,63794,68856,69530,65254,72299,43704,57540,44811,74547,48322,67669,57720,40106,52597,56578,66839,51435,60775,67543,65671,65610,7776,65830,50119,28861,20244,46242,57963,57106,50735,71084,57397,59787,32720,62241,2154,25083,50110,63781,52983,59134,24153,45139,20319,75094,74196,66049,52615,43384,53432,42808,63519,33406,2304
,,,,,,,,,,,,,,,,,,,,,,,,,,,,,,,,,,,,,,,,,,,,,,,,,,,,,,,,,,,,,,,,,,,,,,,,,,,,,,,,,,,,,,,,,,,,,,,,,,,,72307,54356,72808,69685,61367,59718,22429,27837,60318,40907,52886,266,66799,11800,71279,72851,67363,49787,8466,8103,45234,34765,71383,59588,11688,1444,64941,47280,25299,35476,59797,61742,44087,9910,64156,5060,64284,35059,74456,72643,71630,60259,73672,42822,67523,72267,72056,72422,48046,14318,52782,54273,57341,45820,68070,39247,70860,33176,28923,1522,17950,36135,54240,2254,73746,47519,60741,64371,54312,49413,58758,61619,69299,59279,29569,8533,69628,64982,61148,36205,21857,58933,69526,40462,65802,74934,74245,10352,70700,25336,61983,60022,41797,16346,75810,51070,74561,54072,68723,63586
,,,,,,,,,,,,,,,,,,,,,,,,,,,,,,,,,,,,,,,,,,,,,,,,,,,,,,,,,,,,,,,,,,,,,,,,,,,,,,,,,,,,,,,,,,,,,,,,,,,,62901,25631,59388,11964,69899,72148,67744,49520,32552,48733,69269,26950,27507,33204,51490,52134,47805,17008,63365,65321,71902,71893,21142,62834,70345,66657,52895,41341,56154,42691,71869,73902,34643,68813,71698,68511,72357,45892,29497,25245,73825,68757,25726,35184,65859,61249,71739,67119,67907,60712,55692,56781,69794,68052,49425,52230,74613,73187,52299,44218,45853,50187,71730,74900,60414,17756,29018,18625,11405,59856,44885,20873,39803,40236,57790,45080,74124,68875,31193,684,21486,42546,60822,65972,50407,51338,47987,25274,8002,23529,34501,54945,41979,63264,72138,75388,70572,67983,71365,69085
,,,,,,,,,,,,,,,,,,,,,,,,,,,,,,,,,,,,,,,,,,,,,,,,,,,,,,,,,,,,,,,,,,,,,,,,,,,,,,,,,,,,,,,,,,,,,,,,,,,,49538,50608,43232,67398,66069,50970,55195,50630,67193,32593,42310,50083,58519,8900,32793,7665,64281,2844,71274,65710,75241,71583,72369,37003,57442,66425,64730,10730,50994,39509,52571,68486,29259,410,56407,50659,64369,66805,48476,8682,14418,30535,55850,36130,53909,72262,44010,2742,39343,13529,71782,16281,67339,53931,48533,59184,65663,8769,61327,64910,62194,72632,58582,212,64338,48351,16306,11961,69750,59090,75733,40664,68379,70310,69853,60898,70256,66500,69255,68477,48624,9836,73859,68996,67701,69086,74563,50374,66744,69834,70492,72574,43151,10788,75630,72908,26495,14662,70069,38561
,,,,,,,,,,,,,,,,,,,,,,,,,,,,,,,,,,,,,,,,,,,,,,,,,,,,,,,,,,,,,,,,,,,,,,,,,,,,,,,,,,,,,,,,,,,,,,,,,,,,74137,70234,67853,67074,59621,24747,68783,71949,25112,1233,36274,71869,61879,43777,62198,45138,24609,9901,73907,68873,60448,42915,52797,52948,42425,56907,67435,66645,51991,59631,73753,54625,75953,73233,35003,57787,21172,55451,61803,63117,60123,53557,62818,49704,67120,35631,57233,1041,43301,31773,28876,27672,67304,72473,60423,66082,61259,60136,8998,3347,14587,56766,26704,69147,8784,14868,62204,45288,59977,63032,67572,53715,41768,44451,71455,70757,11802,53710,64095,41830,52451,282,72322,48407,66067,65732,71332,37414,54951,64359,55497,33197,67775,65635,60154,60858,64183,230,65063,66293
,,,,,,,,,,,,,,,,,,,,,,,,,,,,,,,,,,,,,,,,,,,,,,,,,,,,,,,,,,,,,,,,,,,,,,,,,,,,,,,,,,,,,,,,,,,,,,,,,,,,49294,32658,70205,57037,21316,62103,73799,50322,67008,54707,71546,13829,74849,62219,57780,57028,64462,44991,71821,71329,67262,800,65330,10955,31623,19001,38380,3275,58243,72625,76961,58560,60540,14086,44775,45893,69630,66608,73718,68777,51146,43777,68461,75510,47976,61164,47407,46229,32597,11176,53681,17803,72683,63308,66007,48376,69228,48129,46281,17761,61950,54098,52609,61531,57734,55665,60858,7822,62130,75894,62095,28341,75359,68638,60093,54620,57802,49840,57419,69622,46929,16338,75747,70237,37885,46751,71496,64960,65584,55185,52940,57160,49110,63920,65498,68730,38266,223,54035,39340
,,,,,,,,,,,,,,,,,,,,,,,,,,,,,,,,,,,,,,,,,,,,,,,,,,,,,,,,,,,,,,,,,,,,,,,,,,,,,,,,,,,,,,,,,,,,,,,,,,,,50643,70421,51497,4919,68067,36110,71318,27488,74621,72450,65191,54251,73145,64682,50573,56200,23126,13353,49230,34866,63498,53458,65922,67130,71312,72429,37526,70493,74489,71514,72095,74323,43034,18440,39425,23172,24928,937,51459,28556,70009,65890,71542,42647,33293,64971,37775,53538,51674,57040,15505,10576,49229,45701,73729,68076,63546,56671,65182,47080,74048,8227,69783,63054,73986,73094,24872,571,59362,66770,67659,27925,59820,58068,64714,35267,66212,52848,76710,59006,54586,73600,63822,26200,59853,43850,64640,32057,49592,74216,61902,54353,52139,41110,56760,46187,60591,65867,64414,52283
,,,,,,,,,,,,,,,,,,,,,,,,,,,,,,,,,,,,,,,,,,,,,,,,,,,,,,,,,,,,,,,,,,,,,,,,,,,,,,,,,,,,,,,,,,,,,,,,,,,,42610,47417,64450,60460,60732,29894,40017,74098,63750,35124,69249,47520,69054,68059,12622,53095,58137,38745,64895,71434,71784,70842,40859,3391,73854,74477,67692,42870,67412,43471,75360,74891,61140,65212,65106,9362,64619,69738,66144,47112,63891,50208,55149,60411,58892,63376,64929,9514,64957,10605,56893,51091,76119,54248,49190,64792,35842,38908,19884,43869,60746,55351,52266,13093,47263,40488,57900,74860,36161,66986,71751,72893,72694,67167,66124,64982,34175,45797,72185,72041,72186,67644,61348,240,50433,19691,64718,31385,52606,40161,67509,32547,64731,62727,51037,67815,57241,57683,51377,44910
,,,,,,,,,,,,,,,,,,,,,,,,,,,,,,,,,,,,,,,,,,,,,,,,,,,,,,,,,,,,,,,,,,,,,,,,,,,,,,,,,,,,,,,,,,,,,,,,,,,,72526,72786,68435,59148,57116,62674,45199,43538,63345,4224,68802,518,40931,1018,66632,51179,67823,55257,73600,66266,57097,58032,73235,70411,68833,67993,68863,70896,63027,66574,72896,58011,64580,57769,72637,63696,26860,45946,27724,50843,70689,30276,18226,63217,57448,100,73529,68568,60699,71047,47090,37143,42041,33892,61079,37864,72326,73669,27546,884,60138,67557,51031,56692,18475,36150,45198,12744,49381,44227,67937,33785,61327,273,71428,56420,72362,23991,53482,9432,71359,4796,10336,18411,54963,69244,74441,70216,52793,54146,56617,56959,34841,20715,29344,61419,62775,46759,53593,64968
,,,,,,,,,,,,,,,,,,,,,,,,,,,,,,,,,,,,,,,,,,,,,,,,,,,,,,,,,,,,,,,,,,,,,,,,,,,,,,,,,,,,,,,,,,,,,,,,,,,,54214,56001,56602,71119,49005,71633,73444,38520,57843,50683,65640,51945,53136,63575,69129,44729,72952,53639,32850,59259,66712,49076,67982,66815,63683,58494,61805,39778,73705,62015,33529,22611,44753,864,63490,70582,323,214,71795,53869,23222,40629,58581,304,72869,36868,69451,44582,69570,64167,63063,67902,62743,61027,15975,907,68264,65165,59858,66417,25424,26312,75146,73386,34561,24586,42024,49640,39094,57273,74281,72080,73673,59572,70632,69634,71623,28635,73240,70602,11974,67149,31411,33526,44678,50546,9119,7407,57143,43087,54572,36973,62450,59337,63448,10204,55560,58954,49317,53575
,,,,,,,,,,,,,,,,,,,,,,,,,,,,,,,,,,,,,,,,,,,,,,,,,,,,,,,,,,,,,,,,,,,,,,,,,,,,,,,,,,,,,,,,,,,,,,,,,,,,44708,48858,66626,57542,44821,264,30531,57278,39794,43342,68393,39924,24191,48040,38040,45098,69719,72310,66110,62920,60166,9536,66049,65208,11491,14763,65027,60274,71051,55158,67341,68817,73098,71095,8127,18139,72553,57507,29121,69333,73250,67160,71999,65494,71151,25848,17698,53791,55826,61843,2655,5981,54558,42426,52084,61750,26868,61410,66395,19324,68451,74699,22705,20084,44992,42682,31883,42074,67637,38618,60213,59211,51974,65689,76207,68379,66271,52547,68012,54070,61240,12792,52888,64668,35304,28722,44024,145,49440,61611,69772,75402,72138,61403,35297,17920,52051,44945,62745,28632
,,,,,,,,,,,,,,,,,,,,,,,,,,,,,,,,,,,,,,,,,,,,,,,,,,,,,,,,,,,,,,,,,,,,,,,,,,,,,,,,,,,,,,,,,,,,,,,,,,,,63660,63829,73104,52782,62581,59016,62054,12299,57267,50277,69581,19299,74446,61204,70686,63595,72825,66948,71646,35741,75985,62723,48321,223,63194,41525,65397,71910,64687,66104,72030,60830,70332,75070,73581,42805,72989,34629,13401,415,47605,47543,66354,57011,54183,50413,65659,639,63478,56887,34530,17870,73781,36137,65026,53182,71092,30285,72756,58210,9392,34046,69721,66954,73874,68170,46752,43704,51140,58773,23185,62738,53306,556,69340,73735,77497,57436,71079,27924,58896,46149,75930,55720,43586,48079,55001,43045,63631,68517,62019,53878,71697,60531,60565,41012,66865,59067,69766,70838
,,,,,,,,,,,,,,,,,,,,,,,,,,,,,,,,,,,,,,,,,,,,,,,,,,,,,,,,,,,,,,,,,,,,,,,,,,,,,,,,,,,,,,,,,,,,,,,,,,,,46103,52585,61546,52600,61786,69208,42514,63366,66781,36466,57669,66955,64070,51548,71064,47303,56601,65743,14286,53884,43071,62802,52769,45440,65094,76588,23383,70456,40191,51561,56614,9806,61571,44567,19983,8304,25144,536,32754,43347,70555,68961,55810,62823,70442,35844,70352,74849,53961,62618,188,22119,68089,59190,65069,76056,57472,64871,53269,48588,43298,61429,50847,61676,56653,38535,69752,34264,57721,34128,53325,41267,52160,55715,53922,57025,76361,72433,67361,31309,50396,39171,41034,39489,29657,43423,72817,49020,71094,67468,49280,60870,58677,73812,66673,59041,45392,35676,73030,46089
,,,,,,,,,,,,,,,,,,,,,,,,,,,,,,,,,,,,,,,,,,,,,,,,,,,,,,,,,,,,,,,,,,,,,,,,,,,,,,,,,,,,,,,,,,,,,,,,,,,,69985,36397,72617,21469,46953,68885,56006,39985,64823,8609,46412,63965,68418,49125,65722,67265,65992,64521,38270,37606,71694,72027,70736,64795,55607,63805,48832,68920,50436,2452,60333,64774,65201,67816,72626,61785,61483,23028,62311,44209,23276,42809,60104,58341,50292,71998,74016,54564,67816,66509,57176,44998,61560,63637,57363,51178,58193,16079,71789,54198,59317,51805,73467,67914,74017,67474,73832,66171,54281,65905,32468,54364,49106,51793,69009,73911,69347,56532,65385,45325,47475,60479,57554,65401,18231,53851,43160,32392,58858,45977,69633,73004,64446,56624,51091,472,31801,67812,40472,18131
,,,,,,,,,,,,,,,,,,,,,,,,,,,,,,,,,,,,,,,,,,,,,,,,,,,,,,,,,,,,,,,,,,,,,,,,,,,,,,,,,,,,,,,,,,,,,,,,,,,,72726,48340,62548,514,66978,72613,48707,49146,61266,61066,53582,63910,50385,39182,53288,15232,75879,31014,38385,55603,69525,72278,72490,35325,60943,44974,70394,60884,74739,58549,74226,68011,55821,55267,66245,55278,72885,61890,72721,73811,52080,34195,73611,43046,68261,71024,15062,63841,64296,566,68370,45346,52846,66355,50712,76515,64160,52791,62829,61292,49808,62666,36027,30972,73259,66455,100,7436,58618,65837,72836,67948,64851,48032,38024,65993,72969,70345,68688,50379,37373,43470,32796,39302,42359,16046,47381,8079,70836,73432,36847,70420,56108,191,62535,47241,70556,46908,68860,66281
,,,,,,,,,,,,,,,,,,,,,,,,,,,,,,,,,,,,,,,,,,,,,,,,,,,,,,,,,,,,,,,,,,,,,,,,,,,,,,,,,,,,,,,,,,,,,,,,,,,,71581,68593,70074,43993,68267,8147,54258,37683,55304,52081,69000,70058,26678,55186,63208,31694,61659,25077,54348,19870,33931,14298,67268,50572,59410,51599,56988,12496,70816,33952,37137,24448,59462,65254,69387,54660,46664,18278,75248,66176,70016,71324,62345,63786,66889,41271,52374,32536,72473,50517,66655,58516,66345,65187,48791,35696,51651,11567,26936,33645,68732,9789,58089,54345,27805,867,54349,27964,72479,49925,46212,31995,64790,36959,71420,71284,71337,59541,68650,61402,30842,50303,61413,52549,64738,16230,74863,56806,61678,12034,71779,68138,66204,73757,67192,18772,65495,56121,72728,44454
,,,,,,,,,,,,,,,,,,,,,,,,,,,,,,,,,,,,,,,,,,,,,,,,,,,,,,,,,,,,,,,,,,,,,,,,,,,,,,,,,,,,,,,,,,,,,,,,,,,,64509,70116,610,2357,64283,59152,62857,56776,50461,64214,71629,54993,51306,41214,72273,64534,67938,50773,7615,26474,70014,58072,55040,57920,70748,58980,60479,432,69312,21773,38180,56958,56199,54849,73376,66555,38651,39705,66508,59613,37652,64533,32421,487,68511,60969,17238,27768,71895,39924,62012,50954,29669,18820,66477,66697,63252,40033,70767,29758,67611,38713,74415,46618,52070,41648,18852,35835,67143,69672,75484,71623,35937,40174,53087,52684,68109,52563,41519,27280,71636,65351,52531,67061,67038,37513,62060,60412,51558,39251,70516,77006,35843,70014,46892,57461,47931,71767,74023,65164
,,,,,,,,,,,,,,,,,,,,,,,,,,,,,,,,,,,,,,,,,,,,,,,,,,,,,,,,,,,,,,,,,,,,,,,,,,,,,,,,,,,,,,,,,,,,,,,,,,,,73209,45650,43469,37846,69778,4443,66173,58244,31119,66554,57511,21228,72135,64826,63928,55784,34182,50466,52073,200,41679,58239,65445,59525,63347,48750,1095,223,66795,67927,60804,9047,70022,43008,70446,56983,65328,46257,46990,52569,68082,39829,60535,62108,69443,31599,56787,29813,73143,64631,61181,67400,59899,52281,55787,31222,74376,74282,43197,43927,45612,53878,74681,72053,66173,46117,20582,50258,51486,33299,45374,74254,74501,63290,37503,11713,69989,1369,40929,59674,65225,68265,43145,1407,73420,42811,40434,37489,59271,51821,56716,45695,52295,41732,34441,15876,75238,73906,74233,72630
,,,,,,,,,,,,,,,,,,,,,,,,,,,,,,,,,,,,,,,,,,,,,,,,,,,,,,,,,,,,,,,,,,,,,,,,,,,,,,,,,,,,,,,,,,,,,,,,,,,,48886,33606,51773,68606,53473,62824,56750,60562,46091,41119,39597,45881,61532,68350,56057,9822,66767,1223,33657,30121,57187,45955,75241,66818,43998,22682,55455,55414,38986,67723,65137,65674,67592,58476,59860,72240,57196,71462,30367,1388,70770,61874,64045,2937,51140,41281,50958,859,71866,59628,69817,72765,50758,65566,66069,43873,25301,29987,55257,33890,58753,38354,37211,496,63803,71561,66496,55521,70863,58685,68795,53105,73267,58062,74599,57260,68601,48174,49574,22855,26341,2115,71223,36477,70094,64786,40119,40318,26296,613,48443,61346,72064,35342,65331,576,74265,68710,74943,47932
,,,,,,,,,,,,,,,,,,,,,,,,,,,,,,,,,,,,,,,,,,,,,,,,,,,,,,,,,,,,,,,,,,,,,,,,,,,,,,,,,,,,,,,,,,,,,,,,,,,,1989,16424,73902,43994,55333,10720,58729,30377,52098,68744,70495,60778,59918,37913,72646,53886,39920,34971,70333,38408,61028,65682,67447,64008,73591,72783,58201,62456,63572,42630,71848,72300,55447,57187,46148,72668,60931,73651,29397,36115,34836,68082,45844,36933,56607,26584,59173,25807,47216,64799,75047,54270,67709,51745,54227,59687,61908,63560,54090,60784,64595,3943,38304,431,56366,33462,69079,65255,57923,71922,72944,71092,69173,63308,51037,64494,73996,48961,65244,40204,49907,46564,28871,69432,37298,19299,65327,928,54282,60564,31749,42995,72243,56320,26580,46919,56080,54196,62442,57361
,,,,,,,,,,,,,,,,,,,,,,,,,,,,,,,,,,,,,,,,,,,,,,,,,,,,,,,,,,,,,,,,,,,,,,,,,,,,,,,,,,,,,,,,,,,,,,,,,,,,39517,52011,71026,51269,60617,58405,49426,17607,55458,43541,67920,72496,61893,60743,71742,67175,64292,69599,66902,866,50840,66496,55183,72510,42070,54739,71984,60556,45833,50280,43297,33648,57074,37780,74341,34174,67729,51702,66301,21262,18753,47276,60908,65088,32737,40021,54469,48244,3407,42644,65072,55302,63815,48322,58894,68060,66471,48829,57850,49867,8509,50275,71198,54904,48990,68364,70835,55817,67199,36044,56445,35340,53011,43868,59010,53674,70466,17874,38770,1339,43184,69633,72296,63471,70195,74174,68085,39392,51927,447,71465,45635,49249,57855,64450,77283,72443,67953,70576,70807
,,,,,,,,,,,,,,,,,,,,,,,,,,,,,,,,,,,,,,,,,,,,,,,,,,,,,,,,,,,,,,,,,,,,,,,,,,,,,,,,,,,,,,,,,,,,,,,,,,,,16959,42851,41726,10063,55696,69083,62263,30300,49839,9133,69014,74760,71297,40444,69830,62760,67497,45969,54785,38760,67624,59281,69516,55760,54814,16449,65613,52638,62133,61312,72481,24856,68198,58218,52066,62510,73352,68448,61800,69748,61980,63366,41036,50961,53503,65689,40677,44792,66839,500,59952,39473,68955,71989,74139,64002,68846,50613,64465,64249,75287,69379,53677,16354,54648,63359,50136,38221,60147,36051,70055,64018,69382,39850,67907,68042,59500,56355,53719,55702,75350,67431,51395,26813,64712,62599,73022,63242,66167,55781,72794,63122,33427,33245,44010,45350,31624,25624,57642,64339
,,,,,,,,,,,,,,,,,,,,,,,,,,,,,,,,,,,,,,,,,,,,,,,,,,,,,,,,,,,,,,,,,,,,,,,,,,,,,,,,,,,,,,,,,,,,,,,,,,,,29859,22628,33161,64901,62740,71317,49481,17595,61721,62389,8564,7789,61426,66391,71918,65705,64615,68202,36698,43038,56589,34980,65189,34902,74412,61987,49468,51643,43136,51478,66165,53111,58958,1882,61104,69196,45443,52785,69980,73945,42763,38443,70700,45593,23021,126,71961,52176,73254,18823,63419,60981,60806,47735,72418,72739,52909,10261,74364,52203,60246,9613,58181,73690,74756,74182,61135,65066,61722,54276,62567,19797,65520,60563,72603,65911,70167,814,66768,7972,73190,34439,33694,3168,72543,44651,35266,48274,71549,47311,73508,70852,73211,75049,72358,39588,35673,25856,70608,32558
,,,,,,,,,,,,,,,,,,,,,,,,,,,,,,,,,,,,,,,,,,,,,,,,,,,,,,,,,,,,,,,,,,,,,,,,,,,,,,,,,,,,,,,,,,,,,,,,,,,,74425,70678,60047,17360,61445,3195,45783,55188,72357,61990,67957,66705,40657,57542,62204,72861,45186,71247,69802,39403,44107,41941,23809,31889,70611,27708,59660,5394,54535,67612,67074,50697,25406,3623,70657,38166,66231,63563,68296,34747,74306,72716,50728,50906,71578,1094,46797,59259,41997,60370,60214,21538,72465,49125,73908,70138,44575,39610,43954,384,32873,2661,67967,67525,58845,22977,35948,8069,61198,18540,60098,53210,67789,50173,69156,24688,57886,17597,74419,38493,63650,65432,68956,73175,75630,37603,16990,11454,61160,7806,38386,37712,53120,43635,21718,44093,57580,425,63768,61229
,,,,,,,,,,,,,,,,,,,,,,,,,,,,,,,,,,,,,,,,,,,,,,,,,,,,,,,,,,,,,,,,,,,,,,,,,,,,,,,,,,,,,,,,,,,,,,,,,,,,44126,67815,68406,70469,73070,47353,69572,54864,62937,11221,35388,39389,70489,10999,56526,50060,76068,67166,42944,40739,70198,66694,71948,54102,72650,50566,73058,65833,63451,60188,65551,49211,47915,54011,65875,63566,2201,796,73528,470,65320,74604,60860,71605,32057,19828,73549,47168,41659,24279,67544,20424,32345,44076,66483,44611,74002,39315,65005,52002,44079,56188,21585,48820,75308,44783,48918,32499,63039,68516,65137,63770,49893,48482,70421,48160,66680,64917,61716,38763,37131,19820,38418,47262,66823,21517,58111,50075,56799,70256,73456,38376,74312,35695,66927,71093,24297,11092,66223,66216
,,,,,,,,,,,,,,,,,,,,,,,,,,,,,,,,,,,,,,,,,,,,,,,,,,,,,,,,,,,,,,,,,,,,,,,,,,,,,,,,,,,,,,,,,,,,,,,,,,,,70035,67278,64840,40743,38825,53223,75027,67816,62418,57853,40794,69716,68340,69466,34307,1026,28040,7527,18599,1439,72764,61090,37453,57374,63096,75278,57145,47372,57929,33791,63843,56618,60253,44156,70294,29121,61653,55572,62711,44325,52489,62559,68393,57510,25637,25896,74151,57421,14874,63965,63398,66590,39465,4124,34142,71524,73541,15289,38698,2650,72405,36207,65244,63143,62864,23818,31302,51096,72655,8502,65201,18107,74015,62202,55960,45353,46834,57590,42843,59616,66000,37935,73515,60013,40080,14515,19961,643,72625,59906,67298,50471,72922,60642,58579,75360,44043,69299,35539,3264
,,,,,,,,,,,,,,,,,,,,,,,,,,,,,,,,,,,,,,,,,,,,,,,,,,,,,,,,,,,,,,,,,,,,,,,,,,,,,,,,,,,,,,,,,,,,,,,,,,,,59105,25969,61663,75701,66233,70095,38894,56498,11384,9436,19739,228,51443,44752,64011,65674,17713,41895,37542,37843,69697,67872,74370,74426,39891,43442,68924,55236,37707,40218,57273,21082,70920,43884,64165,31979,62130,64921,66570,68215,61986,42230,65073,51155,41372,10143,74911,62113,43719,37082,214,10217,54330,48615,63984,55575,17123,484,70406,66522,50803,43256,69878,46838,65976,13012,48518,801,40133,46928,71527,67367,72619,72662,58027,61886,73490,69134,30131,46965,65221,57410,66225,69539,67782,74121,50021,53839,67153,68109,28565,546,52199,54458,58216,56528,67088,2408,53909,26631
,,,,,,,,,,,,,,,,,,,,,,,,,,,,,,,,,,,,,,,,,,,,,,,,,,,,,,,,,,,,,,,,,,,,,,,,,,,,,,,,,,,,,,,,,,,,,,,,,,,,58615,61099,12616,8598,63112,38947,28539,41393,32650,25223,71830,40734,58554,70910,76727,51942,31708,30704,48505,39789,54646,64787,40852,52180,70446,10210,31669,58301,69118,74136,64987,19909,72591,39109,41335,22494,37288,39528,38314,61322,35770,33747,70656,74760,64742,39057,73316,67642,50942,51926,53193,9512,69411,74569,34945,67268,52385,38354,15368,71204,69565,73028,21661,2593,65564,65970,55763,45210,61065,70103,63718,57088,62656,65461,63093,6861,70315,74472,31471,7254,69509,65572,56179,29553,61494,65987,10335,67463,73163,49749,66805,37482,70259,25081,29831,29644,70480,74269,52669,69378
,,,,,,,,,,,,,,,,,,,,,,,,,,,,,,,,,,,,,,,,,,,,,,,,,,,,,,,,,,,,,,,,,,,,,,,,,,,,,,,,,,,,,,,,,,,,,,,,,,,,46581,50340,50822,66705,54970,64744,42981,44511,32780,53927,51037,45592,62824,57738,59856,60397,42929,11716,71677,45755,37827,49376,60453,59921,68958,72600,67588,44502,28582,71284,71803,44055,28815,23218,68847,16056,69255,48450,71338,17719,37598,74400,70559,74327,19926,20935,46486,63875,74078,73014,64356,64175,8877,17107,66334,35304,71635,25189,9289,2278,60883,67428,67510,67139,38202,46293,46933,37043,71879,74455,67556,49790,59861,53150,23655,49471,72685,65905,58523,45788,70260,24103,65408,1438,74093,66492,32320,72024,44446,21349,68510,63981,56034,29574,55795,57008,69186,29736,51960,22352
,,,,,,,,,,,,,,,,,,,,,,,,,,,,,,,,,,,,,,,,,,,,,,,,,,,,,,,,,,,,,,,,,,,,,,,,,,,,,,,,,,,,,,,,,,,,,,,,,,,,72178,40779,67683,15419,50295,2310,66840,66438,54526,50005,55726,14845,72366,70430,67749,65502,27333,18916,67688,71638,69267,24212,70214,28957,35564,60915,68324,70349,62675,73225,70661,51237,53774,60463,72492,32240,69110,70726,66386,70808,47008,23878,44736,63909,41792,37046,75879,72992,51502,71872,67966,60707,46295,60418,53633,36515,42663,69771,61161,66742,73171,73621,947,2192,60388,67581,65389,8320,53179,58805,73437,69839,62323,72246,769,595,74461,66413,32922,35551,55004,73487,63794,1053,65292,57097,34813,68471,33014,39183,56376,53122,76055,73427,59604,47366,55048,45466,67626,24678
,,,,,,,,,,,,,,,,,,,,,,,,,,,,,,,,,,,,,,,,,,,,,,,,,,,,,,,,,,,,,,,,,,,,,,,,,,,,,,,,,,,,,,,,,,,,,,,,,,,,70714,70312,1209,2560,41217,43128,17429,216,71325,51773,69362,36748,72586,65134,54070,60450,57015,55084,65366,42386,69872,66349,28474,55799,40950,53197,72951,60499,53078,50394,70703,35199,66139,240,74750,57518,69785,51837,28860,35929,51705,43059,69398,67333,38510,56269,58927,71233,67330,68303,45107,47356,58789,58611,43018,71130,59524,1711,64509,30846,48948,64230,71865,37987,54451,59549,76431,57100,41559,53197,42589,41592,41900,33946,30232,13033,44832,44151,70206,75343,51582,66418,71224,72270,68396,75112,35697,10172,43306,634,15254,72194,58203,53526,39619,9959,75758,65353,46856,37526
,,,,,,,,,,,,,,,,,,,,,,,,,,,,,,,,,,,,,,,,,,,,,,,,,,,,,,,,,,,,,,,,,,,,,,,,,,,,,,,,,,,,,,,,,,,,,,,,,,,,71695,54829,70523,75497,64667,67604,46063,70425,72202,71053,69759,38454,45122,60739,43933,53689,55089,64501,52496,57063,279,53565,42814,52838,46414,37345,42212,58738,67220,49752,64208,61281,72970,58090,54225,10212,65076,19328,72197,73249,61946,68664,36512,62377,70081,73301,46545,69008,49388,41591,66022,53829,68758,68313,58853,57053,72725,51408,48851,48358,54945,40974,73020,64599,71358,58112,48569,34305,37413,14005,71654,66084,71799,68969,75066,66692,73411,62345,66446,40772,45485,68624,52465,55534,41949,1656,73181,50053,44483,72179,75276,72730,41485,25645,70533,68613,67036,10392,56161,65042
,,,,,,,,,,,,,,,,,,,,,,,,,,,,,,,,,,,,,,,,,,,,,,,,,,,,,,,,,,,,,,,,,,,,,,,,,,,,,,,,,,,,,,,,,,,,,,,,,,,,27855,68242,73950,29555,59938,73921,41954,21518,58079,51757,56674,30506,63375,68595,64073,59152,59441,36226,9151,17373,61234,59837,40830,54246,71672,72500,71464,41910,59592,66982,51404,46617,60053,58917,49626,51270,73931,63074,51457,58025,70804,31598,41159,25000,29598,1474,64069,59328,73776,37767,73839,60928,70856,74657,60394,51941,72734,60283,74639,68984,39647,9576,37539,72091,69399,20386,70447,67495,37541,6867,69366,55090,72670,898,53310,23984,10795,30311,45825,58279,54314,56114,68230,67508,54870,56297,33344,65603,72359,65102,57970,54598,44681,66044,56131,72282,45585,48345,64707,340
,,,,,,,,,,,,,,,,,,,,,,,,,,,,,,,,,,,,,,,,,,,,,,,,,,,,,,,,,,,,,,,,,,,,,,,,,,,,,,,,,,,,,,,,,,,,,,,,,,,,44667,64665,42995,20626,30174,18374,52873,49078,59011,38109,50786,70443,29244,44372,71211,66363,68774,60041,38147,61561,75141,69605,59429,73965,70547,50906,72146,70691,73724,67841,73493,52765,66886,71435,33891,10860,75620,72005,71603,42719,64277,35010,73500,41244,73821,64665,60275,61080,71926,73031,72586,67291,65010,41354,72664,66772,73534,73982,35482,48784,65894,61281,67506,30083,69341,53248,66444,69121,61256,71660,47246,38569,70692,66728,32742,72832,63852,68773,55133,63216,71209,66159,56687,69612,52302,55022,46693,17611,63216,61333,71387,1942,63499,48568,38520,70917,58742,63745,74770,47551
,,,,,,,,,,,,,,,,,,,,,,,,,,,,,,,,,,,,,,,,,,,,,,,,,,,,,,,,,,,,,,,,,,,,,,,,,,,,,,,,,,,,,,,,,,,,,,,,,,,,63725,48991,64703,39965,16766,8082,60143,43554,61305,61775,60339,67584,72827,59946,73076,57631,69350,69162,46072,31163,73071,68814,22251,48393,63194,56976,65875,59037,71879,37872,70716,17609,65968,44367,69579,33186,67331,71479,72492,69168,47427,58391,76288,78221,67410,70496,49714,56213,70305,40876,51414,62656,49584,863,74265,48153,62962,64719,54052,35362,40920,25518,61618,23357,68607,70354,74348,75581,47827,52446,73616,66927,69556,31340,63642,35606,69632,68755,69054,51576,61677,8530,58532,22131,40837,54195,71095,576,76201,70490,61362,34322,71594,73936,72338,74609,74947,63582,30347,35555
,,,,,,,,,,,,,,,,,,,,,,,,,,,,,,,,,,,,,,,,,,,,,,,,,,,,,,,,,,,,,,,,,,,,,,,,,,,,,,,,,,,,,,,,,,,,,,,,,,,,70999,51698,74563,62638,66142,68853,59335,57574,49895,46940,49801,60968,72704,57523,63271,68100,45859,16886,70839,46198,59392,57797,10367,65507,62098,62932,70024,41567,73079,72100,74337,39963,66317,52471,68595,46844,59620,3821,19492,22784,43962,64079,65298,55927,60264,40389,71004,64369,61353,69983,60299,71541,72754,78380,72656,69141,73518,68134,33733,35863,49417,40939,68458,17566,37783,47087,67166,41837,75238,61673,68864,58362,63048,42098,50623,28707,36866,41995,65697,50276,62033,507,56180,64921,40495,40797,61951,52030,67046,68342,62336,24636,54208,23819,60004,52561,62724,72439,40024,45985
,,,,,,,,,,,,,,,,,,,,,,,,,,,,,,,,,,,,,,,,,,,,,,,,,,,,,,,,,,,,,,,,,,,,,,,,,,,,,,,,,,,,,,,,,,,,,,,,,,,,40905,61671,64890,430,67280,69166,65253,32117,57936,562,68040,50202,28048,62988,57301,58111,76137,53253,66216,69131,68027,62600,67285,67230,39910,33613,62245,46339,34984,27532,52459,71462,18101,1551,67981,61115,42758,68216,56021,8674,71994,57059,65557,49195,73082,68788,44745,52566,69051,76508,13417,2540,34962,63278,66126,75467,37044,44442,72883,74780,66686,64891,72393,74695,70663,28327,54286,28875,40013,18692,66695,46163,65376,55259,63921,50325,63154,64977,27592,39786,59284,52222,27715,56424,66988,59693,52724,70290,67738,50166,67671,67097,56863,33721,65441,46713,64660,30146,27144,22555
,,,,,,,,,,,,,,,,,,,,,,,,,,,,,,,,,,,,,,,,,,,,,,,,,,,,,,,,,,,,,,,,,,,,,,,,,,,,,,,,,,,,,,,,,,,,,,,,,,,,53218,44080,72608,73541,39476,22578,20199,50078,63138,65450,64920,64043,43364,44099,60516,68094,32135,776,69195,73925,73066,51026,65897,14671,70161,13212,39298,71239,55110,42228,68703,72235,72715,57973,68808,62306,50227,58599,68023,42314,56830,74572,55269,59680,35941,69043,41542,62378,74822,71739,73787,67778,52956,43164,69112,52762,75498,56882,63973,22249,69710,66223,64445,65014,56976,65266,28916,34580,28897,15310,74103,70737,57006,42162,6269,604,69884,68999,61608,8349,32867,39297,51646,61142,69773,19686,63025,62377,30001,24314,59518,57223,64589,71221,72474,71725,40887,35788,63741,76164
,,,,,,,,,,,,,,,,,,,,,,,,,,,,,,,,,,,,,,,,,,,,,,,,,,,,,,,,,,,,,,,,,,,,,,,,,,,,,,,,,,,,,,,,,,,,,,,,,,,,42754,31617,63938,65255,72759,30463,60916,70713,49737,374,55545,34297,68913,58940,56557,75280,64777,47007,66094,59810,33325,59974,72813,63671,54299,62945,60920,57191,70340,24142,67900,73473,51158,23212,29473,33745,68549,69312,48500,244,48076,65320,56337,16700,73464,76127,32258,49915,27158,40677,22351,55583,69587,74354,54486,50515,63713,56580,58150,37801,73488,48784,53047,62966,47311,55497,72493,62250,63868,8280,37023,34767,69385,52996,65469,59569,73405,69744,20406,59670,56565,56106,68991,75458,65635,66034,59298,46436,47597,60085,73990,75092,76308,76290,74201,55467,38369,39152,73258,62082
,,,,,,,,,,,,,,,,,,,,,,,,,,,,,,,,,,,,,,,,,,,,,,,,,,,,,,,,,,,,,,,,,,,,,,,,,,,,,,,,,,,,,,,,,,,,,,,,,,,,7869,59746,63498,62309,55421,40226,53545,64227,74282,17564,73186,67005,72074,72776,51338,51140,50146,49250,61740,4768,69058,29900,63999,45930,50074,60800,63118,17148,58447,58248,60924,59379,28860,2658,64962,47629,65293,67694,67355,27685,66741,58582,62483,69558,72080,75347,55607,50215,10472,631,64792,59922,75086,68420,64322,59107,60159,69747,74648,72332,70119,52525,60238,26253,51335,43166,57647,61034,53321,67834,63757,64675,45355,42940,65077,42411,70272,65597,73468,71083,47300,2493,63949,48812,62429,57692,62340,66698,74719,49653,63843,33607,66998,58166,57692,53405,66946,28480,53890,52913
,,,,,,,,,,,,,,,,,,,,,,,,,,,,,,,,,,,,,,,,,,,,,,,,,,,,,,,,,,,,,,,,,,,,,,,,,,,,,,,,,,,,,,,,,,,,,,,,,,,,51036,59739,45338,3160,36780,30194,73422,65008,67806,54576,60139,64784,62405,37923,52862,56946,59480,66192,72725,69699,50591,68875,73856,69281,55698,68756,63049,29434,28067,25519,70019,70735,60917,64892,42469,55266,70531,52094,75925,70790,63333,41506,54360,39002,67028,66798,61774,60738,52029,50694,70404,71887,58440,71955,64547,57438,51548,28242,75985,61476,67849,63587,47622,55437,61990,65332,73548,74224,60829,66116,53313,60658,44316,76383,72356,8910,38615,30455,63654,38346,56140,69250,49421,46860,57086,14797,72084,65890,64804,46873,47819,53228,63753,72744,69674,55158,60558,38467,62248,52096
,,,,,,,,,,,,,,,,,,,,,,,,,,,,,,,,,,,,,,,,,,,,,,,,,,,,,,,,,,,,,,,,,,,,,,,,,,,,,,,,,,,,,,,,,,,,,,,,,,,,73832,52877,64947,35435,56050,49924,56748,65602,53417,44595,64603,57085,15234,675,67508,64363,67708,42202,63627,52669,63290,50479,53873,61577,61224,75309,71664,48943,30041,872,56806,39914,53944,65205,65400,64114,69383,10175,73135,73054,67993,67760,43064,34751,67067,28293,63063,71309,69910,10746,75799,59297,69290,55670,68489,69938,19738,67247,59844,56899,63725,55869,71452,70461,62572,69738,59794,66139,69317,52457,74705,69332,74305,59763,66435,19272,66877,62002,60107,71601,74294,43248,62860,54096,73226,68097,68353,36700,53885,41304,59929,67821,28344,27987,74840,66502,69824,68158,51665,51411
,,,,,,,,,,,,,,,,,,,,,,,,,,,,,,,,,,,,,,,,,,,,,,,,,,,,,,,,,,,,,,,,,,,,,,,,,,,,,,,,,,,,,,,,,,,,,,,,,,,,59096,58374,68981,68574,71333,70995,72739,41089,72036,72384,66024,38612,71739,25016,34198,41796,34282,58926,67664,73983,74028,68724,40455,74561,57128,52956,53813,61113,60010,73332,73525,72736,69048,64833,60304,58411,37738,41749,49090,24970,52222,23162,52083,64445,15527,68658,38124,34380,41737,65835,69238,65462,72111,53027,40683,151,54980,48151,69525,72155,66814,65400,66364,60525,29073,29781,53533,48193,58381,62996,65948,18175,60549,40448,20281,23671,61615,71729,72866,64985,66538,64712,52806,68039,52975,73902,70350,74643,50935,62401,69794,71459,29943,32601,19232,39090,54384,61243,62061,24015
,,,,,,,,,,,,,,,,,,,,,,,,,,,,,,,,,,,,,,,,,,,,,,,,,,,,,,,,,,,,,,,,,,,,,,,,,,,,,,,,,,,,,,,,,,,,,,,,,,,,17594,27426,37530,30368,27287,35469,21963,642,71129,69689,69629,65897,38210,49693,34198,2090,230,10273,70359,55087,57463,54189,73903,59826,40764,27664,32120,53864,48726,53420,58429,46724,60243,63427,72484,73479,64868,46221,66885,72959,50471,49952,34648,41247,73950,70488,54139,58646,73569,74107,46049,69968,71118,43450,59072,73577,49801,5272,54605,60525,68708,64813,74045,34290,74341,42960,60388,51970,65392,60824,66016,67770,68874,35342,72520,64434,75258,71290,1316,7095,67240,47860,46783,11783,52101,35080,48395,51766,66705,71286,52626,40533,59698,20836,57856,11645,75122,52429,62889,63250
,,,,,,,,,,,,,,,,,,,,,,,,,,,,,,,,,,,,,,,,,,,,,,,,,,,,,,,,,,,,,,,,,,,,,,,,,,,,,,,,,,,,,,,,,,,,,,,,,,,,21861,69204,69567,38165,70399,48938,76364,62987,76203,61538,69517,72772,70059,68882,74623,63745,64694,60160,52072,52941,74465,50160,56272,41001,52831,56351,68902,72242,72745,65400,56334,70392,47607,67031,63481,41050,48797,57475,64251,71135,69555,62395,68133,45641,68656,28078,73792,72056,65585,12705,56798,56768,34585,68464,71284,30141,65233,36631,32595,44768,61978,72853,73511,42107,73062,29803,69944,59386,37565,66165,53801,53321,75002,57504,72451,64459,52622,42626,73760,53734,34420,35318,67594,30917,43417,67685,61486,67908,74162,52071,69163,54439,45306,15611,59926,69668,27175,52192,55204,24105
,,,,,,,,,,,,,,,,,,,,,,,,,,,,,,,,,,,,,,,,,,,,,,,,,,,,,,,,,,,,,,,,,,,,,,,,,,,,,,,,,,,,,,,,,,,,,,,,,,,,60046,53928,66987,53003,66814,76636,54740,22342,56058,56315,63658,53146,736,9082,18469,9760,75675,73818,49835,69285,65234,72515,73263,54927,43587,56409,22497,47340,59097,53184,52171,66568,53056,56271,67597,40538,64537,62587,72367,61285,59830,51797,47099,58074,69834,58990,73244,68059,56117,59070,68828,335,45929,60933,65385,71548,60659,75542,62049,77838,62465,1569,63010,57715,71553,70380,18785,26079,72954,72546,65770,70178,77989,72612,64443,59989,69221,25535,44849,65927,59043,17777,68714,74079,68593,60186,58272,27224,63658,206,46540,60257,72301,58114,175,37548,62329,74011,45070,56302
,,,,,,,,,,,,,,,,,,,,,,,,,,,,,,,,,,,,,,,,,,,,,,,,,,,,,,,,,,,,,,,,,,,,,,,,,,,,,,,,,,,,,,,,,,,,,,,,,,,,71344,45676,77062,74818,45473,14096,60119,42663,69930,75890,66845,678,60088,29820,60565,1795,24643,38493,14364,70027,41720,45131,56377,913,57667,71628,64185,64864,71535,45097,72694,64960,73014,41370,29808,39583,73454,53771,66293,70194,52149,50431,30309,62817,59897,18557,19719,49520,47613,34642,75089,75317,73067,64882,69462,59135,69870,57945,72108,14469,74023,73899,31621,54200,74018,70565,60130,46798,66267,64122,68589,57099,57100,71860,42536,840,69905,73003,12112,2111,63285,68599,62848,1253,41221,32725,55332,69047,42315,17944,42657,49749,43014,25138,49409,49917,71303,64400,43550,70919
,,,,,,,,,,,,,,,,,,,,,,,,,,,,,,,,,,,,,,,,,,,,,,,,,,,,,,,,,,,,,,,,,,,,,,,,,,,,,,,,,,,,,,,,,,,,,,,,,,,,57884,62838,63291,51572,37793,1043,60578,61036,39439,6039,33021,66349,68146,69397,58479,70484,74001,67845,71212,67169,31255,764,65436,38930,52245,67856,68178,54329,13100,62872,47342,72150,36195,41886,59496,41159,45653,70089,38102,40203,63535,68500,41489,68687,73046,67743,56021,39251,46805,69620,44458,63683,47317,38943,51196,27726,71440,56254,66285,66188,31000,74072,37804,49424,65404,34840,64780,44163,35020,2728,75497,42045,38439,59529,74832,70498,71049,21878,64617,66074,54045,65053,63535,72506,61241,67158,74154,73926,76049,59808,53548,28130,65958,28761,57760,62423,64710,58836,64871,20140
,,,,,,,,,,,,,,,,,,,,,,,,,,,,,,,,,,,,,,,,,,,,,,,,,,,,,,,,,,,,,,,,,,,,,,,,,,,,,,,,,,,,,,,,,,,,,,,,,,,,66971,58222,33283,57238,68944,43736,48814,47122,39133,25050,71046,30689,58327,69908,56563,11204,66435,19249,72453,37714,34064,53204,71646,65452,31110,64215,68225,24332,68871,69566,60430,69419,59210,67393,73386,33542,42365,29546,60574,59303,69255,58818,65863,64047,54889,28361,31146,9503,54399,63685,9782,14878,69332,18199,58939,51874,63476,61301,76396,58034,64159,60697,57850,65659,35301,66046,66394,52997,44337,43091,50134,14374,63119,1069,68827,62134,47775,74568,55101,46743,73261,50166,57125,10957,39173,40019,58552,65075,64065,56967,72673,60728,55201,64106,30771,44741,20857,70383,57210,40428
,,,,,,,,,,,,,,,,,,,,,,,,,,,,,,,,,,,,,,,,,,,,,,,,,,,,,,,,,,,,,,,,,,,,,,,,,,,,,,,,,,,,,,,,,,,,,,,,,,,,70195,69861,34869,34019,65377,58503,57615,73043,31364,43230,61077,53843,70095,58578,28885,29378,64235,65129,61491,34597,65677,54037,68458,46484,63038,45141,76144,73268,36197,40498,65233,68775,49251,53065,54021,33496,54215,44241,53157,25172,76841,73232,57774,294,19281,67704,52492,38232,57427,63883,70032,76100,65604,66671,70964,57359,72102,40553,65930,46921,56414,2510,55079,51925,51218,36401,69456,68730,65348,48590,74327,45927,46925,40410,68645,57856,74763,60782,49431,55641,43750,62308,32533,72269,65067,70446,56129,63870,75984,74882,54052,63823,58047,65801,73046,24190,68209,62804,63037,44662
,,,,,,,,,,,,,,,,,,,,,,,,,,,,,,,,,,,,,,,,,,,,,,,,,,,,,,,,,,,,,,,,,,,,,,,,,,,,,,,,,,,,,,,,,,,,,,,,,,,,38570,49771,74994,51025,60088,46898,72007,72889,67927,23685,25048,45089,61028,64950,37194,25063,61225,60649,49026,54665,67810,31699,28379,36442,14915,46126,67308,50860,64504,71562,54246,59142,56718,63086,63876,41993,61602,71541,68666,66616,68800,52718,68068,59671,66602,42863,75342,54735,72964,52329,53755,63097,44620,44681,38304,36662,51256,50212,57470,63431,73495,56022,68875,68885,69785,49573,68236,30434,50316,54206,69461,74152,70168,59400,64738,42581,65250,64698,33909,36946,74007,50327,61750,43935,70988,68835,66403,54908,47833,57277,68710,63700,72748,58183,67095,50449,65430,61681,73449,54858
,,,,,,,,,,,,,,,,,,,,,,,,,,,,,,,,,,,,,,,,,,,,,,,,,,,,,,,,,,,,,,,,,,,,,,,,,,,,,,,,,,,,,,,,,,,,,,,,,,,,75721,61859,45586,43989,14194,55474,68881,56293,53170,50000,56294,49155,61325,63547,70067,68890,56888,66434,73546,64742,42675,63436,35029,40677,45318,60943,66712,63763,70225,61748,45401,15877,70756,45403,35713,45997,33535,67103,39278,65137,39693,51848,30769,58343,67926,68007,28349,6947,59307,60260,38422,1446,67665,47613,70642,63574,53070,43573,67234,42240,71433,52524,10492,45465,51453,43507,70777,51503,43667,316,34465,34817,71968,66911,41759,36857,62494,51853,40730,37216,65735,65961,57526,68489,25959,2270,68861,74109,48416,47335,57775,10912,72790,50366,49521,35367,66019,65843,28727,54845
,,,,,,,,,,,,,,,,,,,,,,,,,,,,,,,,,,,,,,,,,,,,,,,,,,,,,,,,,,,,,,,,,,,,,,,,,,,,,,,,,,,,,,,,,,,,,,,,,,,,47251,44269,28216,15120,59856,34284,61856,64824,8920,29183,62701,29068,56781,61042,67616,62312,73409,74847,32758,30352,50564,6415,15454,44473,68319,28815,44112,32110,68893,18066,39662,13815,40198,27301,66655,65223,69217,50827,45951,13937,60236,54827,55419,74227,21160,52909,34948,54280,67809,59142,50729,60080,69498,56112,46897,11527,72859,63665,62564,51596,49137,52883,72393,54224,57730,51589,71595,75948,61267,66931,30946,64666,67311,43591,50415,64895,60234,32557,60723,24027,67369,60604,55540,74774,68006,41356,60363,44932,37760,45568,65799,1327,69673,35544,28119,17908,51412,61883,70353,47902
,,,,,,,,,,,,,,,,,,,,,,,,,,,,,,,,,,,,,,,,,,,,,,,,,,,,,,,,,,,,,,,,,,,,,,,,,,,,,,,,,,,,,,,,,,,,,,,,,,,,58458,65459,27289,51432,59531,75553,71058,69247,73749,74887,58159,38511,69069,64936,52751,73666,65480,49310,44497,46318,64515,48180,71458,66451,71902,47137,71427,47982,56231,68500,73116,47980,64371,56060,58619,73747,62373,33150,38457,52030,66673,58276,36391,43872,68688,55253,42179,68495,68282,51294,43670,22881,3734,71871,71977,63826,70979,74199,73608,37229,52402,40710,58648,50703,67390,57809,73050,72307,69961,25311,28172,47643,24852,39204,62214,11333,71852,69410,45454,57954,57910,75308,49516,43140,71503,44939,70152,72249,52006,40856,30646,585,66442,23833,72265,39640,37499,57134,68201,31198
,,,,,,,,,,,,,,,,,,,,,,,,,,,,,,,,,,,,,,,,,,,,,,,,,,,,,,,,,,,,,,,,,,,,,,,,,,,,,,,,,,,,,,,,,,,,,,,,,,,,73708,67444,67246,42939,34963,57418,68116,67141,41838,56590,67200,66195,19672,67952,63402,54882,27854,30074,60965,10879,24220,36557,54356,24469,59724,8105,71569,66101,73925,70763,56673,54336,67861,60496,65860,54939,76972,67183,64211,28192,75934,48069,11237,68751,46954,62525,49242,56925,57893,27825,42686,71352,50356,49392,65209,6620,49932,3288,60886,48094,39063,25741,76987,74482,57645,50522,43990,8917,70610,48390,64729,50018,51773,38990,64210,67577,55841,22805,21973,59114,47242,58194,54082,72572,68759,58726,56629,21034,69318,66500,71932,69940,74108,55851,41464,42384,53081,37304,55950,62303
,,,,,,,,,,,,,,,,,,,,,,,,,,,,,,,,,,,,,,,,,,,,,,,,,,,,,,,,,,,,,,,,,,,,,,,,,,,,,,,,,,,,,,,,,,,,,,,,,,,,70113,73030,54403,50713,67630,18930,7971,22754,40311,54204,50971,53957,74233,65093,59260,18912,55499,73338,69732,59462,46602,61179,56823,14960,70646,49532,69583,58158,63397,24513,68486,75326,51195,63612,67339,68139,75572,54242,67232,22489,72646,3981,72774,50220,69035,69463,66039,67076,69189,66754,74140,73971,69813,52887,66708,39605,41166,61526,60560,63962,73036,37134,67133,67939,52169,63793,50927,51008,66090,36531,61128,3005,68300,63097,49446,74096,61104,67563,55905,48327,33389,46378,49252,70199,68619,44067,60962,63955,71907,50812,54235,59686,70177,56408,30304,70193,43882,51476,33602,14985
,,,,,,,,,,,,,,,,,,,,,,,,,,,,,,,,,,,,,,,,,,,,,,,,,,,,,,,,,,,,,,,,,,,,,,,,,,,,,,,,,,,,,,,,,,,,,,,,,,,,38311,44972,2595,227,11825,6352,25044,11562,62137,59274,72874,76577,72849,33018,61807,39232,50873,43141,44452,39931,75753,72218,73829,56031,61509,28993,62295,10905,36534,64128,70448,73216,42158,17438,66762,19621,48163,64105,67957,69294,70305,8001,62103,42503,40877,26687,70981,41232,70642,71168,50027,47302,73199,60021,72641,69128,44046,48231,62323,14784,67776,60522,47369,49289,61418,40032,44767,39823,52888,73699,74281,37199,61711,51944,75397,70279,54811,53606,39525,63435,67695,55342,46072,27672,24742,7509,72696,57618,31864,67411,63368,67299,28968,40061,10233,52144,43682,42176,25038,8113
,,,,,,,,,,,,,,,,,,,,,,,,,,,,,,,,,,,,,,,,,,,,,,,,,,,,,,,,,,,,,,,,,,,,,,,,,,,,,,,,,,,,,,,,,,,,,,,,,,,,69553,20279,70775,66055,57791,27521,64546,49188,73492,69941,27838,62376,45173,57918,67802,48336,49054,46902,63775,75558,1835,188,54690,70688,72336,64558,50909,55330,52931,60144,71937,57336,24488,14351,72052,49931,62744,54538,50441,23421,36075,61972,71133,64691,61577,64488,73279,74819,72372,70981,70258,75074,62172,9011,44350,28262,42153,22932,28503,71276,68224,70140,72133,74395,54573,54060,61216,54603,64214,38947,59437,51479,66297,55436,31889,66872,1635,28558,36004,42264,59748,60818,42780,36161,68562,33122,63311,73753,54087,44218,67761,29494,45147,45508,69269,35155,70390,63069,61831,60097
,,,,,,,,,,,,,,,,,,,,,,,,,,,,,,,,,,,,,,,,,,,,,,,,,,,,,,,,,,,,,,,,,,,,,,,,,,,,,,,,,,,,,,,,,,,,,,,,,,,,45896,47154,60236,30027,39225,10401,35246,73347,66218,47149,69903,47687,60883,56496,54774,66585,70597,74125,60464,1944,56192,46597,68321,60654,64845,64054,32841,60161,58085,60559,3881,48580,61668,20090,64650,62662,71687,49633,52743,55903,27927,28699,72328,71368,75300,69865,52557,59646,57867,63880,63667,47779,73424,77019,72005,60795,18236,66658,39801,43192,44457,24886,37793,61641,58406,55984,76836,73836,45106,67988,25673,64413,72625,46901,63572,72238,69162,66837,27536,9093,75549,49440,72253,68296,41348,39004,63598,42122,62529,70876,65946,60434,39413,57722,37022,25968,71671,71720,74570,72919
,,,,,,,,,,,,,,,,,,,,,,,,,,,,,,,,,,,,,,,,,,,,,,,,,,,,,,,,,,,,,,,,,,,,,,,,,,,,,,,,,,,,,,,,,,,,,,,,,,,,74689,47761,30066,25062,23429,28773,73792,75623,68116,73250,52754,30084,49330,57020,72517,72888,51078,69869,74632,48303,58101,39747,47535,9722,54918,53226,61294,1162,41482,305,66396,43250,21013,1266,69701,70625,63096,24579,50840,10147,8274,46266,44632,52332,60356,28010,4109,602,72514,76132,37526,17424,74408,54153,71454,53070,17732,28022,59682,58466,57459,35647,74727,66490,62426,72084,68058,100,70851,1645,30388,25524,52128,40474,74265,37481,76357,72570,75542,71542,68521,73015,66495,72101,62492,69098,25967,37372,54211,68224,72128,75332,67611,39754,70437,68893,62252,52684,74431,32431
,,,,,,,,,,,,,,,,,,,,,,,,,,,,,,,,,,,,,,,,,,,,,,,,,,,,,,,,,,,,,,,,,,,,,,,,,,,,,,,,,,,,,,,,,,,,,,,,,,,,44026,34371,24971,22869,57935,60461,73452,65904,70178,68741,68556,71426,71737,70368,27248,8619,49819,67229,71608,39078,46201,71821,69895,75177,67913,60602,37754,19068,75473,73413,56654,37213,72582,40388,32041,433,74075,65756,55571,36308,58879,10225,71781,43449,29776,26648,62214,60017,57833,38559,56256,73191,72170,65117,27951,8318,68244,50135,31547,67448,60366,60891,59630,59949,68121,74212,60504,37920,55751,60557,51158,49389,12120,476,74004,62389,61945,63591,68257,52801,24602,42870,75315,67732,46148,45224,63469,53164,46711,28840,67388,69680,65619,73275,64173,24637,36965,13315,48360,38886
,,,,,,,,,,,,,,,,,,,,,,,,,,,,,,,,,,,,,,,,,,,,,,,,,,,,,,,,,,,,,,,,,,,,,,,,,,,,,,,,,,,,,,,,,,,,,,,,,,,,47783,47643,70775,60348,76216,59332,50924,29715,25781,1375,72019,45992,69315,61477,60381,55497,49965,30262,44460,24375,52252,63401,59636,47801,70135,62474,70979,35680,60321,61271,60541,46684,75544,74871,64667,75431,62259,62109,66801,57008,75674,69450,43895,49935,62932,48479,43280,44167,61398,66939,63700,45663,41493,65566,11409,195,42568,33107,30947,62006,74271,70581,57163,28490,40988,67365,23149,23371,74417,36946,9041,32851,46756,50876,69118,54385,55074,1275,45736,65682,68491,65445,29952,39767,69943,72427,49076,73843,58593,47740,65997,32177,54919,57198,41965,54064,29735,64385,74449,68481
,,,,,,,,,,,,,,,,,,,,,,,,,,,,,,,,,,,,,,,,,,,,,,,,,,,,,,,,,,,,,,,,,,,,,,,,,,,,,,,,,,,,,,,,,,,,,,,,,,,,72714,61575,70402,19137,67375,40130,65057,62017,39633,725,68106,66460,51029,49778,71619,66300,51815,55405,49152,39926,61587,51383,68516,70603,51054,60947,71071,77938,62673,57450,47838,29714,56305,45826,57169,39884,49574,9761,66622,34896,49530,36301,70274,46808,20100,44701,25286,43944,65757,68734,72951,43981,63167,61569,74931,29761,53840,52733,47436,47322,59235,73692,33108,55968,32751,47778,25703,69959,49080,32298,73647,52624,70260,45924,69382,61738,59750,66273,29714,38713,60077,54969,59790,35610,46956,7428,65685,56969,55233,1165,58901,61128,74289,74572,68858,68604,54675,56338,39456,29216
,,,,,,,,,,,,,,,,,,,,,,,,,,,,,,,,,,,,,,,,,,,,,,,,,,,,,,,,,,,,,,,,,,,,,,,,,,,,,,,,,,,,,,,,,,,,,,,,,,,,68763,69882,33487,42738,72900,65499,33112,51703,71872,72511,69822,8934,62981,41084,66869,72231,71517,68552,67143,61775,31477,20597,67018,10397,66173,37895,59544,53892,59239,37707,64651,55657,70057,40801,76376,70950,69261,64669,75306,70616,61905,72732,62520,63349,72445,59720,26871,25005,67428,48988,66158,64742,71697,47441,74923,45661,75834,70073,12073,52304,71599,31828,69787,38892,55872,32800,65039,56056,62216,29841,74601,68509,67010,40206,68466,61537,70008,49763,69003,45644,45228,60721,41200,8564,58720,30358,44851,59106,52232,54710,76485,68671,58871,26073,58671,58441,52313,51764,70682,61138
,,,,,,,,,,,,,,,,,,,,,,,,,,,,,,,,,,,,,,,,,,,,,,,,,,,,,,,,,,,,,,,,,,,,,,,,,,,,,,,,,,,,,,,,,,,,,,,,,,,,59030,66350,58508,64923,62662,35853,62669,39265,76327,59989,73382,59189,58927,40542,54750,55299,39478,1777,74511,73006,77234,61270,15334,34957,44897,66990,43010,54381,42749,68129,39502,51044,33904,45750,60032,70644,59976,39479,74671,41043,63463,44726,38238,60558,65412,72512,69280,50766,68077,66254,198,2591,50540,22989,58484,68935,68393,40216,72050,54988,46802,27118,43261,30165,70156,30622,3238,66528,66334,66141,40426,56371,43404,39561,57440,26615,71803,72751,68506,62061,66174,59457,26489,45346,72708,66453,73457,69402,70843,41351,55998,47834,73860,65877,51314,70078,58320,55422,71491,74198
,,,,,,,,,,,,,,,,,,,,,,,,,,,,,,,,,,,,,,,,,,,,,,,,,,,,,,,,,,,,,,,,,,,,,,,,,,,,,,,,,,,,,,,,,,,,,,,,,,,,74474,60555,67723,38120,66348,40596,65992,21597,72410,44775,28836,37775,41216,10902,28413,32515,64960,49451,72811,24259,51508,9411,67892,45930,53756,65871,54062,10321,48062,32026,40862,41399,59014,59747,74985,71723,70640,37367,73882,49816,61365,58891,48282,27111,46528,55038,70734,23588,71098,3631,58966,61840,70110,57634,67849,71575,12301,308,52141,23887,59389,71167,75692,72823,62390,69145,69686,61990,71706,44118,29898,45962,68538,70150,53647,36249,76530,71833,66654,62613,75739,69342,45696,42665,69512,70169,5966,34721,62471,31690,66669,67773,60088,74624,69956,70776,27806,33426,75831,32494
,,,,,,,,,,,,,,,,,,,,,,,,,,,,,,,,,,,,,,,,,,,,,,,,,,,,,,,,,,,,,,,,,,,,,,,,,,,,,,,,,,,,,,,,,,,,,,,,,,,,50393,71687,56272,68069,69658,54842,65493,70373,30989,64156,58102,54366,68198,38257,74747,8602,70460,23683,51046,57399,75257,29559,71197,66036,66157,39369,68039,53263,63332,64926,24162,16401,60267,64426,66315,68056,64533,29364,43215,69589,48248,66327,68914,52709,65517,69159,53329,26449,74638,23577,65214,58494,58463,52842,63618,57008,58391,70565,70778,64085,62662,427,56513,48335,50288,38406,17414,14747,59204,65219,68513,53907,36969,33298,72553,52541,73835,68930,56118,69017,9314,28393,27242,18375,61546,18731,71309,38709,43971,43788,41098,74848,45408,68608,48725,54163,61124,63628,65393,61187
,,,,,,,,,,,,,,,,,,,,,,,,,,,,,,,,,,,,,,,,,,,,,,,,,,,,,,,,,,,,,,,,,,,,,,,,,,,,,,,,,,,,,,,,,,,,,,,,,,,,69403,72309,63919,72691,18252,33641,34336,71382,72450,62809,67555,67549,50098,40246,74290,59791,68937,445,73399,60226,48160,53831,55925,44533,32349,28694,63769,59181,66709,35433,64632,846,65848,59606,71167,63079,45185,63977,63015,50550,58027,47386,72120,69870,70261,49132,28699,26888,61321,63542,65475,41688,40839,62912,62067,61239,67395,59477,34972,46710,14156,445,67893,73803,63409,49988,63763,48622,65627,46304,63326,7482,69168,54372,72693,67178,46469,39287,70661,67019,76694,74993,42899,48770,74551,38899,74061,70770,45526,65411,64493,49977,48596,49900,74779,20534,47890,69267,74161,45058
,,,,,,,,,,,,,,,,,,,,,,,,,,,,,,,,,,,,,,,,,,,,,,,,,,,,,,,,,,,,,,,,,,,,,,,,,,,,,,,,,,,,,,,,,,,,,,,,,,,,72603,41059,71820,50582,57892,46591,73005,67808,66324,75025,72815,41621,62907,51086,68152,67544,48624,27350,37172,25979,73998,73918,65112,29722,66751,38185,64553,72047,72468,72553,74985,47782,51984,68710,49200,75397,60166,63586,56702,65401,72865,44564,52099,38038,71888,71406,74507,50847,61973,60590,51272,41686,62449,69473,61495,1151,44586,65124,48827,48977,37563,458,74487,1372,50516,70228,70294,54510,52384,47483,53702,34944,65415,25437,71204,73519,44644,51769,69425,49597,60180,42959,65735,48172,71065,23805,69344,69279,50804,34954,66390,19792,42146,47621,32736,43395,41662,32082,73609,43531
,,,,,,,,,,,,,,,,,,,,,,,,,,,,,,,,,,,,,,,,,,,,,,,,,,,,,,,,,,,,,,,,,,,,,,,,,,,,,,,,,,,,,,,,,,,,,,,,,,,,72317,73288,65429,63374,65460,65687,73934,23458,69294,73352,74507,70079,44614,30411,62638,932,72633,60085,67241,58056,66224,52877,51754,47853,31051,26896,63092,37027,59871,54758,28738,12104,40875,37472,62787,41798,60233,61366,75121,69154,71007,66597,67733,73395,10325,59671,73796,72137,27819,39165,73964,56149,74570,58422,51661,50035,63192,57948,9159,35725,67776,42949,61574,62563,65384,57279,59726,36055,33803,29330,47696,444,74478,43038,52905,36129,45909,66061,73824,43540,41534,72101,38564,53930,59924,64815,71497,49509,54809,47183,72052,66568,75603,63506,16885,23793,57983,70456,50235,47023
,,,,,,,,,,,,,,,,,,,,,,,,,,,,,,,,,,,,,,,,,,,,,,,,,,,,,,,,,,,,,,,,,,,,,,,,,,,,,,,,,,,,,,,,,,,,,,,,,,,,64713,1425,24774,45922,70970,65146,42373,24114,70875,9454,72068,60442,21534,70744,68822,32831,30959,65930,67873,35394,40000,64913,71031,72261,71762,61671,70224,62680,58630,64952,47207,31511,64214,35586,72696,53132,59278,58462,70144,53883,68753,66198,66911,55235,21359,30296,25956,43523,58881,59677,30334,65099,65182,70933,61120,48135,62111,65746,45511,40317,26984,18546,35315,69741,64508,67407,58977,70769,35845,13720,73418,58500,44910,406,66619,15369,70333,56264,70659,71077,68275,63350,53700,73922,60360,55482,52768,866,28624,8476,63357,58710,71531,66832,34736,49484,55086,49594,67625,29704
,,,,,,,,,,,,,,,,,,,,,,,,,,,,,,,,,,,,,,,,,,,,,,,,,,,,,,,,,,,,,,,,,,,,,,,,,,,,,,,,,,,,,,,,,,,,,,,,,,,,62953,76002,55263,55514,72045,41284,46529,2116,24667,7751,74964,55791,52446,15862,46876,3859,51139,58908,66399,66343,67675,41565,49880,59531,12350,21684,5669,917,53172,49534,49069,67463,61387,70882,74727,75902,69405,55500,59796,60620,68425,61157,55092,56886,69080,62271,75263,61984,54806,8689,73217,56250,62398,47855,73914,66504,70311,66928,65643,61300,44603,22872,64689,33562,63695,39429,61111,27166,73114,64510,63400,31434,34449,44557,48673,53679,76899,72330,36545,56023,58474,74899,69883,172,66322,69104,54260,26173,33544,30933,67353,71301,76648,65582,69294,42575,75541,73672,64236,68541
,,,,,,,,,,,,,,,,,,,,,,,,,,,,,,,,,,,,,,,,,,,,,,,,,,,,,,,,,,,,,,,,,,,,,,,,,,,,,,,,,,,,,,,,,,,,,,,,,,,,40903,29354,46847,37805,31558,26768,72983,8880,43956,71546,37187,62197,9870,35959,71094,64529,72808,61917,51939,59465,71459,67094,41306,31740,57351,60788,72733,58689,64233,19226,59705,55353,17629,50764,65166,31893,56894,74087,40107,42085,75022,53588,72007,52178,36858,75810,55349,73603,66941,71857,33271,38789,69098,68436,21327,57977,47263,65934,59248,35284,73816,70442,53333,74666,59336,28590,28908,61033,43531,62960,43292,39517,64158,46062,54988,50472,75164,72704,17931,59514,72030,17606,65063,61356,73173,61470,52872,69711,72889,43050,45773,28112,28790,42621,13439,71091,60140,43442,49176,35694
,,,,,,,,,,,,,,,,,,,,,,,,,,,,,,,,,,,,,,,,,,,,,,,,,,,,,,,,,,,,,,,,,,,,,,,,,,,,,,,,,,,,,,,,,,,,,,,,,,,,75531,72840,55293,21581,74589,73752,73098,46942,61238,72038,70727,69257,72687,74243,61302,74251,70095,61191,71680,74102,41200,737,73717,30113,54194,67646,67198,66889,59358,57454,75188,58852,47286,71744,61847,231,50932,74097,58442,132,72502,65927,68454,51340,72340,60320,65908,63509,61523,69288,60658,39335,71167,73727,31388,74747,73587,72762,73941,72457,55951,28817,68069,31383,12564,28833,46715,28641,758,649,65966,64158,71934,49918,56576,34641,76780,73367,65277,67286,76645,73289,62568,61725,73543,55427,12302,12661,23002,44302,66584,55582,68885,50323,77831,74431,47046,52853,17568,44578
,,,,,,,,,,,,,,,,,,,,,,,,,,,,,,,,,,,,,,,,,,,,,,,,,,,,,,,,,,,,,,,,,,,,,,,,,,,,,,,,,,,,,,,,,,,,,,,,,,,,60353,70349,56086,58585,65953,27323,70905,64400,45129,60248,73231,30313,66807,66078,50941,8007,67957,63160,59287,59750,64652,245,35013,76345,26650,19798,57631,8714,13004,49685,67406,40450,70931,73671,75161,75142,43283,38742,71373,2130,62354,68277,54952,59302,66839,31170,70863,63556,56570,58123,70388,70261,62513,62984,65681,162,75633,61878,52260,17877,71816,21167,70928,55487,64478,57031,70257,74229,64485,40755,72357,44795,68245,36279,67808,41665,48727,15930,57563,74280,68657,59862,64937,63279,33078,37742,62901,45385,71615,68801,64269,648,55228,32706,35690,1240,58218,74100,31467,65996
,,,,,,,,,,,,,,,,,,,,,,,,,,,,,,,,,,,,,,,,,,,,,,,,,,,,,,,,,,,,,,,,,,,,,,,,,,,,,,,,,,,,,,,,,,,,,,,,,,,,23264,8130,60362,65599,69045,39617,76407,31745,64771,31525,40398,50474,70521,49043,25936,52611,55631,38406,37265,50092,71705,64439,42152,26237,61038,65215,72147,74526,64224,64966,50529,9560,60789,69266,68559,62132,59119,32261,59023,41793,72307,67089,54944,50443,73743,66275,75215,63375,62418,11221,25821,65319,57391,48190,74325,75701,64065,55872,68207,24954,72671,69716,71755,71204,74777,74012,62830,72689,62218,9728,64597,72050,72755,51496,64846,66016,7831,46663,73867,28304,65249,66071,52362,59942,64165,16011,54155,43061,64667,47201,54911,54513,53623,58544,64740,65207,67953,73488,63466,49975
,,,,,,,,,,,,,,,,,,,,,,,,,,,,,,,,,,,,,,,,,,,,,,,,,,,,,,,,,,,,,,,,,,,,,,,,,,,,,,,,,,,,,,,,,,,,,,,,,,,,59435,66439,62240,66781,67629,71448,74478,61095,70648,69512,66950,65064,69937,70056,69352,58674,61807,70081,50615,72868,43634,49596,30075,36785,58865,43063,69411,66234,62630,17209,66042,61284,28328,38319,65612,51199,62041,45160,67342,29405,70621,11850,54134,25608,72744,70352,68397,72384,59873,51490,70564,63545,10244,8413,67408,56943,67295,71209,68098,17288,20141,64787,29149,823,28502,36914,65656,72042,69951,63348,60793,40891,73036,68905,62814,31866,66933,71958,62651,53085,68390,40182,57038,69100,54121,53488,62045,47645,50910,65268,69408,66273,68464,57140,48799,18870,73819,61594,68216,52873
,,,,,,,,,,,,,,,,,,,,,,,,,,,,,,,,,,,,,,,,,,,,,,,,,,,,,,,,,,,,,,,,,,,,,,,,,,,,,,,,,,,,,,,,,,,,,,,,,,,,38038,63547,41711,400,64048,73121,65242,56512,66670,65869,75629,67521,72896,60812,72754,54718,43242,33144,41035,55649,57467,74452,64606,65687,66327,60061,54390,67084,58318,68182,15584,20389,63436,60944,44262,35204,61278,39895,76055,76923,65691,39830,34579,54849,69502,75066,70795,62564,67977,53325,28697,51717,46934,40698,34870,57361,72481,60309,67551,65643,69851,1006,37245,60091,29979,41209,70423,43277,33413,29235,46897,12231,46362,30887,45195,49143,58306,44951,2468,555,71907,40846,55295,16970,75848,69533,63577,65548,63511,59248,73699,56303,27777,54013,61894,54524,12258,14096,53628,1021
,,,,,,,,,,,,,,,,,,,,,,,,,,,,,,,,,,,,,,,,,,,,,,,,,,,,,,,,,,,,,,,,,,,,,,,,,,,,,,,,,,,,,,,,,,,,,,,,,,,,64214,43393,67117,54787,74286,56994,54544,56535,38599,46604,66899,68541,66513,63380,69475,69839,64839,73742,70514,22328,66310,64901,31990,17381,28313,56841,71424,49266,39693,56786,68425,69051,60345,22266,68528,68759,72303,32766,45759,45165,38767,29383,23755,21833,617,822,68323,53572,70754,42635,61765,71338,59527,65199,67196,907,68797,46279,69829,51621,70923,24591,49150,52581,68221,68351,58691,74220,65277,63600,41596,36716,75261,46449,60848,20389,61899,71791,61021,57485,73717,76847,9178,937,58782,61190,59117,51323,35989,1658,66531,50548,59550,47908,68106,24496,35121,60318,67162,76670
,,,,,,,,,,,,,,,,,,,,,,,,,,,,,,,,,,,,,,,,,,,,,,,,,,,,,,,,,,,,,,,,,,,,,,,,,,,,,,,,,,,,,,,,,,,,,,,,,,,,57011,25820,67214,63835,39103,440,69688,64318,52683,62522,63969,68017,57278,29486,43150,19432,64185,56691,38590,63762,73773,56210,53758,70399,65416,304,34562,43538,73079,59570,70541,66133,68358,44342,68348,64673,47875,196,62336,20232,48951,64380,61022,42972,37037,15711,67013,53831,68511,26495,54457,60003,56358,35671,10039,51273,19415,10994,67639,4140,58330,49470,61768,39741,74376,76396,70878,64924,32503,38994,47622,10236,70613,60237,60542,46000,1913,11025,58419,44156,61284,68095,50223,73084,50884,52501,68356,49412,29941,16957,74388,72576,72062,51197,62407,2598,65228,64284,39365,29238
,,,,,,,,,,,,,,,,,,,,,,,,,,,,,,,,,,,,,,,,,,,,,,,,,,,,,,,,,,,,,,,,,,,,,,,,,,,,,,,,,,,,,,,,,,,,,,,,,,,,72590,71223,64481,30946,67784,65022,68993,56387,55159,1832,53262,62288,27630,66337,64565,62457,73902,57394,59171,53408,43347,34134,42102,30681,66595,52619,75405,37858,54086,9619,73813,68050,66391,41340,48808,65327,65332,73030,67232,62993,75035,76160,67145,33636,56966,552,20260,8171,43647,41195,54029,48767,71624,60443,70749,44388,64489,49807,64465,70000,74867,48006,53085,34933,51106,36695,73778,72926,60546,42273,57938,67568,72526,57662,54398,51765,26065,49565,74647,66114,65105,43215,56246,61651,43446,61182,71956,65530,32289,9327,41439,9571,72411,76546,74492,74101,64739,31447,72099,74555
,,,,,,,,,,,,,,,,,,,,,,,,,,,,,,,,,,,,,,,,,,,,,,,,,,,,,,,,,,,,,,,,,,,,,,,,,,,,,,,,,,,,,,,,,,,,,,,,,,,,59359,38490,73446,66372,51398,57523,51534,35364,72820,66907,57323,71102,63369,33662,70428,73503,64552,57708,74685,58979,64105,30186,69316,74653,24503,55766,73689,74834,70172,66229,61853,54999,61021,69062,68323,72896,70208,29341,71600,74599,73443,66586,55442,60873,51802,8537,65425,8994,39530,34616,56413,50778,75285,31382,66065,73201,56378,35907,47393,59814,37889,8061,26011,5938,61241,72502,66015,75861,69456,72149,66243,72792,45129,44685,66350,59376,66669,62286,58029,39924,60627,66889,16932,1520,72966,72339,43642,65208,43820,55060,63262,70164,74405,50470,69580,67492,65285,33283,68109,10659
,,,,,,,,,,,,,,,,,,,,,,,,,,,,,,,,,,,,,,,,,,,,,,,,,,,,,,,,,,,,,,,,,,,,,,,,,,,,,,,,,,,,,,,,,,,,,,,,,,,,67808,22574,42393,60069,59680,52436,11837,7228,36153,30426,65987,35042,47871,53389,62014,46050,37917,39286,67006,56030,59213,62294,51578,39218,9806,16633,29431,37693,63349,20644,17087,770,65228,63044,57647,71180,48825,24244,69263,61212,68332,69310,41536,61382,74297,43035,64330,65585,51914,65047,64278,64677,70082,66315,12932,27201,73600,39082,73232,70482,72737,58186,57231,71362,20691,499,23473,69704,72470,65727,62706,62760,67680,29861,64318,75106,62052,67086,22816,25642,61461,63121,58465,59704,69591,316,69741,69523,53062,62780,62769,59276,66786,13889,68243,2076,63806,67929,63185,7804
,,,,,,,,,,,,,,,,,,,,,,,,,,,,,,,,,,,,,,,,,,,,,,,,,,,,,,,,,,,,,,,,,,,,,,,,,,,,,,,,,,,,,,,,,,,,,,,,,,,,67902,42804,69122,43700,47483,60326,69616,67237,71505,70943,71378,73023,46866,60701,58324,61189,65016,58979,74135,68324,2277,1888,58846,45097,71703,38095,68299,57949,59885,51284,11132,50531,61773,37259,76346,61650,56431,48628,57899,59442,53580,52054,66219,64979,69481,15403,66301,30890,23689,28287,63453,66291,57954,59971,66559,58071,74074,46249,50955,58427,50728,42565,67346,53639,25531,58475,44461,69164,74941,72043,70520,11860,72083,63436,48246,59347,65422,45949,73511,9290,11399,67444,71503,66201,34807,51293,53686,43360,68223,72021,31875,33436,69267,70362,57894,67700,52053,62216,39738,37528
,,,,,,,,,,,,,,,,,,,,,,,,,,,,,,,,,,,,,,,,,,,,,,,,,,,,,,,,,,,,,,,,,,,,,,,,,,,,,,,,,,,,,,,,,,,,,,,,,,,,65705,32678,63648,28223,51169,35758,65339,42566,36954,42905,69029,50527,45492,73515,69141,68507,53996,61519,31515,851,66274,54772,26002,54671,71726,58570,44135,69518,68847,50259,72766,63643,54082,55672,63419,58433,72226,61958,65608,49603,64292,67691,30229,45724,29592,66377,45714,40812,66895,70734,51792,66281,65262,11141,72712,68768,51600,44291,61741,39340,29706,52369,71358,8336,67150,34953,56076,43981,60390,60892,43955,71188,73132,52408,58319,59612,55243,28798,66204,68983,54359,56410,25476,25826,58989,27882,71884,66458,68874,51459,22892,887,69666,28943,8092,24612,69314,63558,66632,69227
,,,,,,,,,,,,,,,,,,,,,,,,,,,,,,,,,,,,,,,,,,,,,,,,,,,,,,,,,,,,,,,,,,,,,,,,,,,,,,,,,,,,,,,,,,,,,,,,,,,,76297,76331,26115,37443,50526,71997,50356,24825,50364,51963,62490,66243,69673,73207,65555,47713,64145,28243,56745,66273,60829,59915,74626,67410,60273,8728,64681,465,65079,701,24673,41436,66009,39654,35571,65609,73941,57246,75898,75302,72575,27551,48274,45360,62640,63108,56964,65630,48263,29254,47819,68300,76241,74087,59467,72375,54151,751,45776,46887,45168,50194,72992,47902,49738,41406,49118,39434,24599,36984,61001,71039,18959,61448,63263,50128,75785,57282,53761,53281,74450,50833,43792,68423,76032,72965,74053,62730,66345,31648,70255,63198,34438,13206,31694,34653,63882,66300,40472,40103
,,,,,,,,,,,,,,,,,,,,,,,,,,,,,,,,,,,,,,,,,,,,,,,,,,,,,,,,,,,,,,,,,,,,,,,,,,,,,,,,,,,,,,,,,,,,,,,,,,,,69712,15975,62691,75867,30318,35634,61520,57346,71166,33640,43349,32291,63714,55309,52344,60772,30694,41845,55018,64586,57361,49530,43077,29923,69920,47202,65449,58515,71341,61411,72454,67296,27967,45952,73079,71502,39327,33505,56756,27226,74268,69661,23855,52847,49194,63023,49452,63888,59465,53027,73362,71354,70182,39123,26849,8186,41594,39171,14824,30992,57443,50935,44327,42357,43844,27992,44990,23073,71291,66541,12451,379,59272,60850,63782,36982,53906,40547,59105,51451,47855,15775,58163,68084,55453,67319,65064,72236,71960,62579,69378,57298,63054,47499,48776,15070,74964,28796,46157,25947
,,,,,,,,,,,,,,,,,,,,,,,,,,,,,,,,,,,,,,,,,,,,,,,,,,,,,,,,,,,,,,,,,,,,,,,,,,,,,,,,,,,,,,,,,,,,,,,,,,,,51825,44516,32693,47420,54965,38085,41543,55824,57694,72814,48779,50850,42633,46384,56348,49745,46843,68283,49137,67571,49822,64714,70608,59413,63103,3808,60959,29379,68176,63121,48476,57572,44431,8615,51401,57559,71312,1549,8356,19277,62062,56868,56191,36346,67038,67440,8739,22452,17555,18524,59606,399,53845,61306,74607,57472,75733,65904,74505,75654,65562,38346,19091,31085,75226,58875,45750,30013,31612,28932,73816,59522,64768,72759,44824,3493,43500,40292,57616,41798,41715,34237,50108,64273,63899,416,35062,30526,68193,63180,45693,23345,58427,65863,47893,51086,46281,29356,45471,41900
,,,,,,,,,,,,,,,,,,,,,,,,,,,,,,,,,,,,,,,,,,,,,,,,,,,,,,,,,,,,,,,,,,,,,,,,,,,,,,,,,,,,,,,,,,,,,,,,,,,,41885,55592,45182,34652,67359,60691,70486,70099,23740,44598,72512,67135,70612,39429,45252,34434,37880,38180,70431,69969,39440,48238,73549,26084,62730,63255,64154,56758,42294,20968,64744,63967,66774,72622,77242,61503,75351,73307,65188,59647,66484,59982,65363,1383,43298,14059,58162,56114,64479,53103,74365,66826,63795,43414,64531,53446,71709,67565,65648,71913,42782,35890,57050,71681,64919,60575,68818,24069,46372,55443,70743,66925,46133,35622,72464,41945,66336,57697,72499,67415,37596,49825,62629,23304,66173,71986,29470,4013,43422,26170,74064,73062,55382,46991,64145,50853,30369,40211,71545,70996
,,,,,,,,,,,,,,,,,,,,,,,,,,,,,,,,,,,,,,,,,,,,,,,,,,,,,,,,,,,,,,,,,,,,,,,,,,,,,,,,,,,,,,,,,,,,,,,,,,,,67092,61969,48713,45976,53804,33350,70229,65429,72108,68710,72295,68931,61894,50884,58699,71412,75177,61243,54995,45581,58978,66365,55143,64272,70228,70881,70601,53096,53662,48964,73898,50881,49470,24910,69926,3564,43798,43410,55114,47588,51824,52671,62646,60803,59774,68500,13874,23465,72170,47326,64588,60822,60224,34599,70632,56830,52128,9207,70395,50762,58020,46673,569,64383,29932,18099,21965,29218,41236,30481,62211,55882,44012,57588,39893,44776,70271,39625,63348,74750,22441,29455,68357,52802,32838,573,75552,69413,72754,48854,70300,25126,75689,68717,47409,27458,21210,53360,52590,692
,,,,,,,,,,,,,,,,,,,,,,,,,,,,,,,,,,,,,,,,,,,,,,,,,,,,,,,,,,,,,,,,,,,,,,,,,,,,,,,,,,,,,,,,,,,,,,,,,,,,58766,69605,53995,10590,63470,58777,59069,42529,27149,20580,50736,37482,61398,55705,66314,50155,64479,32402,68739,48007,63919,30083,8287,973,36351,52897,70783,70655,69791,72001,63338,60568,74665,72493,35107,62303,52600,15265,60772,61301,70467,68621,57572,36399,45138,25751,29256,48187,67709,62909,68997,68273,66829,69071,61688,64149,72675,75668,67023,36413,72075,66706,61113,56834,63205,52808,68792,72560,61653,44950,54952,673,71683,29969,71675,7897,57055,47972,70152,70397,49117,44972,40306,47738,38918,60606,58424,59139,73533,59885,19617,25991,45793,71873,46886,60823,58344,59545,69149,68360
,,,,,,,,,,,,,,,,,,,,,,,,,,,,,,,,,,,,,,,,,,,,,,,,,,,,,,,,,,,,,,,,,,,,,,,,,,,,,,,,,,,,,,,,,,,,,,,,,,,,56623,52637,74019,17352,73439,64721,65338,38371,66055,58425,68735,57697,43805,61492,65120,70320,61872,63300,70531,70369,74258,70298,71025,57152,52065,65563,46794,41346,73768,66182,56741,73988,69392,72270,74740,64617,73067,50926,48306,63083,34327,34711,54666,50009,64905,68205,69285,76171,69426,70070,44153,34679,61425,62364,60190,56722,63766,66135,26027,291,56544,55659,73210,34332,72777,24134,4563,38864,66520,63959,65342,55833,72240,58047,59030,34271,72031,69347,71165,73607,75747,29072,46450,1449,37548,33440,61988,24056,65282,66726,64360,60693,63318,18342,71734,807,61804,57750,64260,62840
,,,,,,,,,,,,,,,,,,,,,,,,,,,,,,,,,,,,,,,,,,,,,,,,,,,,,,,,,,,,,,,,,,,,,,,,,,,,,,,,,,,,,,,,,,,,,,,,,,,,52755,45520,41320,17790,71046,20181,37348,28119,43260,8776,31616,36626,68874,65631,60001,51180,53809,35117,73511,75786,54790,43623,37899,25189,76037,61328,41253,4421,71756,60813,62403,77511,46746,38639,51914,57263,65588,67341,124,2423,71136,59931,67077,32702,68697,70439,23857,61226,74977,76293,55461,24650,60810,12188,56236,54397,54480,8826,75759,70528,56181,22632,67250,69869,65745,67660,17654,54362,39758,48628,28316,50222,70449,30110,61366,63182,62892,70235,56283,46080,75808,66872,59413,60080,36817,69378,74519,11730,61722,70049,27022,39517,63899,61789,71672,31493,66044,55214,60969,35268
,,,,,,,,,,,,,,,,,,,,,,,,,,,,,,,,,,,,,,,,,,,,,,,,,,,,,,,,,,,,,,,,,,,,,,,,,,,,,,,,,,,,,,,,,,,,,,,,,,,,70829,65162,68329,66163,52303,33000,61636,63089,65469,2834,63433,30201,65339,60057,68832,63339,75388,63823,55470,12690,76896,73548,63905,10884,70782,72448,62304,62910,75583,28891,42641,63294,67404,74996,57512,47698,67443,30244,73827,64523,46002,51726,47584,18668,67451,66885,64513,688,64584,7110,56896,14351,65703,58048,69605,16563,65598,62756,71764,72847,57918,68904,56999,63346,65461,32939,60635,69126,62628,58487,63801,34866,67606,61050,59738,48674,68755,318,69270,55348,62836,410,66874,22608,77274,69602,68987,72323,75811,74213,66653,49467,54015,61316,57267,60217,63215,53804,62499,66793
,,,,,,,,,,,,,,,,,,,,,,,,,,,,,,,,,,,,,,,,,,,,,,,,,,,,,,,,,,,,,,,,,,,,,,,,,,,,,,,,,,,,,,,,,,,,,,,,,,,,16340,24648,62573,38218,70446,73084,37142,53928,38934,53206,67535,64707,14638,43403,27121,55339,27219,66418,71216,70010,52509,29022,67689,48278,29233,27058,47049,33906,77583,53226,24568,17372,70237,65704,42497,41759,54289,333,73586,59655,71318,46490,61405,73897,64771,67966,68205,42271,24721,60139,66944,53988,9962,54448,61586,57063,66495,56968,62907,71198,68179,57387,52618,46267,66817,60466,50120,50511,68469,8725,28714,36943,71726,37379,51381,59776,74314,69879,74296,57323,64566,42133,46673,44109,46924,43820,22301,25718,48724,47413,11681,1043,72858,13337,46950,1309,71737,63180,71349,65018
,,,,,,,,,,,,,,,,,,,,,,,,,,,,,,,,,,,,,,,,,,,,,,,,,,,,,,,,,,,,,,,,,,,,,,,,,,,,,,,,,,,,,,,,,,,,,,,,,,,,72389,40158,74077,29548,50977,67887,64373,11139,52544,21920,71693,67312,63517,27453,25069,31844,45214,57092,50625,39723,42021,62109,66488,62603,65743,34525,66372,29020,55433,30582,58198,61625,61866,60893,24109,60066,67755,36462,46816,48902,49379,28891,68631,42510,75140,58831,58549,55496,72402,75613,2500,8473,70958,71501,43354,61917,68969,48656,50367,8453,69860,71651,66801,35441,58592,71519,50180,47530,66782,55992,46684,66720,72705,71075,68971,44961,64269,56456,65516,27271,67818,75691,30478,15150,68134,69646,67486,13624,53004,23778,66133,49802,10939,71616,46082,53347,58826,12191,9285,10479
,,,,,,,,,,,,,,,,,,,,,,,,,,,,,,,,,,,,,,,,,,,,,,,,,,,,,,,,,,,,,,,,,,,,,,,,,,,,,,,,,,,,,,,,,,,,,,,,,,,,63737,43305,71367,63490,23915,35999,62236,66948,66884,16970,72105,77768,65019,40095,58368,68169,72474,843,73607,48759,75763,36070,62368,56155,72459,49304,43352,41098,38703,39192,60200,54629,49373,28552,73077,76092,69868,76118,68957,70504,65986,68823,49392,634,69851,50845,48339,34851,7488,27844,73611,72230,37475,16259,73380,38685,74021,51060,39172,47448,69674,50540,66567,45403,16422,10934,39079,50598,51523,33544,18559,46284,67719,69829,47226,49599,65755,65302,71809,66659,10797,57619,65766,69512,65021,58870,75780,71128,75019,75298,66050,74053,63680,56308,71012,21921,66880,40731,37350,65036
,,,,,,,,,,,,,,,,,,,,,,,,,,,,,,,,,,,,,,,,,,,,,,,,,,,,,,,,,,,,,,,,,,,,,,,,,,,,,,,,,,,,,,,,,,,,,,,,,,,,70633,41698,37106,41229,62398,69392,69992,73136,70699,69037,40711,43927,54019,62461,69045,75066,61863,70156,61204,31323,63418,63245,34071,22812,57105,31166,64593,26688,61848,44201,71929,59989,74620,46904,25896,39351,29361,17599,65375,68901,48006,34485,69802,73429,73301,65569,18579,3725,48268,12987,53053,50178,50599,28163,48136,59759,36089,68605,25619,38900,73140,62618,67161,54384,71807,29025,63092,1528,73062,75434,54073,28991,65537,47420,32161,28955,61151,53373,27407,42650,52099,59355,47323,63505,73542,49984,74689,74625,66121,24740,47047,11712,70100,40329,52778,37505,36886,50111,54623,72604
,,,,,,,,,,,,,,,,,,,,,,,,,,,,,,,,,,,,,,,,,,,,,,,,,,,,,,,,,,,,,,,,,,,,,,,,,,,,,,,,,,,,,,,,,,,,,,,,,,,,59338,50800,66831,56791,58393,46861,66303,60331,43997,45413,69533,40876,38533,3407,49594,73567,69120,51024,53964,52122,68247,70472,72308,76630,67483,56115,68022,62519,66730,34421,74389,25238,66680,16211,73996,71678,73717,62853,55104,73776,70265,57240,70923,68900,58041,57684,74022,70826,73035,64569,44896,57373,22146,29404,21979,65227,67287,63098,46330,49429,73725,19399,71525,33839,72854,69380,66475,73480,66033,53861,76942,67211,70753,66861,74485,51908,48316,57238,45201,46164,50862,64899,31911,787,66990,17153,49879,58106,64019,37028,65078,67182,63690,72574,73745,36014,72641,60854,49830,48465
,,,,,,,,,,,,,,,,,,,,,,,,,,,,,,,,,,,,,,,,,,,,,,,,,,,,,,,,,,,,,,,,,,,,,,,,,,,,,,,,,,,,,,,,,,,,,,,,,,,,58032,56274,28575,33494,70609,65704,55463,47889,8622,65998,58330,60982,51031,74537,30286,37749,57737,422,62975,61993,60703,54499,69813,59342,70311,47855,57586,51522,50975,4959,64765,15070,62230,31560,62911,61252,41154,48936,67343,55954,60823,44527,43263,43117,68504,57198,70942,48750,17473,20802,44680,52421,67260,48098,74093,69875,41931,28725,69343,70553,39057,41833,56949,37989,63744,72435,44523,72286,71464,66730,74786,56983,73392,52710,31760,16872,36760,65093,40056,33288,50503,14954,47544,41758,47529,51421,60448,9714,48690,33956,61068,8767,48759,56275,70297,72222,62264,33560,76530,63273
,,,,,,,,,,,,,,,,,,,,,,,,,,,,,,,,,,,,,,,,,,,,,,,,,,,,,,,,,,,,,,,,,,,,,,,,,,,,,,,,,,,,,,,,,,,,,,,,,,,,68530,76396,74264,73409,52876,59029,65610,19373,59147,525,73720,75470,50849,28511,72399,566,25375,406,70723,74204,58281,47102,39952,43041,38338,768,54142,54580,47267,37714,44793,58357,69321,44626,73758,64609,60404,41372,59222,58411,52476,63324,72242,34943,72643,37581,60367,59118,63387,63998,37392,40375,69173,75102,65636,67832,49912,73579,54939,36388,65773,49777,57972,34857,69147,68256,65855,28685,36871,63529,74022,61509,65469,64133,69955,43988,39858,60712,61004,57904,61722,54229,76939,75303,66515,68017,70514,68521,45299,43853,61560,64039,52834,10488,75200,66909,61624,50568,64989,38149
,,,,,,,,,,,,,,,,,,,,,,,,,,,,,,,,,,,,,,,,,,,,,,,,,,,,,,,,,,,,,,,,,,,,,,,,,,,,,,,,,,,,,,,,,,,,,,,,,,,,18940,20739,16751,60964,46908,42043,34089,13023,25929,59705,65246,30412,59480,63956,63452,64219,57040,34205,56005,46150,46822,69139,62455,12898,59109,70875,41032,50051,74566,74679,62765,74662,67324,70830,41936,37973,49730,61115,44173,27076,32525,51187,72574,67640,66223,65451,71804,251,45002,65249,60778,46696,30896,61323,1335,27824,60415,61267,67495,64992,47520,36101,73314,61503,42143,29703,65247,72306,46643,53779,63205,33151,52950,73131,71527,21999,46871,44731,66381,30595,73127,65884,70305,51582,54193,66988,50265,887,52154,62948,55721,56099,45519,69211,75351,65896,39069,71111,72955,27348
,,,,,,,,,,,,,,,,,,,,,,,,,,,,,,,,,,,,,,,,,,,,,,,,,,,,,,,,,,,,,,,,,,,,,,,,,,,,,,,,,,,,,,,,,,,,,,,,,,,,62158,69847,39575,73047,52700,30925,42657,28694,62675,70957,63330,74725,61311,1515,71801,70554,41219,27849,66956,74263,69068,67340,60857,34480,67900,65732,74538,75350,42527,17430,67351,50895,73231,37266,48090,23179,51870,49329,72193,39223,46319,71273,49664,17544,72076,66650,71156,51415,50730,49270,65870,49210,70239,73224,74049,74148,62926,70340,21895,2039,63605,72066,68192,26537,74652,44603,66533,66022,66627,59019,65341,70578,41962,64028,69529,69680,68380,67194,35742,62339,62250,70630,63931,69849,68128,60928,71892,67919,1650,736,49824,14753,71823,58703,63173,46482,63111,67215,64253,21894
,,,,,,,,,,,,,,,,,,,,,,,,,,,,,,,,,,,,,,,,,,,,,,,,,,,,,,,,,,,,,,,,,,,,,,,,,,,,,,,,,,,,,,,,,,,,,,,,,,,,62760,200,28489,9051,71491,71602,69278,70450,63719,69358,27658,22146,49608,49236,63877,5775,67314,67460,69647,40774,76311,72337,61047,49861,27964,52609,46729,49090,63782,69674,51337,39705,58955,38170,71741,67738,71531,63935,53630,8317,40904,28053,68035,62860,68659,48694,25079,60739,58844,63204,64084,11737,48543,54674,62904,59202,70878,74448,59850,57091,60484,28156,22678,39262,73234,69782,32474,53983,62189,51709,61733,62793,68967,44657,47838,53645,50376,22790,76026,65030,47449,47480,58777,59118,43954,590,39648,61429,34966,18772,70863,59068,66585,62934,74064,68589,44546,39358,23846,72731
,,,,,,,,,,,,,,,,,,,,,,,,,,,,,,,,,,,,,,,,,,,,,,,,,,,,,,,,,,,,,,,,,,,,,,,,,,,,,,,,,,,,,,,,,,,,,,,,,,,,47606,39413,60523,73254,75580,74154,63199,9494,60003,60815,56221,73630,37906,71972,70910,56961,72682,75316,71651,68464,63709,69631,64543,921,70656,73078,50634,47699,74503,68251,32456,44786,62488,58769,68468,50401,69392,61058,57243,53863,11185,39152,55014,59537,36274,65590,53273,48197,60876,72650,68214,42816,69867,73608,66994,541,71507,76860,55723,35729,32051,61657,73159,35904,29127,60879,48629,52250,30011,3395,72247,71179,55342,31468,40991,49823,71283,17888,13984,52830,73645,66318,61828,35180,73633,65183,73530,12114,62983,1057,30600,72148,71751,58792,70057,74355,67879,69395,56930,11701
,,,,,,,,,,,,,,,,,,,,,,,,,,,,,,,,,,,,,,,,,,,,,,,,,,,,,,,,,,,,,,,,,,,,,,,,,,,,,,,,,,,,,,,,,,,,,,,,,,,,75916,72979,24689,46564,53599,71978,71157,63202,21846,34777,75688,68148,63941,59698,29712,1016,67437,67047,61752,66112,69780,49150,67554,40913,44499,69969,69230,68953,15366,66373,38225,50248,65668,50673,57583,65770,26105,39077,56616,60361,54908,13990,57282,42930,67740,68548,31357,55208,69494,8058,68316,58596,58677,68167,70876,70984,71133,63817,69517,62183,25700,26321,21910,48911,58264,52132,64129,16472,56173,5883,27919,39481,74037,72232,67464,47890,30550,50055,61940,63630,76447,72975,40262,8271,29792,55843,17437,870,48109,50642,65722,51713,75531,62876,73976,68099,50268,45916,69815,66625
,,,,,,,,,,,,,,,,,,,,,,,,,,,,,,,,,,,,,,,,,,,,,,,,,,,,,,,,,,,,,,,,,,,,,,,,,,,,,,,,,,,,,,,,,,,,,,,,,,,,70016,29183,53589,63077,50941,62851,46531,73150,70888,33500,69408,23631,39166,25478,33117,40607,63802,60290,60186,66809,33928,57111,65284,51969,67357,47472,48009,56860,52380,73048,73627,51448,69115,75705,50053,48956,67934,44495,70993,65230,39065,65498,46959,9980,38563,36061,57580,32771,64395,31535,75247,71807,71289,72069,51937,51030,46281,46166,76224,72853,61119,64143,66476,66159,13579,1564,69883,66090,67595,64289,54705,41877,66136,61611,55597,55676,45154,36600,64611,58110,71339,55109,68719,56609,76024,67625,73057,72403,69407,59037,53003,55683,69717,28230,68005,70077,57066,59369,51808,38400
,,,,,,,,,,,,,,,,,,,,,,,,,,,,,,,,,,,,,,,,,,,,,,,,,,,,,,,,,,,,,,,,,,,,,,,,,,,,,,,,,,,,,,,,,,,,,,,,,,,,23152,22431,50443,34791,45748,42772,62315,67595,54942,61397,50031,46316,63364,65107,65101,16519,68398,74532,66867,71181,74102,61679,60292,59276,71447,41027,60538,42828,73787,20641,71253,70362,48884,61736,76871,69067,65442,7366,65651,63008,63821,66124,50634,63379,53247,48639,65791,65911,45724,18598,30213,543,33372,52845,31899,74701,30489,62690,75424,39131,18075,10135,64432,46939,57034,16672,44209,59878,64059,71073,76331,68762,65005,73330,61651,68246,75268,41414,60131,44087,63159,72316,18860,71863,73426,54168,49893,60458,69953,19577,54658,54530,70488,71894,22606,28696,51843,73165,24701,11260
,,,,,,,,,,,,,,,,,,,,,,,,,,,,,,,,,,,,,,,,,,,,,,,,,,,,,,,,,,,,,,,,,,,,,,,,,,,,,,,,,,,,,,,,,,,,,,,,,,,,66601,68613,67943,1228,63356,49913,48132,1217,63887,73377,67114,59296,62420,56322,16988,359,56392,37852,69220,20222,24330,508,41790,45438,39810,329,69804,75076,71010,63324,38528,49464,67809,55204,57793,64539,61795,30827,68869,67386,62664,64902,62605,57361,75355,65343,71833,72288,52284,45670,69229,34244,23117,21817,69873,18566,64471,54992,44934,59610,77199,69668,72048,68370,58419,50002,62798,32232,58079,61409,56900,28986,75598,74461,64592,277,60472,70375,58304,65172,39062,57125,40718,67875,53955,46565,57635,58607,44716,33444,56145,64126,65792,45073,33775,35669,38176,39957,75259,40278
,,,,,,,,,,,,,,,,,,,,,,,,,,,,,,,,,,,,,,,,,,,,,,,,,,,,,,,,,,,,,,,,,,,,,,,,,,,,,,,,,,,,,,,,,,,,,,,,,,,,67346,55252,36211,2742,73298,74592,63491,34238,65046,67809,48327,59795,66158,40657,43995,61618,68254,66303,43732,47098,44906,60414,49355,56669,68789,69289,68236,76996,74909,70863,74974,62744,68974,34529,57973,39004,61845,65529,66574,49756,54257,62838,76715,74124,33865,1594,62431,71345,71752,36766,14626,41746,39893,18850,61776,69784,12157,67334,69119,40508,70422,52972,74058,14860,75772,53999,67955,68064,74482,69894,57313,60966,36235,833,55894,40090,68802,73322,68283,67205,39566,73949,67161,63536,52952,8425,27366,27935,62244,51847,68624,71398,59875,46849,66849,27526,54302,938,50217,60044
,,,,,,,,,,,,,,,,,,,,,,,,,,,,,,,,,,,,,,,,,,,,,,,,,,,,,,,,,,,,,,,,,,,,,,,,,,,,,,,,,,,,,,,,,,,,,,,,,,,,53102,65537,67215,67345,75039,26757,46760,763,65623,67565,34815,411,11239,208,59927,34387,74646,54350,68590,69321,65293,41040,74453,54659,28748,30201,44800,68339,72790,21991,57886,43371,65722,68583,32883,29782,25426,49604,56464,57858,62399,71758,37679,10588,60464,66394,29571,151,49874,30650,63714,37133,68512,72278,65362,63728,61833,56286,61949,64098,57856,63095,74272,64754,66815,71499,71731,70643,54424,42181,55001,300,67019,63801,74679,38225,68144,57068,71507,43581,65761,18620,61237,71542,51681,46979,33841,56737,69834,18081,68607,68019,67996,68375,60967,45047,61157,63074,68356,37791
,,,,,,,,,,,,,,,,,,,,,,,,,,,,,,,,,,,,,,,,,,,,,,,,,,,,,,,,,,,,,,,,,,,,,,,,,,,,,,,,,,,,,,,,,,,,,,,,,,,,55411,62028,37249,57057,11939,21331,69803,55687,50053,59090,75668,68347,35545,65830,21139,18102,70797,65351,76698,60056,65767,67428,60755,59403,68067,60748,45450,68436,68513,74187,69610,61212,58588,53825,64421,69921,71317,74356,75725,66282,73856,70111,38927,16599,74051,54332,43666,52172,47528,47683,53499,20210,56146,63135,57000,46701,73040,52526,30702,73784,62829,69838,66170,66598,75983,57400,67100,50410,17919,27815,66335,59169,62439,50522,44334,28915,76681,59995,64378,16979,69354,63465,70722,63713,50617,43978,74409,66661,67755,68187,67033,41892,72486,67235,56733,37380,52728,52381,62543,2007
,,,,,,,,,,,,,,,,,,,,,,,,,,,,,,,,,,,,,,,,,,,,,,,,,,,,,,,,,,,,,,,,,,,,,,,,,,,,,,,,,,,,,,,,,,,,,,,,,,,,65395,50284,71851,53445,70494,57093,39055,27002,57007,48340,66360,52843,36383,69892,14340,73016,71458,55817,48457,11308,60195,47500,73576,53381,71831,71396,65074,58178,33296,17044,69083,69458,67117,37392,54850,50454,18188,52282,72300,68919,28860,31249,57582,55318,30390,61781,8922,19198,27927,29422,49773,69760,47860,24654,53366,52875,64559,62982,39828,55012,43300,23838,68457,16632,72161,67715,47482,52593,72637,72216,57490,68289,49569,64646,66697,65494,57978,40498,61836,76405,60392,47913,67606,120,50098,43681,55241,68987,62015,74627,51582,59620,60908,17699,69081,32411,54360,13631,34586,66863
,,,,,,,,,,,,,,,,,,,,,,,,,,,,,,,,,,,,,,,,,,,,,,,,,,,,,,,,,,,,,,,,,,,,,,,,,,,,,,,,,,,,,,,,,,,,,,,,,,,,72779,14691,70126,71979,57760,56109,68425,63725,60590,17893,61016,4645,56334,2267,51605,62045,71836,73280,53337,59268,70368,61926,71267,5384,28192,60955,68914,818,22952,32820,57221,57595,40012,8946,73148,69885,65364,51700,70668,24905,38213,1028,62718,165,70378,75230,51533,48469,51178,61915,74246,74197,74898,68414,52680,44639,9694,39486,65885,40827,49293,20943,41762,5122,61311,63337,66255,40012,42490,44310,44571,28303,72472,30639,39385,40825,37501,45866,62785,59993,68526,17195,60490,43797,65014,61948,65929,30172,63796,18627,59581,64735,72169,74290,67463,58218,71190,63074,54170,63941
,,,,,,,,,,,,,,,,,,,,,,,,,,,,,,,,,,,,,,,,,,,,,,,,,,,,,,,,,,,,,,,,,,,,,,,,,,,,,,,,,,,,,,,,,,,,,,,,,,,,35825,68898,75186,51882,77132,75114,29137,27149,71130,67123,51172,43645,60042,67404,69993,56073,68557,39023,68750,62314,65672,27869,75503,59817,73536,77493,36702,588,62635,70163,29435,38925,55846,48906,55469,193,68646,52753,67857,72422,55677,8432,63999,30735,72721,44409,71681,50738,53052,46460,65018,77048,44212,35984,12843,100,50908,49618,72327,42129,53372,62988,53961,51182,70056,75865,71482,36760,15842,63077,58964,57108,71243,66181,69790,67494,37663,68898,63239,60551,73519,57233,52365,58085,73061,56944,59950,69740,71196,63757,57676,41131,74874,61352,69143,60874,58140,64892,57813,71240
,,,,,,,,,,,,,,,,,,,,,,,,,,,,,,,,,,,,,,,,,,,,,,,,,,,,,,,,,,,,,,,,,,,,,,,,,,,,,,,,,,,,,,,,,,,,,,,,,,,,63454,19188,32234,56859,53754,65296,72780,65180,52957,48160,55334,59871,53461,65366,73059,40178,31300,8747,36034,70923,52831,67713,34118,16591,69855,55879,72887,68481,71267,73053,58030,183,1670,8102,35699,41153,70815,64250,71191,48403,68426,56201,57838,46980,75792,73086,74517,72884,69349,61867,20191,1517,57267,65677,51143,52345,21093,47416,36398,51374,57802,41731,62930,51296,69129,56672,67649,63221,72226,27857,64905,65854,75255,59734,55730,34106,56719,52038,73842,61325,74074,69594,30956,1226,70694,60907,60634,57109,74733,18758,62770,2088,51889,73382,68065,53013,37021,47160,71937,26823
,,,,,,,,,,,,,,,,,,,,,,,,,,,,,,,,,,,,,,,,,,,,,,,,,,,,,,,,,,,,,,,,,,,,,,,,,,,,,,,,,,,,,,,,,,,,,,,,,,,,65110,70095,60359,73986,69299,10593,34440,59305,64583,63325,37047,49122,67213,20975,50271,69288,35924,59767,61255,60148,55849,59480,69582,51464,55407,69938,59549,7120,67062,17854,33449,23357,65226,40836,51397,35196,51969,62639,69357,43119,48197,46996,73639,40429,62231,51590,73027,75152,70946,14938,67980,975,28218,62451,65312,38012,53916,63441,74176,72672,66698,37883,66710,9151,28954,45034,44640,17742,33451,44907,29043,26232,68926,64181,61354,54613,41531,49963,1441,2040,48704,53149,43901,39287,76949,71319,34163,73693,21478,68826,66852,468,71733,64346,64502,28904,72228,50849,66520,60772
,,,,,,,,,,,,,,,,,,,,,,,,,,,,,,,,,,,,,,,,,,,,,,,,,,,,,,,,,,,,,,,,,,,,,,,,,,,,,,,,,,,,,,,,,,,,,,,,,,,,42868,48356,57210,17704,65089,66574,69566,49859,55326,20749,51074,60625,69932,52718,70307,70848,71422,61892,63910,31172,72063,63701,59739,2963,8511,14390,47680,69811,56543,41518,62593,42630,60334,67802,38646,27967,66896,74913,65124,55742,55287,38591,55081,37676,73591,67033,52543,50714,64515,42588,72006,63585,66435,54734,73783,52500,55475,54717,53914,64577,58636,37910,36820,64116,66600,26822,56838,63223,71824,67316,71436,73386,73757,53687,43271,68057,62424,64972,35178,2285,63575,68202,42802,32437,70912,70355,13610,8912,69701,70113,22102,537,63656,201,58981,47279,54889,36782,70025,22982
,,,,,,,,,,,,,,,,,,,,,,,,,,,,,,,,,,,,,,,,,,,,,,,,,,,,,,,,,,,,,,,,,,,,,,,,,,,,,,,,,,,,,,,,,,,,,,,,,,,,55062,56805,35385,35533,37289,18864,72782,63409,40205,63795,65922,72608,22975,37242,71775,49822,38515,53109,66225,51698,74451,47366,19162,282,65294,58709,65032,74454,62224,73739,53003,47905,72457,76963,42929,45421,72255,58148,31975,61196,54886,22131,68969,16871,74231,75071,36444,63082,45680,10766,49346,56878,65814,19742,46242,48382,71394,63167,73449,61937,63472,32839,23443,9886,61342,267,67341,61178,54935,62697,57999,63081,47283,1800,60882,58196,69333,74086,65604,58195,32189,33057,63891,62010,62175,66613,68115,63931,58607,70875,51485,61444,44739,38965,70136,52603,62549,62895,61299,63916
,,,,,,,,,,,,,,,,,,,,,,,,,,,,,,,,,,,,,,,,,,,,,,,,,,,,,,,,,,,,,,,,,,,,,,,,,,,,,,,,,,,,,,,,,,,,,,,,,,,,71361,7527,40563,13405,73271,36576,70997,65506,73932,57427,55777,54149,69278,60555,45597,16623,41404,58963,40422,52589,76094,74020,68863,53476,58247,38663,25320,19357,64539,46315,73067,45464,75520,65520,63972,73685,64799,38566,74444,68572,66297,38704,24300,22975,50011,43100,50027,11043,52419,9403,19133,73680,53860,68173,61854,66577,67615,18703,71392,61889,70275,67267,71007,45337,21528,60294,73592,68324,51985,48027,60214,43345,58349,65480,72633,72777,51975,61173,51489,60258,71366,68920,54040,69080,68449,62789,37352,52406,61993,1423,54567,54714,72828,73429,51240,10352,70019,69629,69344,61008
,,,,,,,,,,,,,,,,,,,,,,,,,,,,,,,,,,,,,,,,,,,,,,,,,,,,,,,,,,,,,,,,,,,,,,,,,,,,,,,,,,,,,,,,,,,,,,,,,,,,65173,48718,69071,71581,53059,27358,25333,68743,61811,66699,51969,61847,68034,23684,35600,37435,63776,42541,72641,73942,58298,17556,52514,48855,69318,9574,59601,66368,71438,47718,29195,67487,70701,65808,61987,69175,70557,69229,49598,70708,70299,68683,63070,28955,31186,59598,72200,69641,55742,64937,65095,74271,52559,53800,67446,65688,45941,63355,229,16364,64160,29832,64941,20088,44756,33328,73096,66081,59850,54773,63867,61038,20113,52459,58393,9927,58430,28173,41993,63283,52981,51716,49157,61208,36055,50975,62567,71862,41164,52027,74329,69585,11741,39820,53439,66762,71044,68816,64356,71249
,,,,,,,,,,,,,,,,,,,,,,,,,,,,,,,,,,,,,,,,,,,,,,,,,,,,,,,,,,,,,,,,,,,,,,,,,,,,,,,,,,,,,,,,,,,,,,,,,,,,62975,66006,55125,28916,57987,38054,73157,71707,73200,59761,75235,70771,64750,70073,68684,74238,60151,60230,62601,56946,70818,41431,71233,74463,60961,46558,45262,39582,63826,60557,31473,65312,65271,55660,11908,304,64391,58791,57641,35224,51099,69723,50623,40867,60996,67378,27385,31464,65993,58696,52600,49782,67686,47153,72419,64179,76171,69172,75519,75423,59602,45591,71515,65946,56384,46246,55272,49892,62767,41886,75106,73989,68183,19236,61962,59484,39272,47061,35301,45340,54145,26373,35857,43599,23253,52221,63557,71531,72034,48884,56103,35270,64776,67333,48062,10655,7544,45111,73940,73429
,,,,,,,,,,,,,,,,,,,,,,,,,,,,,,,,,,,,,,,,,,,,,,,,,,,,,,,,,,,,,,,,,,,,,,,,,,,,,,,,,,,,,,,,,,,,,,,,,,,,51775,68949,63945,33210,64599,66146,70112,56584,42959,72217,58126,72977,70567,54381,55799,59724,65108,59482,68981,46482,64302,48962,68004,69379,74071,69370,63341,57324,58245,48725,74636,62017,59336,43965,64155,56704,74856,69327,69976,9393,49468,54242,73159,68836,40228,56320,70333,41793,2831,938,71961,56682,318,67891,57879,65794,45721,32285,73938,40374,26785,47547,70662,55339,48939,72183,54044,69861,62175,64264,48904,41047,22607,33446,21448,66446,71485,68207,60942,41116,18925,39379,71430,56307,61936,67415,74170,77463,52029,1478,26904,8310,52349,70171,34194,73686,68046,28149,66705,20761
,,,,,,,,,,,,,,,,,,,,,,,,,,,,,,,,,,,,,,,,,,,,,,,,,,,,,,,,,,,,,,,,,,,,,,,,,,,,,,,,,,,,,,,,,,,,,,,,,,,,73876,60710,29038,26223,60969,48275,26368,25336,69212,39426,34150,58179,67161,44249,61158,57086,42555,47502,71279,67151,52215,66403,10846,1214,66663,71009,71606,59819,26063,31163,34734,40756,54115,60629,46753,45597,41439,56939,60147,39186,34087,58103,46901,62661,73590,75491,57239,71938,51804,40493,75383,21089,69912,17798,72368,73182,49687,40789,64607,20064,68941,13304,74348,71635,48816,62009,77036,76769,73951,23034,40625,154,69512,62355,41264,27699,47694,11268,72094,75286,42461,58609,71018,52510,70027,58836,69998,55824,54295,57694,42566,51211,71488,12543,69747,67858,46882,25297,8365,14313
,,,,,,,,,,,,,,,,,,,,,,,,,,,,,,,,,,,,,,,,,,,,,,,,,,,,,,,,,,,,,,,,,,,,,,,,,,,,,,,,,,,,,,,,,,,,,,,,,,,,50986,290,68432,72594,57294,70791,69947,75997,57189,65266,43799,60494,61012,56270,66394,70071,39091,26129,68269,72770,55868,38053,16260,53465,72802,76289,43922,42521,45834,39934,73467,53971,63983,56315,66260,43582,37862,47678,68226,69956,57536,64813,26248,47313,37678,54826,46274,61539,65529,63449,60867,58766,67619,53227,60781,67107,41198,30099,47785,46590,45338,62963,57466,47445,57011,55444,30190,3004,58109,57553,46636,40300,43982,50648,3144,24356,56519,17919,66442,52240,55381,30048,26064,1622,77837,73582,58596,49276,69732,55681,52768,62649,69276,76046,72826,67981,64443,46919,58457,49981
,,,,,,,,,,,,,,,,,,,,,,,,,,,,,,,,,,,,,,,,,,,,,,,,,,,,,,,,,,,,,,,,,,,,,,,,,,,,,,,,,,,,,,,,,,,,,,,,,,,,76532,28015,55108,54528,66671,47622,43603,48638,67114,65374,52117,40129,57404,61809,49640,45983,70711,19022,63829,45827,70449,72385,71510,71069,75812,67127,74270,66718,74486,59764,26366,22400,65791,52260,44648,42623,61806,38699,56751,62749,37543,36912,57814,1425,70038,71060,73336,75916,75312,58409,70673,46324,21894,8996,69095,64701,22023,15097,67295,58692,54866,70695,66894,75523,72195,62040,25212,56398,31096,55638,50411,62105,64684,43828,75189,72122,45626,214,56967,49716,63671,28691,69936,56803,67045,63271,48279,54543,44181,26501,55551,32258,62715,42164,44131,33050,53962,73885,68391,51320
,,,,,,,,,,,,,,,,,,,,,,,,,,,,,,,,,,,,,,,,,,,,,,,,,,,,,,,,,,,,,,,,,,,,,,,,,,,,,,,,,,,,,,,,,,,,,,,,,,,,71122,66675,63722,57460,67060,63219,66877,58190,56021,45516,62651,733,51211,75256,55622,55822,76315,67710,69488,58516,47522,58577,34061,26081,59121,60364,37707,44217,59951,56599,8032,31073,64282,26904,54831,56926,67844,67434,70916,55710,51149,58757,69199,70918,64307,53899,71401,34486,62394,8377,16380,70238,49750,17657,53255,46435,30899,49198,67591,22314,20973,72236,72142,60115,45166,35823,73119,68403,70900,58090,60178,36989,69925,69563,58230,30608,23539,39665,61819,60230,67261,70045,75130,75516,63160,69142,73278,70651,71902,1945,72832,73900,60902,65199,22954,62916,63701,62438,68537,69142
,,,,,,,,,,,,,,,,,,,,,,,,,,,,,,,,,,,,,,,,,,,,,,,,,,,,,,,,,,,,,,,,,,,,,,,,,,,,,,,,,,,,,,,,,,,,,,,,,,,,52818,52763,66953,30863,64527,72921,74266,65136,71974,72423,61494,28632,53714,65966,66409,39987,44503,64752,43527,36893,70367,51790,64011,54422,58888,62285,64550,63410,70163,52055,67855,12974,51174,63792,73982,68936,64413,54229,67289,39961,70455,61247,75779,66898,75020,67980,76982,37037,33902,8818,74147,32711,56649,50719,10507,30282,40046,60420,55157,29537,58279,65570,67964,69643,54819,74700,70480,54396,52073,58875,71555,68438,64210,29550,70038,75621,70653,56661,50644,44014,67415,61080,59116,56795,65819,44922,62316,45997,70485,70413,49321,35337,72470,54685,67048,65004,52081,69085,35042,33398
,,,,,,,,,,,,,,,,,,,,,,,,,,,,,,,,,,,,,,,,,,,,,,,,,,,,,,,,,,,,,,,,,,,,,,,,,,,,,,,,,,,,,,,,,,,,,,,,,,,,63906,54926,49031,61575,72578,48429,48570,21653,52561,73157,74606,62292,63837,63381,39714,59192,72885,69118,58615,65726,74456,64401,63630,35084,66618,15517,44127,9074,24486,52338,74668,41037,65064,39662,67908,62496,64094,73031,73937,51638,22587,57436,51776,60258,58603,60479,63970,17971,57619,69082,51183,59685,58174,1375,33717,47929,66207,64596,69944,63098,66133,10781,68342,70317,58078,33059,1958,937,75786,71656,70758,52470,77186,75029,68820,54078,75451,71150,59600,38114,73379,57066,55617,67888,32185,10869,57045,52070,58829,53458,68418,16099,70678,1511,900,854,76675,47482,73322,71596
,,,,,,,,,,,,,,,,,,,,,,,,,,,,,,,,,,,,,,,,,,,,,,,,,,,,,,,,,,,,,,,,,,,,,,,,,,,,,,,,,,,,,,,,,,,,,,,,,,,,73476,72094,62531,50200,32881,31502,25633,37031,64502,69737,71403,747,32523,28792,74045,59466,64571,49486,30476,61611,60185,59954,49148,27152,72997,63223,56043,68724,68178,16466,64665,58627,74666,69034,22319,44708,70916,57904,65613,50332,63075,24638,69987,50830,60925,38206,73828,49766,65961,65652,74983,71421,26296,62708,75399,71666,75493,70028,50954,31552,25081,43170,72945,64287,71735,28709,72200,77161,65424,68216,72240,41928,27699,49402,33392,13451,64764,22243,75381,51906,39043,73641,36688,50215,74683,58050,55752,68829,74176,68251,53713,56537,57157,46264,36993,8764,55314,52724,44454,61351
,,,,,,,,,,,,,,,,,,,,,,,,,,,,,,,,,,,,,,,,,,,,,,,,,,,,,,,,,,,,,,,,,,,,,,,,,,,,,,,,,,,,,,,,,,,,,,,,,,,,29178,61319,65009,824,71758,61584,72721,59243,49312,19648,43779,41349,33213,1516,72974,31501,49031,39638,56958,55788,42776,59403,59717,51467,35053,28675,51308,30952,65120,71697,25507,34163,49998,60894,67240,63090,69172,76550,60474,24331,60182,22753,58157,31980,64626,24684,65157,53784,63959,75495,66175,70178,75836,64132,68182,63830,36748,22908,74605,66555,70616,25877,25500,61426,67998,50308,73039,74195,73697,62869,53261,62677,34773,16057,16200,9576,49477,56304,68634,69943,65833,53409,51361,61456,67904,61024,67238,60542,69918,40472,75333,74107,59396,66387,72624,60775,58219,50623,65079,415
,,,,,,,,,,,,,,,,,,,,,,,,,,,,,,,,,,,,,,,,,,,,,,,,,,,,,,,,,,,,,,,,,,,,,,,,,,,,,,,,,,,,,,,,,,,,,,,,,,,,58924,57617,33800,42655,24544,40921,67544,540,62292,60107,49472,65960,62948,894,72551,68916,51530,55461,66643,72539,42367,7350,58381,67391,47898,57873,66939,62657,66636,70057,40021,45048,42069,27151,23010,32351,70018,47270,37338,61522,74822,55252,9151,40788,72546,37485,65411,73726,71310,61481,29549,8990,70104,6716,67622,63389,45737,45703,34749,55542,57141,688,69751,49507,55794,38162,37754,67929,66331,77298,20305,41285,42477,39831,67464,71283,54203,30605,57043,65296,67380,222,29052,45620,10710,276,50345,992,53127,49938,72650,59721,62266,64346,63950,5095,50037,39761,11638,38241
,,,,,,,,,,,,,,,,,,,,,,,,,,,,,,,,,,,,,,,,,,,,,,,,,,,,,,,,,,,,,,,,,,,,,,,,,,,,,,,,,,,,,,,,,,,,,,,,,,,,72723,63113,64816,62947,72232,43252,45786,40657,65070,44155,44917,49285,50146,37922,52077,61210,60777,36878,66577,47619,61852,52106,11832,30798,57665,62162,75109,44643,57028,46114,63522,73938,13096,7556,43751,43828,49485,72861,51931,39772,67647,45316,63323,65061,70740,66880,63702,4612,63006,56716,70257,69498,45136,1460,59769,37183,62926,56680,61471,34634,55656,68856,71909,61930,76348,62209,24515,32988,46434,54081,64419,18207,69804,28924,63701,63303,71541,16060,59575,74289,48836,13038,44264,38384,48763,68784,48996,883,72758,31596,51560,62397,52942,69015,70672,71213,54467,61444,56173,26162
,,,,,,,,,,,,,,,,,,,,,,,,,,,,,,,,,,,,,,,,,,,,,,,,,,,,,,,,,,,,,,,,,,,,,,,,,,,,,,,,,,,,,,,,,,,,,,,,,,,,73198,62947,70005,70991,71186,22216,67552,700,67022,521,71185,63813,38827,44348,66252,65621,56087,48326,17794,771,68024,47961,19813,1585,47656,64890,68920,68010,53169,29282,39851,53571,41994,30107,61680,62784,39084,26547,66540,65993,60154,60184,34762,63504,66903,64038,62477,55552,72247,64792,73262,38339,42866,19018,76487,50617,66710,29618,74173,63259,56570,61504,21026,36716,76295,54694,18611,24385,24220,64993,63435,35453,75114,70780,71203,74447,38317,43810,26355,1608,52286,63577,69800,74881,47364,67101,67105,24160,66194,68738,63795,54045,70735,49520,71147,64324,61577,60262,72228,47797
,,,,,,,,,,,,,,,,,,,,,,,,,,,,,,,,,,,,,,,,,,,,,,,,,,,,,,,,,,,,,,,,,,,,,,,,,,,,,,,,,,,,,,,,,,,,,,,,,,,,71944,70232,53986,37348,50588,47030,68347,11205,66590,50092,66988,65513,38209,51227,65586,62988,34383,68648,40216,68660,28542,64563,65999,42208,45338,58718,31069,35876,51288,52434,71823,50033,55670,54084,71165,68913,62920,50504,57255,8251,58452,57674,61589,59682,45944,15544,69612,48647,73016,44229,43848,60422,72060,61505,50999,59730,65764,72120,32933,66660,49325,59271,46402,50655,53622,63360,36916,69071,65644,71656,75521,60868,76364,49495,73254,57292,56396,41306,56080,56337,14549,38132,67520,55964,64192,41155,64817,375,49574,65975,34337,65350,48754,55222,52987,55459,70976,14661,73478,32525
,,,,,,,,,,,,,,,,,,,,,,,,,,,,,,,,,,,,,,,,,,,,,,,,,,,,,,,,,,,,,,,,,,,,,,,,,,,,,,,,,,,,,,,,,,,,,,,,,,,,34796,59909,59355,1948,50780,50045,44241,70616,72950,51779,70167,35549,54428,53570,70630,51607,73625,76187,46452,38182,46647,53240,62180,72674,62499,32394,62678,61734,40480,57730,51449,47315,55266,59193,43693,67359,51494,42596,62242,74381,41333,15927,54884,66071,52752,43679,73581,71516,70653,55147,52253,69994,53014,71279,56520,56654,31251,13135,69698,46107,46377,6932,57601,55047,46464,42854,73060,47582,25899,11272,75486,70354,29257,1286,53359,38526,71277,64286,75218,36766,35937,152,73854,18814,72446,956,982,1222,64607,49391,72308,69921,71224,61810,59773,11427,69722,66598,65265,65914
,,,,,,,,,,,,,,,,,,,,,,,,,,,,,,,,,,,,,,,,,,,,,,,,,,,,,,,,,,,,,,,,,,,,,,,,,,,,,,,,,,,,,,,,,,,,,,,,,,,,71500,55703,68455,66993,70682,49868,63328,60779,63357,44782,73137,59064,60585,23718,71382,75106,50969,30859,34842,51309,75075,12316,72590,61412,73645,63907,31230,53667,68097,15120,78609,68630,54590,61561,35842,12493,54191,60725,37336,44845,74868,25596,62498,73646,54178,45681,59574,37013,37375,627,54728,59075,17052,50557,43066,40730,56293,52616,60864,71444,46229,61181,65178,47480,61517,983,48364,20855,74190,8522,46324,52619,56812,541,57955,60358,44478,42854,64776,49630,65567,47014,62563,53491,73522,43009,368,24567,58743,60444,53458,69760,64420,43386,74482,73184,69151,48399,51430,10122
,,,,,,,,,,,,,,,,,,,,,,,,,,,,,,,,,,,,,,,,,,,,,,,,,,,,,,,,,,,,,,,,,,,,,,,,,,,,,,,,,,,,,,,,,,,,,,,,,,,,72122,56742,70995,38647,46150,41915,35452,49277,58996,53589,72677,76473,31815,56278,73619,65134,39376,62943,72082,49197,56981,62928,53063,33621,60270,56511,75005,59312,66805,59576,71244,49602,72244,10412,67889,63151,71148,58178,9356,71259,59660,39489,71989,47824,47030,51359,71099,68023,58412,70846,77523,64055,58030,1885,35700,666,24639,54906,26709,37695,70498,76449,71415,42256,64178,51315,74534,59200,70742,62593,11475,864,56589,249,70773,1869,73598,62469,59323,56639,73989,59261,63365,51120,26182,8452,63973,45756,57179,48460,54355,28630,27776,9455,66334,74182,68870,51344,75796,73423
,,,,,,,,,,,,,,,,,,,,,,,,,,,,,,,,,,,,,,,,,,,,,,,,,,,,,,,,,,,,,,,,,,,,,,,,,,,,,,,,,,,,,,,,,,,,,,,,,,,,61722,44995,75438,58578,52282,72872,46880,47686,63508,44688,55635,56598,64441,60495,72461,66745,61162,67049,66592,64036,71114,67274,62492,67692,73689,69205,53834,16527,28103,37648,35843,25690,60320,60488,66192,19458,53392,46659,72687,70059,74363,67303,66227,52388,60111,55369,46360,53721,55711,67865,33802,31751,6054,1732,69532,1166,67295,18681,25588,69491,34003,16105,41914,54977,32312,70968,51290,7574,62905,231,43425,60131,44921,50103,16765,44899,56038,45177,64774,70503,64400,35411,71767,28223,73891,62934,50320,58520,66322,42901,75067,41118,75176,34787,71518,48388,57463,60069,62067,61532
,,,,,,,,,,,,,,,,,,,,,,,,,,,,,,,,,,,,,,,,,,,,,,,,,,,,,,,,,,,,,,,,,,,,,,,,,,,,,,,,,,,,,,,,,,,,,,,,,,,,53442,60881,70937,64434,39668,69759,29327,16921,74629,52800,69966,34581,64285,45368,72457,64727,65508,24605,59165,70837,28449,36314,61888,38124,65046,15462,47957,64792,57354,42812,36943,34263,67629,61151,27462,43240,56328,9823,77531,66644,59584,21759,64646,32372,71443,28544,74197,74562,72754,59499,36635,65126,35795,49224,38920,801,41863,29032,53331,20694,46042,38532,54072,69512,73337,74176,73906,70935,25814,46312,59910,72580,49522,47168,69644,48827,44160,38109,62145,62533,67657,26518,51119,821,63172,21322,47083,37624,55857,16351,64278,28240,52472,323,57408,49819,33455,17261,54999,52151
,,,,,,,,,,,,,,,,,,,,,,,,,,,,,,,,,,,,,,,,,,,,,,,,,,,,,,,,,,,,,,,,,,,,,,,,,,,,,,,,,,,,,,,,,,,,,,,,,,,,75857,69669,73471,65191,77038,71036,60087,55321,67095,60106,67159,47700,67891,73666,52049,74742,35189,39984,66861,65289,67084,2334,72516,77300,35485,2082,65621,58192,73814,62992,73261,46860,70546,66900,48933,63732,61470,38284,37091,44418,69735,65091,70392,66259,63803,52410,54880,2709,73369,43224,8704,57979,40491,9923,63571,44247,46167,32221,26232,73235,64881,37533,73620,50087,57896,64523,42852,45485,66229,70601,57773,64185,72696,12828,43412,47245,43854,50319,59802,45573,53280,63593,73470,67699,66932,37318,74931,27476,28627,14464,58907,33633,63891,13568,67030,66010,58668,42322,38176,15860
,,,,,,,,,,,,,,,,,,,,,,,,,,,,,,,,,,,,,,,,,,,,,,,,,,,,,,,,,,,,,,,,,,,,,,,,,,,,,,,,,,,,,,,,,,,,,,,,,,,,69439,55527,73751,49267,71506,38345,68701,65483,61550,63896,69357,69251,58528,72219,73568,65593,41158,65126,67289,18123,62973,67538,38964,25420,66779,8445,39466,72556,56783,69000,59240,26104,60838,62670,58004,35888,38861,42662,62582,44742,59964,46218,73832,68406,74718,72222,71852,67508,34601,28161,42643,36875,43668,61976,70267,73215,64922,44163,19877,36942,41609,1236,45051,57822,74337,59367,65086,43471,65289,49680,56939,39834,69862,74283,63883,63398,27252,55519,68763,30463,39877,40370,69473,67471,1872,8725,11038,64867,63264,49993,48886,44069,64238,39152,60090,60725,57931,52347,63516,61050
,,,,,,,,,,,,,,,,,,,,,,,,,,,,,,,,,,,,,,,,,,,,,,,,,,,,,,,,,,,,,,,,,,,,,,,,,,,,,,,,,,,,,,,,,,,,,,,,,,,,47216,34962,27899,635,63481,57268,66106,60659,44046,53680,71086,49697,75310,48852,67812,64034,72751,51192,68716,21376,53246,47726,64203,51120,60514,39832,13473,60915,9885,62277,61493,67643,72264,42259,46717,67211,36857,55770,41638,65957,51454,68113,72680,61923,74244,38377,31417,6943,34837,57173,61694,47076,67919,72383,62711,12731,40476,61576,42044,47235,27246,24148,60762,51736,59353,27144,50311,55882,68548,73602,60922,41450,64912,66743,50557,18263,67145,38333,73677,38083,73550,36651,59305,75438,74116,52739,59463,58144,66186,55461,35916,50528,37405,6636,68672,4611,76365,64526,65799,71273
,,,,,,,,,,,,,,,,,,,,,,,,,,,,,,,,,,,,,,,,,,,,,,,,,,,,,,,,,,,,,,,,,,,,,,,,,,,,,,,,,,,,,,,,,,,,,,,,,,,,69952,43432,14961,555,47287,16426,68780,51573,8655,52812,60596,1241,32758,17247,63168,61825,22732,31036,46861,47141,69926,72438,43186,41524,64077,3505,50479,36375,59489,55952,65759,30967,51800,48997,73729,76122,72193,8593,31700,15734,43120,34884,71352,32519,69893,53815,73432,49882,55146,9487,41387,50171,66678,40241,75991,70056,77256,74007,50707,445,59484,51776,26838,59701,57988,70142,38620,10313,62127,64451,61786,29820,61162,66045,61568,8263,72261,65342,72866,69492,75154,66628,63692,67492,73689,60009,73852,37698,72904,69267,63014,49357,61410,61266,57999,49502,46719,44287,40425,51334
,,,,,,,,,,,,,,,,,,,,,,,,,,,,,,,,,,,,,,,,,,,,,,,,,,,,,,,,,,,,,,,,,,,,,,,,,,,,,,,,,,,,,,,,,,,,,,,,,,,,66316,12541,20359,47724,70353,56500,11843,40176,72607,33250,72126,42898,70268,63254,75885,32083,72744,69392,64589,72384,73805,71567,75761,68265,30623,61462,50424,15802,33555,51382,69262,59813,72843,61366,70170,60825,60027,62582,54505,34077,10483,28573,23730,62409,26387,32079,73635,72683,62207,28357,68946,71890,62327,39845,67984,42856,53657,63549,49081,47781,67284,35840,63104,19487,74626,36168,70103,72426,71631,44711,72849,77709,37067,56249,70292,17185,64088,53509,54988,75799,55089,8965,61121,20611,67072,8881,70119,20024,41606,4770,64340,66248,69686,64679,69582,71406,17255,15561,39257,62803
,,,,,,,,,,,,,,,,,,,,,,,,,,,,,,,,,,,,,,,,,,,,,,,,,,,,,,,,,,,,,,,,,,,,,,,,,,,,,,,,,,,,,,,,,,,,,,,,,,,,71145,32094,68365,43441,47835,73619,59082,6152,77069,58187,68380,61317,56671,62808,64036,65437,63071,74066,73833,29515,46131,59970,61491,41464,32768,46253,50304,63037,69380,31388,48062,54785,67320,53289,71176,24073,8981,43494,60927,34156,65725,64942,36422,30432,61756,49618,60574,15016,70430,43886,66283,59282,48263,8884,35307,35467,58867,581,59142,46022,58885,43041,16871,33826,59579,42854,42144,35353,60661,49353,70684,75708,39190,56280,34896,39799,56094,53612,72279,62820,50664,411,42311,64276,59740,37818,76326,60139,71320,40656,29755,18858,26447,63352,60548,66546,74823,65088,74788,51106
,,,,,,,,,,,,,,,,,,,,,,,,,,,,,,,,,,,,,,,,,,,,,,,,,,,,,,,,,,,,,,,,,,,,,,,,,,,,,,,,,,,,,,,,,,,,,,,,,,,,71129,61490,69505,73684,74822,62353,66544,60204,29155,39951,64843,35142,8693,1057,74342,50351,56898,45958,51230,64289,75506,55248,61094,36500,73502,71962,58928,51966,67086,73291,74309,57216,64719,63938,65751,60813,63155,52041,26997,34213,49533,69469,68473,50797,33699,7261,11457,74497,44760,1489,74345,62365,66022,54004,74678,44485,53803,987,66309,57896,60292,68070,70078,51816,75005,77006,67265,40796,69879,53305,73643,54416,73981,74017,66498,61683,66323,13526,51432,30761,32765,38551,70288,72901,74113,66930,73105,15703,73865,62464,71283,47640,73106,16252,33249,37955,74628,71644,73418,71662
,,,,,,,,,,,,,,,,,,,,,,,,,,,,,,,,,,,,,,,,,,,,,,,,,,,,,,,,,,,,,,,,,,,,,,,,,,,,,,,,,,,,,,,,,,,,,,,,,,,,61714,67320,69469,41665,4389,170,74253,40141,76255,69618,65189,1095,64147,56897,74491,55432,46995,61723,68576,23453,67054,62745,73482,66190,53197,33856,62595,50954,65529,8804,52819,395,63258,50269,62091,61406,69321,66729,22786,15635,71539,37382,74002,35357,54484,26066,36947,55909,68464,66025,46987,63787,61466,51272,17318,470,27890,1425,66632,39613,73589,72215,74542,63486,55256,38051,70281,32840,40415,55498,47009,25346,63902,38266,59277,35234,74788,35125,60955,54748,16265,55568,3233,66213,57460,63692,34273,2840,74372,31727,54594,8842,57025,59089,72710,55616,70551,61118,47653,52393
,,,,,,,,,,,,,,,,,,,,,,,,,,,,,,,,,,,,,,,,,,,,,,,,,,,,,,,,,,,,,,,,,,,,,,,,,,,,,,,,,,,,,,,,,,,,,,,,,,,,72515,75784,66512,64616,57515,50230,60666,39938,72475,59204,31232,38433,74682,72627,74763,73093,68617,62727,58500,50442,61643,61660,53269,49179,53441,59355,61140,55389,41761,48105,70307,21379,61367,55704,33181,49659,64048,62607,65905,69686,52753,37822,65609,53675,51008,23454,69542,22798,67641,728,72633,39705,30597,19049,47686,36036,73873,48420,66631,57804,69449,70598,74310,67936,74395,64745,38979,22004,37772,55433,64173,69724,64515,7892,46583,44176,37889,69166,68020,58771,27397,9866,62331,43279,43034,37547,71783,65657,71122,60682,61218,33117,69236,26830,60844,33635,61171,45457,64833,63090
,,,,,,,,,,,,,,,,,,,,,,,,,,,,,,,,,,,,,,,,,,,,,,,,,,,,,,,,,,,,,,,,,,,,,,,,,,,,,,,,,,,,,,,,,,,,,,,,,,,,73041,66227,30260,28883,52227,32789,69066,70116,63626,53103,68059,61498,9021,30546,43401,20426,27168,761,60082,54828,57470,37082,75211,57865,50962,36997,59594,453,58517,59844,63519,33870,70651,63545,69392,52494,24382,19182,75073,75398,69850,11022,38338,51849,72291,56996,20670,29349,67969,18646,56092,58154,71995,67247,69646,56393,58317,71092,37891,35220,23820,32392,63383,53887,41552,70089,73558,19838,55893,34154,72231,54279,55683,19744,73556,60280,75302,70689,70028,60735,38911,62878,53913,34146,69385,63195,33779,3008,67720,33654,74697,47636,71521,58355,12651,35193,19323,21193,68386,71391
,,,,,,,,,,,,,,,,,,,,,,,,,,,,,,,,,,,,,,,,,,,,,,,,,,,,,,,,,,,,,,,,,,,,,,,,,,,,,,,,,,,,,,,,,,,,,,,,,,,,62036,49448,39731,51289,71923,58536,58133,54268,61026,51918,31170,28426,65641,39672,70267,65437,63402,60525,19388,53547,50197,33743,37969,35149,74417,67319,69324,73553,55915,35089,60138,74648,76130,44783,52314,32645,52224,182,76708,73014,12102,67372,23416,72988,60602,52811,29197,18946,27710,63295,43332,38813,66477,69955,55763,54768,65219,53240,70314,66072,39897,48320,18328,66741,62319,31664,32260,45957,70354,71343,43305,72053,66723,9162,71293,64433,71628,67924,8998,58015,49545,51448,61320,32438,59358,10281,66273,64300,21708,30819,66039,51711,72659,48360,68927,61040,46665,38409,54667,53444
,,,,,,,,,,,,,,,,,,,,,,,,,,,,,,,,,,,,,,,,,,,,,,,,,,,,,,,,,,,,,,,,,,,,,,,,,,,,,,,,,,,,,,,,,,,,,,,,,,,,45983,63509,58503,65115,39398,492,75843,74499,50721,61840,70425,68356,66324,53914,34710,73643,68203,41099,70461,69870,32655,56484,38253,63553,18594,21327,72710,52314,46411,52923,65685,38716,73407,76435,57552,1770,74089,63263,1007,11731,71281,63491,61481,58962,45877,40091,76146,61665,59584,54135,59967,58216,63911,8415,72345,43751,68613,72551,65754,32960,69508,72224,53560,35485,63983,64890,74155,60372,73961,75333,36314,43544,73084,65696,75856,74480,45805,40559,64549,75062,53309,26111,58255,68336,48718,44384,63297,42779,67820,48502,66464,25470,55900,45505,39035,55976,64012,48962,71516,56724
,,,,,,,,,,,,,,,,,,,,,,,,,,,,,,,,,,,,,,,,,,,,,,,,,,,,,,,,,,,,,,,,,,,,,,,,,,,,,,,,,,,,,,,,,,,,,,,,,,,,67177,70340,69081,25591,28526,33910,66121,40536,64670,41893,37198,26553,60668,42353,73586,51451,68164,65199,67149,45054,74912,45481,24897,35034,59563,67485,21399,48384,53522,54661,74610,55894,56306,12097,66818,49545,62276,61208,57582,57216,37692,39132,62661,65673,58955,48679,52511,25829,55387,64483,72518,58074,65505,73754,59694,35748,46262,51374,29868,50377,73202,72530,36240,46835,35333,30661,69293,71324,67147,45996,43990,74467,48115,910,37377,39336,58702,14981,40493,37514,44642,45375,60997,69279,13495,45534,43915,53813,71336,25474,39197,33858,70900,43551,54106,64367,69742,55541,68021,9635
,,,,,,,,,,,,,,,,,,,,,,,,,,,,,,,,,,,,,,,,,,,,,,,,,,,,,,,,,,,,,,,,,,,,,,,,,,,,,,,,,,,,,,,,,,,,,,,,,,,,67431,64675,68898,75440,56024,28164,66981,21385,41719,56525,73117,60656,72100,37479,54837,32189,70260,48771,60273,57820,64558,68467,75302,42797,76168,69380,66406,66121,17599,71834,65565,40501,60998,52977,53902,7851,57019,29111,41406,48518,32592,29024,64203,67477,65904,48557,42652,56174,41640,32455,67782,1031,67528,43232,56006,7903,74714,34802,54100,66748,57153,38009,60172,31679,52609,18961,61305,49907,54012,42316,61485,50840,46072,31937,62054,36776,65665,73808,73131,66935,45800,58054,67742,39199,66179,74130,52803,63234,62879,55837,62525,30269,55450,50136,41652,30179,60405,42710,73430,52101
,,,,,,,,,,,,,,,,,,,,,,,,,,,,,,,,,,,,,,,,,,,,,,,,,,,,,,,,,,,,,,,,,,,,,,,,,,,,,,,,,,,,,,,,,,,,,,,,,,,,20083,420,56727,63811,24941,34952,70883,73383,71858,72960,59517,52935,54641,59783,41370,64786,50377,19020,56268,24814,57388,59088,43771,36131,69034,67191,61980,59135,52603,37585,62158,73880,75274,47927,64170,17196,37946,69954,63746,66859,75000,59745,53894,21060,73002,50114,63256,61010,42543,45144,50907,61819,68746,70446,71314,65924,60503,46362,72737,64057,62875,39608,65658,32955,61502,61798,76108,75442,56608,62379,55254,43623,40890,58480,74730,66898,60108,63630,66752,39898,71906,71769,49135,53974,874,481,67505,64505,70258,76901,59109,67084,60234,1626,51652,41478,73061,71177,39597,67570
,,,,,,,,,,,,,,,,,,,,,,,,,,,,,,,,,,,,,,,,,,,,,,,,,,,,,,,,,,,,,,,,,,,,,,,,,,,,,,,,,,,,,,,,,,,,,,,,,,,,72620,74983,30876,65981,67214,954,55903,69280,74626,71617,65563,36272,60014,61255,74800,70762,72542,74691,65556,61811,61233,58057,64701,409,24870,30903,39542,39255,74054,54863,40495,54343,67461,24839,71022,413,65690,64177,65573,55507,65027,41538,59737,51964,63599,30290,65789,53641,11416,21615,73383,56757,68373,18119,42371,22754,59706,9618,19158,42711,59299,42796,68020,59177,52070,65262,68602,61834,49096,56545,33388,29100,70597,73745,71958,62355,30330,33943,35996,56402,45206,66714,58484,65182,62544,35726,49516,59975,73791,44724,47236,52769,8569,8332,71932,29908,60049,63771,64120,23400
,,,,,,,,,,,,,,,,,,,,,,,,,,,,,,,,,,,,,,,,,,,,,,,,,,,,,,,,,,,,,,,,,,,,,,,,,,,,,,,,,,,,,,,,,,,,,,,,,,,,71901,15708,58489,68999,72692,58289,48674,52427,69723,57879,62223,13584,59510,54409,19574,17564,54732,8278,52973,8231,72879,41555,73017,49227,13097,24554,75116,65676,70186,21412,49984,40127,64878,70196,68479,7716,56745,74433,59499,40329,58339,45320,66202,31525,40982,25641,56943,41625,68427,26220,64085,61722,53897,46967,33601,34300,71506,58792,72924,53352,40749,50009,42688,19549,51559,53779,65414,43235,67283,57284,67174,46937,16826,21945,63600,66074,70295,43956,71031,69914,59459,67211,24830,42120,39174,1167,61468,16280,15993,14502,65894,70778,66656,72904,74716,67522,43960,33414,55180,35453
,,,,,,,,,,,,,,,,,,,,,,,,,,,,,,,,,,,,,,,,,,,,,,,,,,,,,,,,,,,,,,,,,,,,,,,,,,,,,,,,,,,,,,,,,,,,,,,,,,,,52718,68054,35456,52506,39699,63137,72911,67771,57381,67520,40169,68200,28816,349,70303,41477,51713,42613,74416,60598,37984,1387,53865,42364,62048,52040,60530,48323,56351,59236,65250,9723,70393,25758,73764,72885,41110,34882,69527,73082,62950,59686,58725,31874,62594,964,72552,30714,62669,74959,65724,38487,71905,52462,61851,39111,73318,49699,59132,24560,65983,66985,33296,54087,27290,21823,65714,60773,67876,29199,61045,60180,67608,51750,59510,39118,60304,59645,71932,40414,48985,40351,23559,61361,1291,446,58281,30532,62197,71937,17484,1274,27068,43671,42028,41809,65883,70761,43244,24919
,,,,,,,,,,,,,,,,,,,,,,,,,,,,,,,,,,,,,,,,,,,,,,,,,,,,,,,,,,,,,,,,,,,,,,,,,,,,,,,,,,,,,,,,,,,,,,,,,,,,65499,44794,28268,41757,28397,24669,69645,71485,48117,62390,74127,70504,46925,60538,71333,16178,66171,56285,47510,48394,64718,64349,54045,41658,76940,59167,56537,51027,74837,62635,46967,36903,69558,50079,8723,29196,37029,51587,77381,46621,58363,45962,76848,66239,30124,1089,54434,48288,45341,34403,75181,54607,46588,65717,50452,17243,63255,56844,39369,68029,64357,52828,43156,49777,71660,60901,57374,52431,28819,40095,54293,48142,46535,45376,60419,63120,56220,59961,31509,47858,72516,57816,43176,39425,44783,74959,68679,61836,73054,68782,67899,65563,38887,41141,10268,29510,42618,52314,73722,72159
,,,,,,,,,,,,,,,,,,,,,,,,,,,,,,,,,,,,,,,,,,,,,,,,,,,,,,,,,,,,,,,,,,,,,,,,,,,,,,,,,,,,,,,,,,,,,,,,,,,,71445,62240,71772,35347,64510,30412,64319,66076,30988,14106,74162,58659,75822,63687,48706,1257,28114,24619,70476,41744,44028,69819,72170,31142,73617,59037,47569,18266,46137,65223,58633,57870,66838,70044,75466,69114,64067,62693,63103,75335,53289,51758,75196,67463,62474,51420,51276,74067,75849,71918,64310,51937,35875,37297,44695,45745,53534,75406,73064,63263,60663,811,56539,70576,44939,34972,24895,60147,74598,45609,52988,52022,71727,75926,44819,62573,73577,30864,49589,24266,62002,32140,71281,66637,25711,2675,60448,66183,74150,61156,54043,45988,52796,56561,52682,36590,64810,66983,60613,62303
,,,,,,,,,,,,,,,,,,,,,,,,,,,,,,,,,,,,,,,,,,,,,,,,,,,,,,,,,,,,,,,,,,,,,,,,,,,,,,,,,,,,,,,,,,,,,,,,,,,,64731,44607,66535,46657,66996,61095,49402,25337,29664,41981,34148,25111,69636,73894,54713,60835,54475,57231,33985,35659,48535,38725,66889,29684,39824,54731,59338,35883,31450,58664,70423,63660,64431,36606,54634,26772,38615,22568,68632,66469,30886,49178,70057,39497,63481,67795,69586,75171,47026,763,18007,305,53726,47466,73498,62266,72921,71396,74884,69445,70493,49353,64819,67304,74363,56906,74689,50270,58814,50217,73292,60754,72720,59824,29788,8823,71915,48223,32407,52557,63227,20925,60201,68948,42799,41694,60910,51953,71793,40532,63466,71989,75291,60514,66964,3997,10756,7392,73107,72116
,,,,,,,,,,,,,,,,,,,,,,,,,,,,,,,,,,,,,,,,,,,,,,,,,,,,,,,,,,,,,,,,,,,,,,,,,,,,,,,,,,,,,,,,,,,,,,,,,,,,73817,59876,55409,29376,71423,75797,47286,58397,31466,20413,48726,62698,62322,71912,66874,35817,74376,63748,70244,8930,74865,74572,50220,71688,49952,58691,50069,48181,41947,44624,57381,72033,54546,33990,33943,41080,63817,73444,31642,25849,50447,60523,58344,29793,72632,70343,69025,71678,70997,52050,60879,18676,24099,3967,64759,15244,21408,65698,56205,61686,67561,62497,58932,20139,72575,53364,53954,59905,48575,66100,39981,51243,76453,62742,68330,36081,63820,15158,62803,988,41486,56375,58125,35337,67084,65125,77081,75847,71308,64497,10988,473,53689,2504,20408,28533,56737,49067,75039,36901
,,,,,,,,,,,,,,,,,,,,,,,,,,,,,,,,,,,,,,,,,,,,,,,,,,,,,,,,,,,,,,,,,,,,,,,,,,,,,,,,,,,,,,,,,,,,,,,,,,,,14759,1396,64215,36602,39987,50930,53668,62958,64104,55337,55192,52998,56535,60147,58780,64859,60708,59230,18595,70141,65717,58129,73281,48026,54045,46396,59559,237,59206,44474,35758,61968,59975,2743,63813,1431,75304,51650,41819,46539,30432,63212,74347,42760,59369,54752,50761,56495,58670,43947,33060,35651,63708,51197,69892,65663,74666,67254,61554,18973,74273,43448,65469,65054,55118,37863,63446,73353,64454,25483,70989,53833,73837,65719,65935,41376,11515,39756,44934,51130,55130,66140,60975,73852,7410,24306,59231,60044,60740,47820,39488,54232,59422,51729,68412,58189,65642,72892,61885,26347
,,,,,,,,,,,,,,,,,,,,,,,,,,,,,,,,,,,,,,,,,,,,,,,,,,,,,,,,,,,,,,,,,,,,,,,,,,,,,,,,,,,,,,,,,,,,,,,,,,,,70637,70821,25028,69266,72158,63203,68977,66572,50308,57224,42396,2101,48107,38880,51276,45131,73092,64964,74835,74992,30265,49730,44438,50349,67845,52633,61709,40293,36793,67086,51108,34464,73371,53680,53556,71325,36628,431,10241,53568,63767,73983,41556,56548,59459,385,68393,71261,62652,38671,62637,5258,76381,55804,58520,60879,55630,25480,54609,53054,37277,50395,53223,57904,64971,35052,64317,69357,64598,28439,71492,69688,71955,59064,52889,57447,32712,55515,6369,807,50114,55275,73837,24848,68404,51436,66299,15596,70936,69585,63733,66605,73602,71167,68898,65561,249,50296,58785,76024
,,,,,,,,,,,,,,,,,,,,,,,,,,,,,,,,,,,,,,,,,,,,,,,,,,,,,,,,,,,,,,,,,,,,,,,,,,,,,,,,,,,,,,,,,,,,,,,,,,,,61883,76133,72128,22222,73100,76125,66166,64963,66781,52412,33750,20608,29830,29627,39686,37309,75434,51959,64001,39978,16633,61582,49887,38325,72484,51689,69558,27253,45885,45312,59846,72496,59836,67123,73029,73627,939,882,69783,36700,69900,71872,63488,75363,44764,44616,63157,65644,32889,36629,16217,24102,38057,66029,56457,63371,75087,53648,58428,65930,63786,26899,23243,2868,60842,62827,54923,70813,64488,42444,68885,64127,43110,38056,52397,69359,36264,58846,33218,57260,77476,53941,61307,60927,67793,41266,18589,37644,59010,11970,52586,43345,67297,73863,51754,48965,73682,75052,33788,39758
,,,,,,,,,,,,,,,,,,,,,,,,,,,,,,,,,,,,,,,,,,,,,,,,,,,,,,,,,,,,,,,,,,,,,,,,,,,,,,,,,,,,,,,,,,,,,,,,,,,,63093,42435,63137,49177,27209,24191,67978,60689,70749,69550,55370,45587,74063,68907,22681,21930,43815,44268,27543,3268,70420,58424,59612,28026,36162,31946,44771,57417,59698,58569,72657,40222,31866,18002,7392,28408,60375,69049,62352,34747,49729,59911,72879,65005,24049,54903,49157,59633,55909,75536,67098,73837,59867,43170,69026,51212,73665,64763,58451,40579,60174,28024,75859,64425,75072,54093,63536,59836,49381,67303,25595,60494,63618,899,52356,60725,63373,7845,58823,54382,67088,20645,73116,76449,74674,32215,64168,26958,71083,43317,70110,36597,28532,35403,69948,36607,44152,31717,61784,62719
,,,,,,,,,,,,,,,,,,,,,,,,,,,,,,,,,,,,,,,,,,,,,,,,,,,,,,,,,,,,,,,,,,,,,,,,,,,,,,,,,,,,,,,,,,,,,,,,,,,,48501,693,57305,32089,66339,74216,65643,25081,26635,18896,68212,21887,61937,72678,51356,50938,19403,47619,73898,67282,64593,52914,71423,53083,60606,48996,67096,9098,63634,69303,51200,55363,62600,32114,60312,62601,62009,63681,75918,73422,33368,26416,62484,59347,73874,64237,42679,63501,72452,74580,58660,60828,65249,56011,42655,46791,41831,29078,60593,74224,57918,43923,44364,59334,67625,70686,74598,48175,65274,13815,59086,3521,61309,150,57031,53203,56771,41476,55974,46455,64101,57158,63268,58879,71975,70327,49076,67369,62770,70748,47323,25257,38081,16338,56965,2186,60318,58210,42384,62620
,,,,,,,,,,,,,,,,,,,,,,,,,,,,,,,,,,,,,,,,,,,,,,,,,,,,,,,,,,,,,,,,,,,,,,,,,,,,,,,,,,,,,,,,,,,,,,,,,,,,27981,39224,78283,59279,67718,39720,73212,44347,66751,40952,76883,34671,70876,54884,57949,67762,54045,70263,66862,71663,65539,38260,67559,49299,53440,31314,70569,37564,70315,38160,15901,31153,68047,46846,24059,16991,72220,28870,66431,72152,55048,184,39950,56749,35383,69750,72636,49945,64787,51800,48660,58975,72300,58409,59956,800,73959,72845,72362,59406,69237,45640,71743,59509,75190,44009,42952,42079,39619,24687,66390,64641,59013,53210,65677,71898,53982,42227,69242,71495,60195,47775,64352,61986,46517,45802,73797,38230,28526,45330,73324,58650,49535,44240,43748,25417,68768,68550,41889,44524
,,,,,,,,,,,,,,,,,,,,,,,,,,,,,,,,,,,,,,,,,,,,,,,,,,,,,,,,,,,,,,,,,,,,,,,,,,,,,,,,,,,,,,,,,,,,,,,,,,,,71378,70842,63024,43636,70524,68729,69564,63474,42259,54050,76571,72754,74611,66927,51449,34233,55874,55633,63452,52766,72835,67842,72814,9700,31835,30984,53983,51004,54066,26513,63694,67185,19540,8237,55382,65434,39422,42259,74252,75211,75628,66952,61383,58009,56981,66311,59819,53992,56772,45962,63432,69779,50742,66655,50038,19256,26178,1282,72577,57003,64311,392,47158,59229,74493,66453,51496,56754,67966,29740,68616,60210,66765,31427,52283,42160,68046,48562,63618,71651,33021,64286,63865,21550,63106,55879,64925,61507,65160,67455,32983,58180,58605,44873,50701,42540,60121,4589,65293,47553
,,,,,,,,,,,,,,,,,,,,,,,,,,,,,,,,,,,,,,,,,,,,,,,,,,,,,,,,,,,,,,,,,,,,,,,,,,,,,,,,,,,,,,,,,,,,,,,,,,,,67152,69510,72577,39240,64398,17517,56869,37591,57493,60926,61376,61792,75295,72871,70476,73599,43647,52283,39518,31893,41059,1788,74702,38534,58037,33593,56459,24201,67253,61824,62547,57772,50398,29099,48738,64377,39004,40821,75491,40235,67833,43552,44150,245,64820,33666,65824,54196,73873,32016,73335,42403,67132,949,54895,61594,62078,64692,71349,35244,54520,42913,64503,58977,62396,52093,41129,60224,68718,75045,70619,49927,75235,60482,75005,68152,30106,62416,68555,70545,56082,8662,72523,17902,68074,486,55068,55620,66709,58998,38655,24029,69841,24471,51300,9668,66474,75212,68855,60773
,,,,,,,,,,,,,,,,,,,,,,,,,,,,,,,,,,,,,,,,,,,,,,,,,,,,,,,,,,,,,,,,,,,,,,,,,,,,,,,,,,,,,,,,,,,,,,,,,,,,56844,52686,52874,59536,73081,11906,65318,28592,40290,21884,33783,415,56185,60693,53831,62372,15470,65043,74313,70855,55330,4237,64898,68551,75081,72823,65013,55997,69704,33777,71881,62811,71949,59390,44722,39157,29213,47988,72352,67906,37788,62717,61948,75542,56269,54246,59086,7931,23917,42151,72310,70310,76332,68703,56301,40173,76721,70527,71308,242,20306,44876,42624,54620,58638,3358,53395,58477,50183,50054,62318,32929,68581,50913,39606,12529,71991,23916,46058,28488,11213,39411,57499,17487,41734,65075,17652,61076,68371,39323,18487,39949,73652,41268,71704,55718,71299,70817,15465,55759
,,,,,,,,,,,,,,,,,,,,,,,,,,,,,,,,,,,,,,,,,,,,,,,,,,,,,,,,,,,,,,,,,,,,,,,,,,,,,,,,,,,,,,,,,,,,,,,,,,,,47617,61871,72631,63628,54341,62039,67994,64399,64852,7916,59831,67368,75469,73745,63477,13508,49974,59086,61467,30126,65734,64856,67109,65645,62271,30550,74956,17347,50116,34507,66652,30542,69680,73241,59157,47556,70926,62182,50470,61451,70531,55432,69773,63905,46673,50927,63878,70118,55372,45971,45447,48599,39655,40679,11162,648,69550,25212,54506,20075,68496,38442,64984,60202,53834,70349,75813,59094,23713,43793,57535,65721,61807,898,63156,58535,46921,57611,60305,39034,73966,51830,36876,25173,75437,75884,71930,60761,57109,61120,15056,68114,75784,59581,60823,36684,51630,43657,69963,75359
,,,,,,,,,,,,,,,,,,,,,,,,,,,,,,,,,,,,,,,,,,,,,,,,,,,,,,,,,,,,,,,,,,,,,,,,,,,,,,,,,,,,,,,,,,,,,,,,,,,,63808,65368,23343,31710,69124,40476,70572,63160,60032,53174,71915,46235,36175,29068,75103,52893,47922,71075,53977,72864,53872,16759,44054,50880,52832,58336,69263,52350,51983,43274,72890,73434,54896,67096,62331,39716,75899,73872,46326,42714,33703,8575,48544,54767,69544,65633,75468,58335,3413,237,58971,62876,70613,57424,57813,35828,64754,74099,62301,42423,65571,51639,75958,53326,58886,65921,28157,459,46389,30323,66501,62436,39421,2140,30414,36621,50517,36503,37587,57463,58846,15255,71980,62732,77263,73500,39896,57570,45984,47502,72151,69568,70759,73890,72173,38805,46712,8011,66770,37568
,,,,,,,,,,,,,,,,,,,,,,,,,,,,,,,,,,,,,,,,,,,,,,,,,,,,,,,,,,,,,,,,,,,,,,,,,,,,,,,,,,,,,,,,,,,,,,,,,,,,67277,65116,61371,69799,69330,43108,43712,40178,63967,65316,73310,71454,72486,51419,40958,29148,71542,74242,40073,18107,66463,59125,72306,58014,59683,67175,73143,73112,70573,35220,58746,65549,60254,52065,69684,74133,52883,474,50126,154,73302,60755,62150,31850,63231,23657,60587,30225,72712,74240,63131,71601,64831,67344,38124,59369,52335,65168,70609,38208,68459,41380,62907,46178,72611,17958,68316,59952,73387,50143,63309,42420,44532,50106,61809,29899,53065,70564,65493,63960,34564,68025,39596,13163,67362,63539,61653,72962,38113,67268,59305,45372,71559,55678,44139,72051,73935,50368,67781,50278
,,,,,,,,,,,,,,,,,,,,,,,,,,,,,,,,,,,,,,,,,,,,,,,,,,,,,,,,,,,,,,,,,,,,,,,,,,,,,,,,,,,,,,,,,,,,,,,,,,,,59142,66978,59167,23320,70730,67841,58073,27936,1127,30857,64333,61379,66895,56503,64830,70739,75023,62366,62215,56763,48051,65116,58923,56705,57732,35381,64219,59697,66269,56263,23690,59907,71477,32580,38385,32915,53097,22785,60691,69961,66902,38562,73636,70945,65660,53624,62132,54590,63831,64287,53812,62245,72513,65639,72379,71245,37996,66122,53769,67738,52506,53401,65060,63206,23365,51617,60625,67380,56398,62100,55421,59066,70745,59722,43980,49934,73688,61838,45250,63297,67926,59914,57694,61101,42084,49072,45692,54783,54830,62755,53341,53296,61386,66712,25038,73710,62464,51490,51116,58619
,,,,,,,,,,,,,,,,,,,,,,,,,,,,,,,,,,,,,,,,,,,,,,,,,,,,,,,,,,,,,,,,,,,,,,,,,,,,,,,,,,,,,,,,,,,,,,,,,,,,74665,63493,67787,65817,65837,58041,9221,30881,60605,47133,52785,58403,67355,56304,52487,66484,69185,38265,52250,30107,57024,39495,51685,46025,55826,64499,70826,64894,61628,70293,59176,59863,68507,47394,68965,72683,45498,63454,71415,8645,72026,69718,72415,60692,73888,76156,66817,61522,76090,70868,70206,75606,73335,77451,49387,52287,66083,58947,66575,68134,70383,68071,44693,53851,60632,57528,60172,64186,41256,15227,17247,38678,56273,37378,46553,43974,71847,56799,60629,49440,70809,42757,75464,43844,70886,60347,28277,28760,57607,66431,60911,69209,57780,57163,73304,65411,61833,69318,50124,13395
,,,,,,,,,,,,,,,,,,,,,,,,,,,,,,,,,,,,,,,,,,,,,,,,,,,,,,,,,,,,,,,,,,,,,,,,,,,,,,,,,,,,,,,,,,,,,,,,,,,,36528,62708,30433,714,69224,59834,73038,7703,75885,64602,71833,73018,60759,67058,62636,41072,48778,48409,61179,67740,76147,68619,67860,48723,72257,67838,43182,65476,65706,60888,67169,61943,52965,71869,69234,69364,55521,1374,21265,52586,64925,64827,70828,65337,57905,65393,23959,388,72944,66075,50756,57764,73802,66306,62665,42774,75207,52805,63777,69755,53554,59873,68550,73235,55889,63907,73888,65338,58515,69505,59507,72186,60578,76538,54495,73740,62699,8891,62555,57099,70013,60901,52793,24279,67632,63184,73881,71576,58321,57392,70622,71305,72455,64573,67056,61510,37992,34405,51378,55645
,,,,,,,,,,,,,,,,,,,,,,,,,,,,,,,,,,,,,,,,,,,,,,,,,,,,,,,,,,,,,,,,,,,,,,,,,,,,,,,,,,,,,,,,,,,,,,,,,,,,26641,70612,62074,34053,49453,28845,66762,57164,66208,40615,48940,56886,38564,42425,59650,39093,67468,3747,65450,17992,38977,1754,55093,45691,61222,35024,37563,53471,65639,60442,67781,67900,55818,44109,10716,1173,47293,53022,74879,47995,74334,69426,59127,67716,62983,73474,51948,76742,60570,58649,67085,57600,61178,62524,75733,72499,31323,3219,65650,2810,45374,15755,44494,71013,67899,63193,74018,59563,59399,61238,11807,44002,48831,18159,49962,26429,40782,44852,45713,65757,19245,15962,72254,40649,75545,68529,10518,71088,65471,71584,65436,57098,60663,65541,11803,69074,75528,74200,48757,41537
,,,,,,,,,,,,,,,,,,,,,,,,,,,,,,,,,,,,,,,,,,,,,,,,,,,,,,,,,,,,,,,,,,,,,,,,,,,,,,,,,,,,,,,,,,,,,,,,,,,,20888,66469,64856,67179,56795,35586,71320,60614,29188,37174,59438,74752,67902,44775,52811,63963,31628,21946,66295,47961,76315,70426,59970,30467,60056,55911,67100,41836,64383,55845,70936,65363,68933,51333,67862,65447,39996,72842,32380,51847,72568,56164,68932,40037,73715,67247,52505,49627,47984,53880,56293,45128,2822,24850,65081,71723,57645,39978,71527,73311,34108,1705,74130,62318,63046,64379,48616,38328,467,30850,68064,64016,63379,58888,26696,8851,49410,616,62605,558,44078,45993,54762,15129,43583,11088,44441,56885,57762,62057,39208,40980,59433,54066,46426,42068,68217,49089,54654,61450
,,,,,,,,,,,,,,,,,,,,,,,,,,,,,,,,,,,,,,,,,,,,,,,,,,,,,,,,,,,,,,,,,,,,,,,,,,,,,,,,,,,,,,,,,,,,,,,,,,,,27407,558,36414,24036,48443,48438,64403,49900,60180,42131,49741,66384,53696,10404,1931,1475,65165,40922,57154,69234,72110,69963,58472,21571,55621,44942,72515,63860,43845,41811,53371,50328,69881,70325,67132,16701,73639,69434,20062,12135,63618,47804,72516,45157,64512,35494,45386,1475,72060,66183,74120,63929,58200,49013,75787,9070,55885,47880,73156,70664,48551,43542,23460,784,73495,39968,69399,43823,64322,45656,57715,23562,61739,66161,61515,67558,75804,61744,75222,31401,67304,65899,71488,72929,52553,58010,68623,47523,8451,47904,51049,17087,55972,54723,74764,74069,64886,8161,58950,26642
,,,,,,,,,,,,,,,,,,,,,,,,,,,,,,,,,,,,,,,,,,,,,,,,,,,,,,,,,,,,,,,,,,,,,,,,,,,,,,,,,,,,,,,,,,,,,,,,,,,,59942,70174,73155,28461,70199,68784,67310,23813,59379,67113,64138,36940,42375,217,64994,55708,58224,48321,70484,71747,59806,52309,73249,77327,71054,43905,64235,21017,67504,63034,57943,51071,75624,72196,30656,1072,74271,73409,55723,52953,44355,46985,51528,9265,67611,37205,68279,60187,23953,745,74763,74311,38786,57664,75646,72185,53817,53858,37292,55902,68884,77491,50985,50037,71488,69285,62205,21745,45593,29722,50984,73458,55018,72670,57633,38797,49932,12199,73895,59357,63090,65152,73502,71766,68890,67204,76092,72461,47096,70426,72102,76839,70633,73438,66145,67314,50160,43723,56853,28472
,,,,,,,,,,,,,,,,,,,,,,,,,,,,,,,,,,,,,,,,,,,,,,,,,,,,,,,,,,,,,,,,,,,,,,,,,,,,,,,,,,,,,,,,,,,,,,,,,,,,62254,59791,69563,76166,69045,45920,22343,73092,74804,73793,57040,30247,33810,30061,69720,62913,33447,39078,76866,66032,70963,55968,67885,60586,74625,37417,64892,61128,43366,37311,70496,1705,8497,37531,73162,42178,73439,70946,73482,28320,70526,66426,18347,53658,18252,22117,75550,72043,68357,55172,71384,14448,71165,70838,64067,70505,46768,28934,30827,72554,45708,60115,55338,63937,68179,58849,42358,46205,69464,56490,61207,40453,36247,49232,68188,72148,59920,9255,58141,57513,59124,44484,61550,40543,47882,46722,49588,15560,61714,59158,46357,65459,16036,2383,64706,70393,58857,226,62110,61807
,,,,,,,,,,,,,,,,,,,,,,,,,,,,,,,,,,,,,,,,,,,,,,,,,,,,,,,,,,,,,,,,,,,,,,,,,,,,,,,,,,,,,,,,,,,,,,,,,,,,59808,57480,33400,60714,69947,72338,59039,31764,45895,66779,41889,61302,27645,9046,66222,64799,41802,45435,70233,59147,76040,59345,73121,52895,38958,48471,65297,66345,64515,8344,57973,41226,66986,76304,45352,64320,38646,28947,47215,49002,40730,797,47685,16533,56725,66958,31553,35145,46977,3397,53828,53813,55673,38067,72540,61856,21884,16820,76619,73191,73688,37794,28679,15423,55208,45132,57830,9392,16596,975,54646,40649,68232,63720,73705,41696,74163,64767,69020,505,74270,73511,64643,71408,10860,47132,52602,42476,75088,39146,29689,40877,74794,76392,64658,39534,47766,50054,77440,76284
,,,,,,,,,,,,,,,,,,,,,,,,,,,,,,,,,,,,,,,,,,,,,,,,,,,,,,,,,,,,,,,,,,,,,,,,,,,,,,,,,,,,,,,,,,,,,,,,,,,,72872,75258,64584,60658,54000,62707,41419,56361,59636,67793,71645,20677,54413,28555,75385,40949,36946,63606,76369,63904,32226,65523,58799,69962,52602,22608,69298,26530,55672,62042,66457,72852,75933,70245,20790,59173,64422,209,63775,59625,65281,28765,29115,68806,68512,40503,45772,17401,63541,57786,10104,2167,28692,70726,65614,26073,49085,75642,66704,21713,34565,30294,17847,43269,71575,66725,45740,31885,39510,73633,57103,62432,71439,45213,60934,42304,52522,53529,56264,51116,66860,61813,58406,68729,71742,40934,73255,69373,16164,33381,39697,73068,38264,68128,42995,68412,61441,69506,19282,11105
,,,,,,,,,,,,,,,,,,,,,,,,,,,,,,,,,,,,,,,,,,,,,,,,,,,,,,,,,,,,,,,,,,,,,,,,,,,,,,,,,,,,,,,,,,,,,,,,,,,,66760,49208,47787,46874,40456,42662,53788,44796,47594,26929,73301,43589,62825,29124,70184,73778,58631,60898,69106,64984,43762,14696,56304,4048,65193,47086,56801,55687,48530,2004,75878,75038,58905,61195,37612,54524,60445,50935,63214,63134,75116,72341,55199,60166,73577,59189,18072,71065,69544,29522,70654,59733,13794,67823,61210,59182,58684,48235,73669,69381,61641,40890,52655,58670,49204,17285,61249,27265,58726,43844,73374,50252,74976,76657,62705,56519,72754,4828,67196,52486,72025,41587,54840,68389,38068,50870,59562,64700,69132,66201,54798,57031,75714,64915,73618,76632,73687,67420,61672,63283
,,,,,,,,,,,,,,,,,,,,,,,,,,,,,,,,,,,,,,,,,,,,,,,,,,,,,,,,,,,,,,,,,,,,,,,,,,,,,,,,,,,,,,,,,,,,,,,,,,,,35494,37045,64981,794,65463,15747,59209,20210,68836,35221,48285,61390,74589,76606,45523,55533,22345,20988,73801,56487,44142,26001,43441,74676,61977,28628,73320,55479,32350,28040,53082,27008,64966,1315,37551,39686,68272,32736,28919,19581,69781,38758,51301,40716,53060,10241,38337,38337,70751,75326,32755,73437,35497,28448,59219,56555,75510,62538,70791,48861,59892,66322,64890,63884,68206,31278,71088,58682,18351,7145,70600,49986,63996,17595,26554,64157,71544,67971,69534,54650,41566,59559,72252,29959,38103,39524,43917,64375,66830,54104,60185,36013,68239,38707,61586,63042,64144,56988,49552,47411
,,,,,,,,,,,,,,,,,,,,,,,,,,,,,,,,,,,,,,,,,,,,,,,,,,,,,,,,,,,,,,,,,,,,,,,,,,,,,,,,,,,,,,,,,,,,,,,,,,,,46362,54752,37672,33256,31120,29295,53157,67058,40039,42971,41602,60142,59221,64411,45018,59225,68455,53915,67423,54808,53902,35124,64924,37761,49472,69774,74922,26089,67393,25158,59540,46029,70524,67011,9081,23548,68895,67950,54955,62477,66104,50067,58639,63457,60963,42713,40128,4281,72996,71411,41828,21616,67164,29026,57894,57828,46946,45545,64870,48087,71741,53782,1265,1028,54505,59211,68022,17631,64230,71400,55066,60964,55893,60680,48766,55443,72638,70259,63051,61054,69590,59017,63595,54320,74236,71694,73532,75556,54268,55599,72582,64319,51867,50565,44382,39361,53940,49986,66007,46184
,,,,,,,,,,,,,,,,,,,,,,,,,,,,,,,,,,,,,,,,,,,,,,,,,,,,,,,,,,,,,,,,,,,,,,,,,,,,,,,,,,,,,,,,,,,,,,,,,,,,24816,16189,64127,35584,72144,16433,68863,70975,35959,49081,74014,29384,73070,75112,72375,57484,46296,52914,59153,47547,74750,68939,60223,40608,69404,40122,70199,52774,43546,32151,16185,43439,50783,41250,48603,69731,47670,48670,28405,24391,29836,15525,71751,43922,63454,60780,72020,56299,69839,70133,65816,8203,75305,68699,72101,61266,69986,68947,43342,38200,35753,44201,69349,59732,68620,76175,71251,52199,62475,35379,64076,60208,43607,34293,67752,65275,36899,37757,71106,62380,39895,64198,74240,72560,33016,27688,73260,70678,68934,51333,56709,36815,69096,45778,52444,55242,38197,10175,20515,31292
,,,,,,,,,,,,,,,,,,,,,,,,,,,,,,,,,,,,,,,,,,,,,,,,,,,,,,,,,,,,,,,,,,,,,,,,,,,,,,,,,,,,,,,,,,,,,,,,,,,,65929,52575,52101,69988,73193,74150,42568,75805,43357,40348,52794,59876,56159,998,47509,30163,64780,55399,71146,57287,67417,68701,74900,56770,73067,45432,57587,59077,72167,64963,71459,11577,65555,3659,54287,65657,48385,53657,46676,69917,74746,72279,62089,51479,48452,35191,52859,32655,43670,30918,12579,327,384,30588,71979,70164,42087,72861,58793,54056,72108,58117,73162,49315,63600,43370,68280,48285,50712,69237,47219,383,19589,31090,56107,59007,66834,68251,75600,1270,63579,35713,61926,45964,74322,69953,49075,13160,55054,48002,74516,62163,24625,33045,58425,31861,76894,57710,72911,64082
,,,,,,,,,,,,,,,,,,,,,,,,,,,,,,,,,,,,,,,,,,,,,,,,,,,,,,,,,,,,,,,,,,,,,,,,,,,,,,,,,,,,,,,,,,,,,,,,,,,,72597,69212,72842,48497,37374,39514,72274,73691,64497,41057,65512,69993,65326,70241,57247,39961,66171,42129,75628,73764,64177,319,55079,402,63132,48405,55804,42313,75007,75072,25943,14781,56633,60210,68641,61792,71817,75921,31466,59101,50679,2255,16306,58870,75519,74801,17574,22124,54617,45114,64313,1240,65338,57725,71582,58477,47924,46525,12477,52155,42930,11955,34631,21791,67049,36481,53827,56843,29674,36081,73800,60640,67792,59606,42804,70517,72896,73588,42092,43310,72024,65689,67798,58754,57357,57791,61126,73800,8739,11784,68556,53226,4168,828,29229,74095,21761,58578,20359,61281
,,,,,,,,,,,,,,,,,,,,,,,,,,,,,,,,,,,,,,,,,,,,,,,,,,,,,,,,,,,,,,,,,,,,,,,,,,,,,,,,,,,,,,,,,,,,,,,,,,,,67368,55115,31422,22384,73660,63286,41748,49981,70129,63964,36994,43478,68153,70185,69505,72003,75851,64258,61877,43529,69187,32887,60526,27353,71712,61693,72856,54186,72844,48343,48702,50226,70035,65255,45317,41347,71424,53536,51248,40187,58331,31676,59482,59748,34248,60670,72171,26489,67356,46260,22754,30681,45330,72547,67873,72382,66507,43332,71024,50018,57684,263,45976,53873,61707,75140,73934,61537,56257,45930,34507,6065,62614,52643,69110,55821,72924,42857,75641,74061,69214,60399,53269,25940,20831,1147,69608,65561,70141,66789,75839,73292,57969,19530,35342,75618,69917,51698,50797,71238
,,,,,,,,,,,,,,,,,,,,,,,,,,,,,,,,,,,,,,,,,,,,,,,,,,,,,,,,,,,,,,,,,,,,,,,,,,,,,,,,,,,,,,,,,,,,,,,,,,,,46024,61680,30044,14081,64390,59341,42793,60152,60381,43887,60628,62686,74139,63168,56052,45737,53329,60416,71834,59777,75245,54615,34762,41278,51803,59545,70500,29086,68276,1038,67403,58500,62683,32769,54274,358,73036,31037,56780,39054,43477,34610,67319,59849,44890,63605,65826,29541,64685,610,25148,44013,72390,68508,65768,176,76217,77633,67845,39168,71100,71023,73332,28957,38847,62417,69694,73818,69487,44250,58912,46876,72158,68363,54044,28831,39784,76133,32389,61242,56142,53505,57902,19214,63953,46211,72934,67979,58894,61254,56409,1811,69748,41264,73464,71023,39623,71665,42668,30222
,,,,,,,,,,,,,,,,,,,,,,,,,,,,,,,,,,,,,,,,,,,,,,,,,,,,,,,,,,,,,,,,,,,,,,,,,,,,,,,,,,,,,,,,,,,,,,,,,,,,62572,46676,65400,71494,65183,25905,32177,4077,50098,51500,65534,2375,55973,46711,62555,75626,52223,72131,52241,50714,65818,67081,70004,41876,29405,23428,72762,70751,65027,64939,54200,39436,66087,57059,40789,66576,69848,26413,72066,55096,62126,59756,51819,56183,65244,67302,41713,60348,43707,43587,63424,61092,12084,25458,72471,58567,71922,65857,76443,72132,76821,76012,27927,28413,51605,72367,44416,58057,58157,64208,69151,72423,66841,16217,72301,29215,9973,920,47079,32695,61514,60546,68247,52075,70238,67281,60551,57018,50560,73082,36577,55858,51064,16265,71042,38417,62132,30850,61404,51571
,,,,,,,,,,,,,,,,,,,,,,,,,,,,,,,,,,,,,,,,,,,,,,,,,,,,,,,,,,,,,,,,,,,,,,,,,,,,,,,,,,,,,,,,,,,,,,,,,,,,22867,22370,46403,39831,67332,52682,51103,64266,75952,14524,74823,55024,71361,69446,71819,24027,74100,72937,51991,39922,33287,47634,55574,40853,68442,1839,53543,38976,25119,26370,69544,61739,60088,65102,64836,55335,65334,57536,40472,35672,63248,67909,73044,60017,59745,62951,60610,17820,73204,30248,73973,68645,21645,846,33517,39872,65676,55503,72630,50179,68392,70120,60796,29225,65492,59539,70665,32910,58308,56778,68045,66616,25334,64184,67704,70829,55917,47967,64538,73600,68968,61042,50112,33586,70166,23808,60361,68812,60259,41423,70243,64657,19661,34036,68358,60234,72815,7896,17318,67468
,,,,,,,,,,,,,,,,,,,,,,,,,,,,,,,,,,,,,,,,,,,,,,,,,,,,,,,,,,,,,,,,,,,,,,,,,,,,,,,,,,,,,,,,,,,,,,,,,,,,49463,59335,55576,34834,22093,44658,22885,34851,71231,64025,35140,44443,69911,71419,56254,68696,65967,58008,64541,50347,68607,40818,64260,73963,45141,43947,49105,52255,65376,70720,71904,2287,76087,60880,68304,68494,27921,55273,56474,60518,40271,33910,74366,57176,41749,47887,63443,8592,63442,68420,35779,21816,71713,74135,68250,73807,10283,1111,48432,48193,72224,69274,39717,62901,48194,66601,55524,41390,43515,48731,62452,72897,73840,8429,65300,65480,69046,41380,71996,70591,65563,23622,19472,1563,35795,29996,11987,223,49182,46564,60596,59631,35447,11200,69705,30170,43255,56638,65283,57590
,,,,,,,,,,,,,,,,,,,,,,,,,,,,,,,,,,,,,,,,,,,,,,,,,,,,,,,,,,,,,,,,,,,,,,,,,,,,,,,,,,,,,,,,,,,,,,,,,,,,63222,35004,63069,59990,67661,23319,65230,62967,62707,37861,29043,45183,72742,67498,48572,44544,59997,11127,31307,40439,74402,75637,70531,71215,44347,45126,47983,45786,53784,39917,36656,30595,76214,75993,38986,51507,75484,75217,53722,20288,72088,62138,58213,72838,67212,69669,30058,28500,40198,30695,55741,33926,76197,32820,73021,55350,76665,61441,68405,19351,53832,61678,50605,59921,38542,63041,25506,61135,37970,28809,43134,30019,65502,76880,74926,28880,65672,72153,51865,54276,52704,74929,56434,59788,77312,70177,70339,7894,62515,55757,65883,64877,61753,59471,69359,57313,64508,34787,62423,66446
,,,,,,,,,,,,,,,,,,,,,,,,,,,,,,,,,,,,,,,,,,,,,,,,,,,,,,,,,,,,,,,,,,,,,,,,,,,,,,,,,,,,,,,,,,,,,,,,,,,,73340,29852,71702,71382,27647,63903,68241,32408,45897,28940,57921,47548,64226,61480,44061,63434,49439,55644,71395,38396,43749,72948,54695,74662,57650,54446,63449,56716,74288,69218,68067,71177,70502,59057,54321,70202,73595,67751,37542,46928,60623,33256,57905,38167,46616,46863,50989,56139,66494,32880,76038,40667,70843,70034,47357,75377,8310,46769,15833,66005,71853,19105,49094,64453,53408,34562,8526,29431,60911,41409,52452,34001,63334,55476,60817,55694,68311,75267,61522,62003,71703,54013,46413,28621,67713,39480,57185,62634,54452,16449,42015,40169,68099,26715,73207,59835,67818,61370,48324,11762
,,,,,,,,,,,,,,,,,,,,,,,,,,,,,,,,,,,,,,,,,,,,,,,,,,,,,,,,,,,,,,,,,,,,,,,,,,,,,,,,,,,,,,,,,,,,,,,,,,,,62940,51606,43106,376,56583,72290,75086,72078,61078,62006,29865,15752,62047,14181,49039,45689,52711,59853,59804,50805,57457,48296,68267,22152,30772,45575,55249,75144,63373,41839,63530,58383,74046,75635,38562,59531,31373,872,30040,37351,71879,68303,68123,63339,66767,46281,47415,57450,55727,23425,73517,42652,68213,632,10026,690,53008,6828,68900,59850,68567,73701,26688,67982,64037,48857,59739,62665,74827,73644,50771,27797,61556,65240,60712,69914,73622,27893,41738,60225,61456,57712,49209,46205,60863,51134,31251,29570,37167,43838,42777,50974,68984,13601,40054,46784,64586,60980,60787,52343
,,,,,,,,,,,,,,,,,,,,,,,,,,,,,,,,,,,,,,,,,,,,,,,,,,,,,,,,,,,,,,,,,,,,,,,,,,,,,,,,,,,,,,,,,,,,,,,,,,,,76822,56043,58394,35461,59223,30149,70702,69349,64854,62645,44097,16521,46880,57396,56213,41421,66653,28577,55735,44744,36138,175,33778,55044,43920,38740,62021,44699,44648,57811,73109,35873,46746,60306,63987,46913,49915,29607,72916,72244,72175,65531,31659,8150,59083,65517,67685,51587,62121,65012,61376,55688,60248,68390,52082,54590,35288,43918,68173,62003,54927,52373,10108,772,64276,58428,63918,41164,74164,25907,51080,71012,61324,61581,70725,44435,55320,55248,35653,35521,70300,18356,72213,10724,60597,37339,70326,50822,71692,52889,74851,75083,31177,64008,28407,47763,54098,66359,74689,68250
,,,,,,,,,,,,,,,,,,,,,,,,,,,,,,,,,,,,,,,,,,,,,,,,,,,,,,,,,,,,,,,,,,,,,,,,,,,,,,,,,,,,,,,,,,,,,,,,,,,,52667,47108,39592,67689,73536,64062,67329,75334,53539,37498,59551,59908,73150,56612,44893,40149,75758,75394,58962,62521,50885,45084,44230,37358,76934,76147,27843,68164,66866,21428,68563,35995,15570,22090,68900,63237,71941,69258,69468,12272,73627,70163,70654,20385,58579,47835,62380,54080,42248,58611,74653,76008,74895,44087,41186,39942,54514,45737,61919,14523,34478,1542,49370,58612,66439,53289,72514,53689,35050,935,59788,51681,66110,50500,72161,62688,72397,74327,65225,7933,67505,65301,62893,46396,29892,60590,8389,7958,9749,67102,26564,74275,61386,43685,59820,59523,63843,58448,73261,68050
,,,,,,,,,,,,,,,,,,,,,,,,,,,,,,,,,,,,,,,,,,,,,,,,,,,,,,,,,,,,,,,,,,,,,,,,,,,,,,,,,,,,,,,,,,,,,,,,,,,,74550,77491,64501,59594,71059,67975,69569,53246,72165,53869,25054,17801,19480,18937,58610,66297,52900,59458,30854,31587,37736,62332,72225,52451,42513,56835,77473,72242,58609,51006,70403,37236,36891,39026,56650,39992,49001,69467,67878,65940,65464,55952,71773,63273,71765,50954,76382,69064,44730,55211,72407,52996,51816,34681,20848,45747,75795,67367,50839,65388,60205,38113,73310,67154,51059,68237,12646,53422,66803,66653,39560,59506,70468,35473,57776,47939,20340,37088,67082,58274,61993,68287,72604,71610,53870,42355,75972,68344,74311,62996,30830,19404,76310,70624,43318,64037,46814,39343,72131,73666
,,,,,,,,,,,,,,,,,,,,,,,,,,,,,,,,,,,,,,,,,,,,,,,,,,,,,,,,,,,,,,,,,,,,,,,,,,,,,,,,,,,,,,,,,,,,,,,,,,,,63754,57996,49997,43559,69145,3217,74057,63159,47582,50350,56281,8403,75917,71442,75929,71270,60087,63545,71080,28884,18981,37496,66176,41977,68411,45285,69294,40217,62623,26011,65538,41092,64787,49873,29596,58298,38454,412,62788,51283,67310,17425,50455,73145,66769,42011,69456,49195,921,20739,51102,65547,27208,42698,52148,1071,44238,44866,67658,356,70909,40449,62154,60718,64350,62971,52148,50970,49307,31255,55999,65760,41923,41500,68188,51815,68261,67514,52177,56888,50448,37835,66794,61820,66296,44547,63665,24652,41731,36429,60071,25278,30095,26576,64262,75770,65537,74830,55215,53241
,,,,,,,,,,,,,,,,,,,,,,,,,,,,,,,,,,,,,,,,,,,,,,,,,,,,,,,,,,,,,,,,,,,,,,,,,,,,,,,,,,,,,,,,,,,,,,,,,,,,35342,1182,68906,74396,68405,34598,40244,41274,42906,72036,47450,48074,50224,69267,73085,63143,72021,48648,43577,19256,1314,23074,37777,68953,70960,51490,67209,70556,66656,57666,66082,20964,70369,38503,71576,63544,71930,61128,56947,60106,73421,69974,65015,31832,43934,51201,62071,67324,73062,58085,47060,56448,72616,68742,68844,74498,59326,72198,52054,786,27535,58203,58022,1181,25176,27421,73336,63583,66091,41304,62362,17141,31071,20564,61180,68691,71310,40679,68389,63866,38130,32554,59212,52059,72192,73742,58878,59450,32856,38370,59127,76683,34121,65861,66250,37352,57870,72358,67850,47304
,,,,,,,,,,,,,,,,,,,,,,,,,,,,,,,,,,,,,,,,,,,,,,,,,,,,,,,,,,,,,,,,,,,,,,,,,,,,,,,,,,,,,,,,,,,,,,,,,,,,26501,35970,51099,13139,60997,34846,65863,63076,48602,72888,65218,50704,58369,27993,66571,23545,60914,16560,65633,70693,69084,38292,50241,1179,56369,70829,42855,35586,37363,37360,62327,24594,76530,72642,42942,26803,71188,61972,74297,36927,73498,1084,50970,27218,25252,4099,53433,72804,39137,29965,58163,59736,40929,40416,48332,67460,54989,201,66720,54788,21797,54789,53863,40760,72346,68930,30633,36324,37870,32779,65147,64819,56150,69916,71730,62900,51078,48859,51641,59394,53519,31177,32201,49073,46447,41522,69025,63448,34081,23833,28483,35607,67678,37086,16804,64717,44542,74058,44938,47946
,,,,,,,,,,,,,,,,,,,,,,,,,,,,,,,,,,,,,,,,,,,,,,,,,,,,,,,,,,,,,,,,,,,,,,,,,,,,,,,,,,,,,,,,,,,,,,,,,,,,61341,36605,51471,23292,63595,39052,52371,11333,54869,1062,56321,65157,64188,69142,72454,64696,64541,30054,63343,48136,36651,26860,27936,44119,30992,17600,59378,36415,63701,67831,52105,45084,75185,77103,66323,38600,67098,76209,72506,25522,40218,36613,71298,70247,41335,34469,69161,65060,58435,54580,36244,27176,72181,70490,46474,70493,71086,65015,75899,61051,68441,67693,59019,35300,26309,27461,43040,67367,58395,71252,59885,64855,63974,58819,61935,38667,68659,63426,64233,35229,20663,3981,36455,51773,66483,63836,46602,35332,54611,54565,72197,55610,59336,64531,64774,63019,68766,56997,45239,55402
,,,,,,,,,,,,,,,,,,,,,,,,,,,,,,,,,,,,,,,,,,,,,,,,,,,,,,,,,,,,,,,,,,,,,,,,,,,,,,,,,,,,,,,,,,,,,,,,,,,,65744,49556,57516,65565,35469,38440,68199,69230,30353,63499,1734,343,66959,70082,3899,2074,71288,9124,18568,15037,74118,59906,62347,65644,35257,48883,26723,1376,68493,54087,70582,58557,65606,66420,65645,60552,42822,39929,44330,10059,52929,815,55945,42266,67766,23286,71447,45124,68087,44823,9922,18418,49112,597,52429,36414,27292,51361,57339,41431,73513,69983,39974,58696,72310,72580,404,9105,63987,74216,50554,55780,38843,58931,67337,78207,67995,51521,54418,43418,69008,35797,73868,42323,61510,62292,35459,59429,39347,61895,58013,70280,57033,69010,62263,67000,53845,26078,74929,71053
,,,,,,,,,,,,,,,,,,,,,,,,,,,,,,,,,,,,,,,,,,,,,,,,,,,,,,,,,,,,,,,,,,,,,,,,,,,,,,,,,,,,,,,,,,,,,,,,,,,,71560,60891,7857,874,50929,55787,62479,67854,74953,58579,51932,56015,66539,50320,63049,62881,73119,54917,73389,72074,48042,46157,55819,59372,68134,43142,61968,600,73892,75772,71845,70167,43493,44533,21798,1228,57760,55025,16211,10810,55275,65758,54760,42772,31043,1288,60080,70039,48979,50650,37269,18181,55032,8120,73213,43633,64755,7696,71949,23999,73559,65911,52784,61518,67636,55038,75959,72224,62840,51960,73705,63170,68695,66919,73987,64842,52686,53602,75411,72271,67442,45288,60507,30775,74299,38616,24889,68639,62161,11117,72768,58260,67702,67300,42436,23226,70395,66136,64526,38775
,,,,,,,,,,,,,,,,,,,,,,,,,,,,,,,,,,,,,,,,,,,,,,,,,,,,,,,,,,,,,,,,,,,,,,,,,,,,,,,,,,,,,,,,,,,,,,,,,,,,30372,36865,60277,48245,69950,59226,63471,27069,52842,53263,64382,45348,65439,41747,63723,1128,67662,56298,49796,46009,64509,66922,67343,43089,62908,30333,44222,32563,63096,57621,39913,64474,51912,65725,68710,71574,60490,31315,57871,55263,50218,58836,75021,66780,58606,58483,73724,66030,49452,75312,66049,76587,44857,52064,47135,22429,72359,67120,734,9630,45569,8217,54797,67038,56052,44352,59486,61027,12794,47996,69404,57056,43456,8114,69109,56081,47536,72478,72855,34666,70217,73083,44399,49519,40772,51305,49657,42530,30098,35055,57077,69257,60484,56480,74141,70440,37759,45637,58539,54704
,,,,,,,,,,,,,,,,,,,,,,,,,,,,,,,,,,,,,,,,,,,,,,,,,,,,,,,,,,,,,,,,,,,,,,,,,,,,,,,,,,,,,,,,,,,,,,,,,,,,57930,29833,60560,1122,71670,40423,56636,31931,15847,20932,46176,24354,41146,57473,65963,61753,73823,24221,35049,18940,59663,65014,43560,50089,63607,59468,74055,40098,75890,65936,72594,49200,74771,44647,62426,26913,55391,47672,50580,7810,556,9185,70134,59215,59456,68515,46252,40419,49196,11091,44676,39927,53206,60339,45917,1149,70428,71762,64984,64586,60462,59165,75182,65385,54924,55015,67381,65454,31623,1941,73374,58963,72726,53459,31413,42535,66801,64358,72746,49654,38909,47197,36716,10699,58107,61888,70018,59557,48288,45475,61021,60920,71884,1167,66064,54303,68613,60461,29388,55240
,,,,,,,,,,,,,,,,,,,,,,,,,,,,,,,,,,,,,,,,,,,,,,,,,,,,,,,,,,,,,,,,,,,,,,,,,,,,,,,,,,,,,,,,,,,,,,,,,,,,51298,45546,67606,44984,64754,39965,71801,61816,38792,46765,74854,61852,71948,72562,73484,58302,40838,1348,68549,68841,73661,63731,57144,49026,65303,26419,47627,24792,50410,70733,63728,765,62653,32772,73421,69254,63918,61603,54202,66762,53432,58921,3389,1719,74400,67797,55956,53197,68696,62122,69174,71282,44526,58638,72950,73171,76622,62550,61717,46009,70416,9151,71021,64111,67942,54418,61942,2084,73750,49327,50721,53818,27151,36206,69481,52920,74891,27864,46533,35689,16517,42034,63412,76266,54020,20492,60446,66678,61816,61395,72558,66433,66782,61103,76176,74332,60011,37047,63678,29217
,,,,,,,,,,,,,,,,,,,,,,,,,,,,,,,,,,,,,,,,,,,,,,,,,,,,,,,,,,,,,,,,,,,,,,,,,,,,,,,,,,,,,,,,,,,,,,,,,,,,53477,54415,57444,61859,66534,75308,67799,56460,69287,63413,22233,69502,73928,74140,51293,45982,64025,46492,62540,41662,64477,39106,74402,65046,45225,65948,34321,32045,67537,40795,51872,54547,53907,39704,45704,59178,72282,42973,43339,44073,45561,45208,68889,45409,56904,71500,10578,32163,70650,9869,51405,38490,41893,2031,34071,64452,52296,28066,22488,20115,40535,56209,36189,42235,61389,49609,40191,56408,47334,51679,63622,69938,67929,49500,74004,39833,75185,38264,38711,51431,63886,73404,73714,74612,57770,45033,34421,7933,70098,52651,67758,52641,69492,730,48494,41945,22019,24899,67712,10200
,,,,,,,,,,,,,,,,,,,,,,,,,,,,,,,,,,,,,,,,,,,,,,,,,,,,,,,,,,,,,,,,,,,,,,,,,,,,,,,,,,,,,,,,,,,,,,,,,,,,69636,65873,69361,48704,62429,38393,9265,61464,65627,34668,71413,65062,72183,39560,37722,38556,62676,52118,44461,45631,48985,50679,73078,77037,28133,19470,58472,9306,73669,61044,66960,58005,33584,37427,3711,263,66544,56144,62101,63029,70580,62844,61503,37159,60500,59719,70470,71681,57719,47329,76600,63596,42251,55774,42883,68157,34990,50772,46684,344,65385,63153,66197,64622,75288,51840,76070,44150,58104,58977,60924,75431,74326,72253,53129,18785,46798,43390,36272,65582,55197,60877,68391,71955,35012,52883,69775,71335,72319,64613,72947,70206,58767,55337,42749,26945,72229,62368,58770,67640
,,,,,,,,,,,,,,,,,,,,,,,,,,,,,,,,,,,,,,,,,,,,,,,,,,,,,,,,,,,,,,,,,,,,,,,,,,,,,,,,,,,,,,,,,,,,,,,,,,,,36420,17063,63123,859,53643,62250,38436,16814,40876,72828,72789,42234,41088,43358,57956,42524,75799,52717,27781,52895,34456,50716,45978,12939,73076,71423,62976,65223,46798,51980,73638,71348,69264,71779,41588,7702,66563,48184,70238,140,65775,53601,59058,53995,52323,45347,51970,43335,23270,31180,61243,53222,58464,28626,35496,62246,47363,44400,36571,70335,20262,17423,70646,8273,31957,31510,68021,69906,69620,26065,40308,21588,47234,39524,54093,62353,69074,61807,65685,70006,36363,54092,63137,64704,61891,15300,47654,51252,73796,67704,45856,57926,74156,66350,53945,31850,55848,56600,62885,73737
,,,,,,,,,,,,,,,,,,,,,,,,,,,,,,,,,,,,,,,,,,,,,,,,,,,,,,,,,,,,,,,,,,,,,,,,,,,,,,,,,,,,,,,,,,,,,,,,,,,,20239,45069,66122,68795,54388,45552,63197,41855,67180,67381,57049,58599,73756,64576,72430,44876,46614,18197,61836,63207,60248,62791,70427,41872,58984,62006,56284,48805,74257,25355,58191,55223,40130,100,28458,192,64547,68491,48434,63460,72073,77377,1189,8501,39647,61888,70130,73852,71861,9728,74851,61551,9119,43631,63295,66506,62542,47164,64044,58106,60736,61157,46911,42829,71232,46902,45954,49205,69001,17957,53273,34572,71570,24867,38419,652,50966,51403,69512,69984,52110,63224,73373,71629,74024,57834,58436,42091,62840,24644,38328,15125,45250,60891,59418,28418,65842,42000,68585,64427
,,,,,,,,,,,,,,,,,,,,,,,,,,,,,,,,,,,,,,,,,,,,,,,,,,,,,,,,,,,,,,,,,,,,,,,,,,,,,,,,,,,,,,,,,,,,,,,,,,,,70807,71832,61388,1355,59296,27231,59864,8982,55102,69800,74177,68044,60835,53126,51193,62533,7594,34403,75780,73588,63234,32145,70851,66996,49457,35595,68709,68640,63893,71920,70918,69474,62447,69601,62512,53739,70218,73760,69525,21022,60944,51951,64051,59216,66240,1801,35888,30521,1578,25267,66706,54874,61664,60677,75216,43575,77145,69268,38406,33127,70695,70801,50044,48895,72721,48364,63390,70615,73506,38767,64445,59600,59232,41093,55847,41630,62912,35514,70786,69634,67588,61236,69993,59312,59900,68548,71166,67798,56666,62115,75572,41474,12792,68411,62199,53141,67579,70375,53051,28401
,,,,,,,,,,,,,,,,,,,,,,,,,,,,,,,,,,,,,,,,,,,,,,,,,,,,,,,,,,,,,,,,,,,,,,,,,,,,,,,,,,,,,,,,,,,,,,,,,,,,70805,38759,67597,72659,50690,67715,72658,60472,61007,51949,69576,71565,42575,10580,66445,66697,64105,69741,54659,65964,75539,54719,72310,24063,66496,32137,35848,48191,67086,16200,65805,65004,33103,562,60172,71254,68521,64637,27131,70705,68763,36177,64329,55405,65983,44087,74777,63818,50705,57415,52590,42555,66726,71696,71216,74899,72036,72535,61295,74991,74598,59270,69069,73045,69842,71347,47880,50708,64414,62490,72579,60672,44942,27574,73405,53057,62910,69668,45337,7884,75261,65081,50558,38288,64536,63295,38518,52152,39742,51445,53716,39633,52732,44156,72762,58055,48635,70228,50505,44808
,,,,,,,,,,,,,,,,,,,,,,,,,,,,,,,,,,,,,,,,,,,,,,,,,,,,,,,,,,,,,,,,,,,,,,,,,,,,,,,,,,,,,,,,,,,,,,,,,,,,72860,69297,65838,19138,54463,38676,74081,58346,68531,701,60329,31131,304,8465,58723,31479,48284,63165,71739,73124,66220,26963,54049,888,63433,72539,45483,26232,34676,47774,38869,30912,64303,73603,74797,76441,38695,73344,53150,17646,75620,27982,74025,71998,73782,73154,42333,38112,61008,31984,43807,49084,67859,59841,40646,45485,60179,26854,49835,62854,69743,67767,68691,76446,40639,35407,61710,70940,75188,36410,68715,54766,68447,65493,62332,37529,71184,70585,75890,75436,70385,59961,76115,72372,43805,61351,49965,74928,45931,75112,69367,9628,60198,52742,48106,63226,45878,39846,64967,64887
,,,,,,,,,,,,,,,,,,,,,,,,,,,,,,,,,,,,,,,,,,,,,,,,,,,,,,,,,,,,,,,,,,,,,,,,,,,,,,,,,,,,,,,,,,,,,,,,,,,,57104,43244,76536,75459,51577,45680,50865,45495,37522,58538,67523,57857,63246,16440,50837,54572,51331,32998,68831,74125,74545,45408,59944,62795,72806,60430,36936,54880,61332,54051,71685,60955,63550,22823,72655,69066,58001,41811,38733,26883,71169,59047,54194,67829,25001,62275,43317,24636,10409,21547,59900,1669,73610,74508,64728,22949,58611,35507,70130,576,60576,74562,73032,72312,74566,73295,68507,50429,69581,49996,66626,53936,40878,22076,58225,57468,34083,64410,62206,433,55337,57357,74886,70783,68014,58902,62097,55590,38348,32293,61432,42837,73054,28882,58384,55556,67031,8735,63781,75047
,,,,,,,,,,,,,,,,,,,,,,,,,,,,,,,,,,,,,,,,,,,,,,,,,,,,,,,,,,,,,,,,,,,,,,,,,,,,,,,,,,,,,,,,,,,,,,,,,,,,35097,37462,60247,39631,61064,52568,52288,24773,65127,196,66955,63331,64236,51894,39129,62327,71223,68079,52261,58880,65326,65084,75226,70280,44689,58195,65884,388,70741,51802,34457,73779,60562,35853,52363,62616,58953,66576,59844,36577,36901,49190,46637,55028,15124,50432,45584,50182,74339,71574,2382,1294,71256,47043,67005,64234,71353,53208,52192,73938,55852,47133,63138,19020,26143,71956,66547,54827,63870,69155,78173,70775,71697,54326,74758,1291,74316,65968,55784,44367,67760,31029,70275,59430,59570,40240,66925,41547,65885,73025,72246,62719,55443,857,39534,51070,36694,45821,62984,76134
,,,,,,,,,,,,,,,,,,,,,,,,,,,,,,,,,,,,,,,,,,,,,,,,,,,,,,,,,,,,,,,,,,,,,,,,,,,,,,,,,,,,,,,,,,,,,,,,,,,,66986,50168,69067,38543,60402,33574,20177,194,57832,61374,60168,63368,44432,24915,61736,68318,55395,70569,65051,15749,73667,12877,57926,49809,59457,73876,57187,2340,73630,71044,75700,52578,45433,22979,10589,44054,67529,66336,53438,43634,50684,72418,62901,41657,67960,70193,75733,55552,68618,70221,54098,940,54799,59526,31128,35008,64492,58355,16425,24428,71474,52296,68116,56131,59781,69861,67576,53986,66728,66980,64100,7663,63221,348,52366,68295,56759,56473,53574,61261,31206,30153,33809,44193,74313,50800,47774,63361,70858,61447,74872,74040,67779,58943,72118,65002,40292,35702,13298,11003
,,,,,,,,,,,,,,,,,,,,,,,,,,,,,,,,,,,,,,,,,,,,,,,,,,,,,,,,,,,,,,,,,,,,,,,,,,,,,,,,,,,,,,,,,,,,,,,,,,,,64120,48615,68511,60559,65170,42767,63258,67367,68858,68654,69444,51311,26404,48172,73651,54653,73449,29916,71187,63773,57910,46355,71738,67159,73473,59387,69855,49609,62345,9081,70837,66889,66358,71894,53908,31119,74288,58641,69161,64503,52098,51413,44812,2034,72491,72498,27445,28593,75323,42960,73763,67247,24386,64091,64224,870,67984,68529,44791,65467,44353,28120,56083,37316,45716,6236,72174,66190,70249,24983,33384,42324,11922,28898,64084,63835,52841,66977,51281,46076,65100,73677,34988,8253,72117,60218,48268,59049,67525,64369,48311,29642,58836,39223,63499,48547,69599,29049,57360,44033
,,,,,,,,,,,,,,,,,,,,,,,,,,,,,,,,,,,,,,,,,,,,,,,,,,,,,,,,,,,,,,,,,,,,,,,,,,,,,,,,,,,,,,,,,,,,,,,,,,,,30457,20724,57741,846,75110,73733,60944,67259,55337,59976,10414,61491,72844,72492,62405,69225,54668,12622,67160,63811,72507,41926,66097,52129,67844,75109,46691,67090,64142,65981,59060,40454,20106,647,63256,70311,67061,74811,52500,38131,59985,72618,64220,59881,62332,53485,50435,41969,7807,63744,49707,58992,72763,73223,44574,23949,50643,45141,62413,37644,59036,48573,67354,56666,66649,46585,49200,21928,56233,28713,48345,51522,53457,52628,69795,56127,74439,75397,29288,24876,72937,31385,55510,74952,54791,60499,76650,68439,33303,22087,59038,27970,70042,15824,59113,51605,72296,69520,65812,45607
,,,,,,,,,,,,,,,,,,,,,,,,,,,,,,,,,,,,,,,,,,,,,,,,,,,,,,,,,,,,,,,,,,,,,,,,,,,,,,,,,,,,,,,,,,,,,,,,,,,,70604,65013,71636,37577,58666,59370,56489,47750,68390,74158,69264,47787,72820,72978,73152,73933,38836,53551,70178,65924,58985,2462,56874,448,67911,73839,69228,577,48478,68252,60337,9070,25173,23128,71992,65274,54156,22228,62966,72940,63381,68891,63500,40460,59152,59820,47032,73648,54656,8887,66550,303,50143,60908,47372,67677,16845,59411,41948,2537,13312,696,68074,710,60621,8222,29833,45796,35995,63449,18884,39304,63398,54890,67843,70213,50847,62250,56587,56694,70781,22943,69985,58719,46225,73192,70042,71726,72566,72777,62995,2239,54515,69362,53610,24234,19703,295,58646,31071
,,,,,,,,,,,,,,,,,,,,,,,,,,,,,,,,,,,,,,,,,,,,,,,,,,,,,,,,,,,,,,,,,,,,,,,,,,,,,,,,,,,,,,,,,,,,,,,,,,,,67237,61887,46533,57536,61847,66690,32101,30168,73589,70260,67812,64076,50029,67244,71236,52145,50069,37993,37001,26616,33005,15181,53640,62405,34097,45732,72973,61461,67418,70518,75755,61672,75821,65624,51995,71218,73168,52308,10255,17251,73313,63672,41142,54085,32502,35638,47032,49087,41797,45956,73133,36052,56535,64755,52867,29924,50253,56980,38087,39524,33521,28881,69260,54761,74956,49737,45897,50910,72324,74599,73802,75002,60056,53069,52422,49069,46872,20345,60672,69163,68553,19782,71591,47217,54165,1104,43587,52564,43609,9910,72659,42804,50538,33765,69600,13721,73974,73467,44031,43557
,,,,,,,,,,,,,,,,,,,,,,,,,,,,,,,,,,,,,,,,,,,,,,,,,,,,,,,,,,,,,,,,,,,,,,,,,,,,,,,,,,,,,,,,,,,,,,,,,,,,58532,74287,73906,63010,17448,35316,67561,12632,21692,50669,67326,58618,68997,36719,74599,74484,70361,45489,57102,73737,55291,30959,61936,17908,57346,56493,41681,17990,38052,66544,66782,51416,62567,66566,72034,53445,69369,24254,71153,9965,71614,40115,51063,69783,36765,56656,66080,56512,31593,27049,67771,74202,62047,72342,58767,47171,41387,24093,43205,163,71407,75268,52287,58412,53909,23572,43924,35595,73667,46176,35081,53269,68239,67006,25553,48556,8462,33005,64865,22603,74731,61253,21108,58429,64095,69537,51900,18866,62156,34639,72706,76235,69850,39097,26746,30125,61859,63857,62180,14896
,,,,,,,,,,,,,,,,,,,,,,,,,,,,,,,,,,,,,,,,,,,,,,,,,,,,,,,,,,,,,,,,,,,,,,,,,,,,,,,,,,,,,,,,,,,,,,,,,,,,30625,67477,48571,60818,75408,71871,73252,70249,74885,68856,52293,52754,61521,54698,71741,38578,65382,53517,42965,54454,42729,26003,61372,62858,67384,291,71771,74927,66838,72824,56995,48682,75745,63710,59641,48116,40331,55473,62502,54499,55080,55546,60943,60648,46077,56338,63262,54377,27085,58975,53052,63453,16327,49273,69591,44468,68751,53133,73794,68410,56565,65817,71395,61152,43528,198,63741,57915,46099,821,59506,62368,45052,42604,44865,67362,57155,14254,76435,73304,65523,60660,58662,63436,43714,31727,54740,45438,62993,53000,23109,2346,47633,41728,58915,70275,63367,53594,69756,58924
,,,,,,,,,,,,,,,,,,,,,,,,,,,,,,,,,,,,,,,,,,,,,,,,,,,,,,,,,,,,,,,,,,,,,,,,,,,,,,,,,,,,,,,,,,,,,,,,,,,,72572,51634,31206,910,63435,58329,64275,50679,68987,27001,69866,64396,66100,69508,22801,59884,51348,9255,72034,24600,52989,32827,61036,67091,71905,41841,61078,47466,74552,42569,30011,937,40294,40514,42739,45050,75650,71898,59418,45885,62232,52049,62316,45276,71705,73233,72135,65448,63914,68496,63108,66607,63234,59132,46464,65995,56972,49773,56733,12477,70132,54906,64636,29885,60609,39654,59343,55873,61213,74416,73392,56965,54730,66362,71202,58301,68453,68672,69695,55075,61071,52737,71568,45741,61491,9884,70898,12186,64241,27789,72085,42833,56216,67586,9110,41288,76762,74869,37492,11001
,,,,,,,,,,,,,,,,,,,,,,,,,,,,,,,,,,,,,,,,,,,,,,,,,,,,,,,,,,,,,,,,,,,,,,,,,,,,,,,,,,,,,,,,,,,,,,,,,,,,62273,37534,74741,52476,62951,43530,67355,59492,61501,58291,61264,430,49079,40843,71452,54649,66619,64541,73326,63300,25955,50191,52767,356,46020,32502,31497,17766,60831,41901,73852,47147,64039,69608,68730,72770,49198,45822,74730,62275,51846,34551,43472,73018,72943,75808,52861,69983,73648,61947,51598,62732,60875,34197,61031,54579,63059,50536,65527,71144,25554,54369,55609,52139,39293,17292,23118,38289,67840,62261,41596,55008,61869,70406,72024,74809,54371,69377,67272,71002,51206,34320,37750,53278,72463,50247,37593,24336,66647,36198,41412,53452,25742,230,39408,44491,44593,39969,66033,65870
,,,,,,,,,,,,,,,,,,,,,,,,,,,,,,,,,,,,,,,,,,,,,,,,,,,,,,,,,,,,,,,,,,,,,,,,,,,,,,,,,,,,,,,,,,,,,,,,,,,,57545,17332,57238,26521,61851,28470,77311,66180,69179,15766,77704,69573,69729,63735,71214,55811,41695,58901,57125,73146,68727,66997,63424,59963,71313,68289,72107,43925,71055,58991,56221,57797,68269,53264,61288,51525,49059,56665,74322,70901,73774,72100,74918,63283,49819,62771,74203,34642,63039,61105,48282,57612,62540,35597,64273,68351,65993,50334,56213,770,44771,48860,47922,73120,50721,30942,67687,47010,58040,70202,39681,65579,36994,61727,72038,70308,46313,45178,72309,44722,39212,39744,59814,72416,50098,63821,61290,52684,58291,39299,70548,53452,37091,63289,61400,30473,65021,69438,22162,12438
,,,,,,,,,,,,,,,,,,,,,,,,,,,,,,,,,,,,,,,,,,,,,,,,,,,,,,,,,,,,,,,,,,,,,,,,,,,,,,,,,,,,,,,,,,,,,,,,,,,,56055,65208,66598,73080,76113,75127,68872,47995,72897,35794,58737,57755,58517,48959,64912,66572,73387,75859,44895,309,71086,25944,60988,39186,56940,68590,54769,53667,48382,12526,68907,39152,61650,45660,66451,59954,73638,59306,53562,48366,31554,56888,72026,52681,74412,68048,68229,73538,58431,3024,47751,3208,63828,60395,41819,57014,57344,42125,75271,62026,57033,44088,66889,596,69687,72567,75649,61445,60866,27199,59583,46266,73135,58333,73283,52632,64359,30115,1760,339,74294,68679,39164,3983,50759,55123,57026,292,67434,53153,71723,36848,72803,25930,29222,71388,69360,41678,60032,28041
,,,,,,,,,,,,,,,,,,,,,,,,,,,,,,,,,,,,,,,,,,,,,,,,,,,,,,,,,,,,,,,,,,,,,,,,,,,,,,,,,,,,,,,,,,,,,,,,,,,,71475,72482,41720,26839,74647,58652,50316,52152,45395,1300,50930,70769,71657,59977,59040,74743,72422,70907,63619,50900,64718,62649,52500,39690,71631,55536,72197,37304,67878,39989,76768,72089,56300,53689,52864,44018,25309,38500,65675,69367,62743,44506,76910,67631,32820,42377,59294,63174,12809,18301,56649,65787,73981,58140,74001,67670,76334,73307,58497,2965,9070,49167,54472,47821,59688,15129,70982,42524,57139,66425,67745,43540,71223,72499,71231,61182,75544,51900,51739,39174,62783,64186,52075,61153,65982,73339,72643,43669,65577,70092,71478,46483,73067,71544,62633,70414,72924,52813,65768,65001
,,,,,,,,,,,,,,,,,,,,,,,,,,,,,,,,,,,,,,,,,,,,,,,,,,,,,,,,,,,,,,,,,,,,,,,,,,,,,,,,,,,,,,,,,,,,,,,,,,,,54353,65226,28329,56825,49175,434,25914,29119,55970,67583,66774,27621,62562,73717,72471,60784,63758,61741,76149,72091,40272,60696,31888,51947,54971,49434,55844,68612,9089,16113,48497,42702,70910,35760,73320,16099,60208,65254,42444,71716,62041,4824,73678,71054,70316,18374,50376,38542,38766,36258,36923,58430,52072,37489,28729,53637,39179,32285,73286,74277,62533,19032,52074,45252,28310,34941,37503,37131,46792,45831,65573,58346,50706,9161,58081,662,45920,37580,62334,49138,66579,69951,73139,55741,66585,31897,55993,36066,42311,55255,52545,35408,50093,60283,39141,21250,75221,43981,71412,65942
,,,,,,,,,,,,,,,,,,,,,,,,,,,,,,,,,,,,,,,,,,,,,,,,,,,,,,,,,,,,,,,,,,,,,,,,,,,,,,,,,,,,,,,,,,,,,,,,,,,,30083,37361,64305,70132,51914,53431,51259,55912,37124,58369,72083,58652,12451,73307,57670,64418,62247,60518,30120,52398,42866,28061,74412,54167,69635,62017,72633,44511,69542,54917,49336,59662,66807,40712,60123,62562,67639,58277,70659,25726,25952,69610,56792,48644,66528,65717,73893,59192,59613,57517,51095,72876,68266,73707,57301,73323,31211,51078,25526,49507,72760,69579,59125,52087,76053,70167,38429,47523,64382,67990,54786,16747,73723,44579,62182,52648,49046,59507,73566,58508,72434,47499,37226,29371,69648,69219,75560,46903,68638,1144,64869,45349,74087,35906,73095,73293,52834,62843,43962,59903
,,,,,,,,,,,,,,,,,,,,,,,,,,,,,,,,,,,,,,,,,,,,,,,,,,,,,,,,,,,,,,,,,,,,,,,,,,,,,,,,,,,,,,,,,,,,,,,,,,,,38011,53848,656,207,69813,36304,62769,72280,70955,69828,58283,50299,72692,69358,26076,35583,53073,64289,63101,61701,73029,38916,67601,65182,75542,67485,49046,63136,35513,67955,57634,61383,73229,12828,62324,35650,65190,61754,63739,72016,58140,53702,36637,41572,39038,26707,8551,32166,56749,70313,62691,2002,30246,36187,55781,44161,70071,70700,59549,28164,70296,8252,68994,67509,68850,71298,47418,48335,75613,74059,12443,43852,74726,77012,71667,70875,40904,42227,53962,71978,60587,62383,72041,39775,29533,26576,71519,33224,17549,20376,54815,313,64273,8270,36735,16736,73122,59371,68314,47060
,,,,,,,,,,,,,,,,,,,,,,,,,,,,,,,,,,,,,,,,,,,,,,,,,,,,,,,,,,,,,,,,,,,,,,,,,,,,,,,,,,,,,,,,,,,,,,,,,,,,68265,10360,64303,64283,409,10916,56958,29806,29049,40726,60290,63811,58129,66339,46737,37442,59245,58926,55226,56082,24819,18743,11926,41288,53872,61760,66057,1095,19849,56666,21116,53243,69861,64564,67821,58812,73406,25124,67179,67054,74105,73260,42693,40937,67814,56379,70665,57498,67718,73932,66442,18001,54604,28754,64449,56404,49179,44370,52004,63556,52280,73970,58528,59677,51977,33878,51881,46288,57988,74215,43458,41405,59912,48463,60246,58849,69213,16973,21722,21768,67644,45121,0,377,67043,47896,45099,60246,25999,49093,50600,60337,73122,70294,72244,26231,56132,63578,76004,51059
,,,,,,,,,,,,,,,,,,,,,,,,,,,,,,,,,,,,,,,,,,,,,,,,,,,,,,,,,,,,,,,,,,,,,,,,,,,,,,,,,,,,,,,,,,,,,,,,,,,,60695,40380,51375,65426,58359,57595,66797,65351,52499,37808,56224,229,65656,29030,67453,41099,68752,72644,63600,2614,50835,47491,11734,30720,73168,62609,74012,66954,59859,53209,61949,73295,44508,10056,72496,53323,55779,45748,43829,68733,24830,14909,55652,40973,65211,68356,49478,45393,31978,37743,53616,2350,17012,349,39536,29042,41910,26779,39352,58575,62024,41782,20531,38393,45236,25810,69325,12812,54621,55539,70871,74690,40655,48916,70369,26957,59695,58330,59938,62144,68789,62787,69955,45579,57805,59172,60544,70933,67147,72242,64913,19721,68988,75757,68991,57121,70171,72989,69531,10395
,,,,,,,,,,,,,,,,,,,,,,,,,,,,,,,,,,,,,,,,,,,,,,,,,,,,,,,,,,,,,,,,,,,,,,,,,,,,,,,,,,,,,,,,,,,,,,,,,,,,59846,71598,68538,74332,48751,19615,56677,72945,66361,71718,69649,71913,61911,58602,55269,52150,60644,38775,40264,50005,69589,1586,63162,28405,63720,52266,72671,62580,65355,57182,74421,42883,42060,65907,74543,57763,68303,60350,66207,68560,48431,56902,45083,52048,57419,37009,48445,34689,70925,66238,75561,45220,73600,41031,59564,42773,42746,21484,65938,72657,59494,72883,74681,53232,58886,43509,64080,61593,63496,66479,51297,6530,60897,43176,55234,26623,61579,64600,55808,53042,75565,72791,63170,62550,69247,72556,40180,41912,69862,72184,59329,52829,58961,48516,15185,20986,69280,39479,68897,67573
,,,,,,,,,,,,,,,,,,,,,,,,,,,,,,,,,,,,,,,,,,,,,,,,,,,,,,,,,,,,,,,,,,,,,,,,,,,,,,,,,,,,,,,,,,,,,,,,,,,,74816,71602,53893,57211,50530,66025,59732,24158,30348,52528,60591,47588,25269,41992,49527,51290,15742,63337,63623,52496,57834,20201,63670,35741,53854,41609,74833,30810,70128,34022,44153,48170,33341,62683,71526,67439,53794,73340,72331,62901,61821,50300,59346,22860,73755,57921,69797,40389,60693,35442,65799,62261,50096,204,66341,69156,42957,25586,47289,43542,55830,844,22314,62990,74539,71776,55876,67775,20863,937,57181,62940,76934,71823,44658,40243,67922,73441,70937,70934,40618,59452,69374,66234,61390,47301,52829,44454,68416,50797,71296,74591,64809,60143,41535,291,64364,75335,68233,65225
,,,,,,,,,,,,,,,,,,,,,,,,,,,,,,,,,,,,,,,,,,,,,,,,,,,,,,,,,,,,,,,,,,,,,,,,,,,,,,,,,,,,,,,,,,,,,,,,,,,,72069,59945,60108,44736,57137,40778,31302,37041,22013,38326,51998,51994,73396,62142,43043,24826,65447,15549,36156,70397,63222,1741,21891,1648,73837,62195,55000,50158,57598,47391,77691,64809,65393,28688,16303,28605,73928,54296,61622,28632,73291,40890,73343,72117,60364,72833,63471,57824,47265,33197,61603,47468,52330,12827,63902,581,38441,63854,65679,70495,60578,44012,36735,36180,47492,62540,59588,53757,39958,32202,22123,71674,72476,69560,54022,56486,27516,58045,68307,60679,32296,35547,45607,52613,61346,60368,63583,42176,64633,49486,58029,39840,40756,25245,26148,39653,29252,38134,55958,55247
,,,,,,,,,,,,,,,,,,,,,,,,,,,,,,,,,,,,,,,,,,,,,,,,,,,,,,,,,,,,,,,,,,,,,,,,,,,,,,,,,,,,,,,,,,,,,,,,,,,,40470,65221,63556,74815,65633,69218,70327,68040,60777,1407,68546,64575,74964,71138,71865,75941,16082,21476,47652,5409,71677,14415,72907,54642,61524,1649,16078,15165,36711,53296,69173,39218,76788,68950,54579,67829,62508,73231,37853,48158,58839,57092,70550,68718,69895,48812,35478,31065,50441,48939,66977,46509,70466,60427,52716,23777,71943,67305,53282,68924,66023,69760,70842,7590,71029,51175,17887,350,68181,23255,34117,36078,42476,42808,70683,70835,44898,56064,32535,24298,24934,30768,35492,39485,599,828,59900,46349,75791,61330,31406,60005,54693,867,73201,66724,68656,63770,55441,18178
,,,,,,,,,,,,,,,,,,,,,,,,,,,,,,,,,,,,,,,,,,,,,,,,,,,,,,,,,,,,,,,,,,,,,,,,,,,,,,,,,,,,,,,,,,,,,,,,,,,,19176,252,27125,3360,29430,48399,72721,63425,70457,72288,70336,72657,16476,16456,55347,50550,69512,73204,71670,69472,53875,55282,69869,46269,46801,29676,58657,39467,63226,31232,26546,37766,41088,27939,69931,69264,71361,40375,53720,60332,73719,60515,56357,58492,60076,65485,30721,40265,76996,64591,41133,43851,67855,55588,26309,208,27912,39924,72160,59762,67574,68855,70670,44326,56314,72605,71561,75336,58303,51792,71317,40293,61853,64623,67573,40311,61610,44282,62397,63081,57933,67078,65263,69969,50063,69705,47427,49907,76373,71747,65902,66279,59421,49528,56774,63336,63454,74954,8439,22615
,,,,,,,,,,,,,,,,,,,,,,,,,,,,,,,,,,,,,,,,,,,,,,,,,,,,,,,,,,,,,,,,,,,,,,,,,,,,,,,,,,,,,,,,,,,,,,,,,,,,55373,39794,65306,71969,75895,71942,69104,55365,44914,56313,52079,72289,15081,15066,47091,57383,71868,31927,44988,71495,63254,64040,74907,60945,33745,65319,72585,41946,58615,28337,49759,32448,45178,36828,75910,69001,60237,74832,63862,52575,71383,48141,53466,18780,72533,64602,73135,68362,35723,43602,37057,59954,53388,66451,66066,21456,64923,53374,55863,28685,56449,57398,55694,52920,59713,15636,43381,9814,68322,69901,67638,74376,71460,68393,59013,68993,61399,39644,41217,210,74166,73403,52562,55644,63902,72303,64004,55609,30104,52360,69356,64302,73531,59097,27100,41019,65804,72102,19530,69633
,,,,,,,,,,,,,,,,,,,,,,,,,,,,,,,,,,,,,,,,,,,,,,,,,,,,,,,,,,,,,,,,,,,,,,,,,,,,,,,,,,,,,,,,,,,,,,,,,,,,38710,43383,50746,25339,61977,68549,74377,61012,71147,16799,76571,50257,72416,71182,59930,39806,60136,75983,55479,50799,52647,37347,38172,49744,70419,58401,49316,64435,68652,57434,51765,31035,26485,27012,70192,73331,67726,72334,48950,67002,69850,44528,37338,25377,66475,46508,56051,34443,40804,68759,66511,19124,61570,71378,67624,60915,72942,52312,47710,41691,50261,48142,62698,2160,68023,42972,25761,59975,66779,1655,63944,17583,69009,325,71739,75421,72496,5582,75425,57698,52367,57730,70670,17040,67684,18357,52067,50085,31408,32181,72809,47329,72611,57453,60142,69496,62744,46021,50177,61297
,,,,,,,,,,,,,,,,,,,,,,,,,,,,,,,,,,,,,,,,,,,,,,,,,,,,,,,,,,,,,,,,,,,,,,,,,,,,,,,,,,,,,,,,,,,,,,,,,,,,54558,39554,75398,50466,53602,47839,64793,61777,70896,54862,74059,64840,71416,22792,72366,72879,72392,60358,55952,59814,9414,57832,68828,58878,60051,51921,54825,50136,62818,67225,66293,2167,53824,64685,61637,58807,62969,3996,43869,58359,58993,64292,33756,63683,64550,24899,72554,52443,69314,58735,65221,62131,67477,50414,27782,29493,64678,52965,52065,64285,69656,420,64024,45007,72378,70119,43427,68992,73506,58573,29915,54745,54025,61115,56486,37109,59984,75103,38326,28195,68931,22657,52241,63758,59829,41217,28299,21406,73989,74542,69875,3211,73593,73949,58085,46284,62626,62364,21517,59344
,,,,,,,,,,,,,,,,,,,,,,,,,,,,,,,,,,,,,,,,,,,,,,,,,,,,,,,,,,,,,,,,,,,,,,,,,,,,,,,,,,,,,,,,,,,,,,,,,,,,63161,71265,48818,50343,37128,50521,46527,1123,56329,35444,16325,28686,15592,5610,48383,8353,72496,71250,72841,75198,66486,29061,44685,48900,69288,33500,57601,24462,71892,71396,43059,23366,75068,50523,41272,42702,69857,54316,67101,70438,64464,48733,54119,6544,46894,66699,57712,58623,70022,72038,60271,72082,61819,728,20197,64444,65626,70996,29908,50159,72040,58078,22467,41798,68630,74604,72508,35634,69549,39220,74435,73861,60880,53818,60292,18445,73535,71446,56395,41516,70910,42729,69045,50838,29487,60904,26710,2393,51004,42389,37662,67362,64518,60077,65203,70638,52495,57372,37545,9108
,,,,,,,,,,,,,,,,,,,,,,,,,,,,,,,,,,,,,,,,,,,,,,,,,,,,,,,,,,,,,,,,,,,,,,,,,,,,,,,,,,,,,,,,,,,,,,,,,,,,48897,3135,24997,32302,67589,66078,45106,31290,16657,8739,53365,19332,70669,39950,29939,48993,76707,65261,44958,1309,9127,54842,71676,49523,53901,47610,69849,71018,67188,49074,63405,58015,20769,12284,16522,34592,73315,67396,70608,73552,73641,61109,52121,54036,65759,73671,49135,63046,69977,56705,50561,75262,70932,72741,34407,46835,74580,73595,63127,52684,42408,36425,73592,71279,10533,176,55329,666,74392,65378,40715,49026,76469,70211,69369,71417,67523,58400,76088,72188,63114,71933,24991,46198,55912,552,71676,67664,25051,65428,71672,47138,68119,62334,71019,67270,56006,61837,70736,50568
,,,,,,,,,,,,,,,,,,,,,,,,,,,,,,,,,,,,,,,,,,,,,,,,,,,,,,,,,,,,,,,,,,,,,,,,,,,,,,,,,,,,,,,,,,,,,,,,,,,,71454,57784,50341,30124,72320,76119,75512,65798,17292,14770,74826,48237,61540,61769,8593,32550,67004,22803,68907,229,76588,69175,32291,69729,7689,13755,48134,73000,50607,33986,69995,64627,75442,69142,52886,63640,46481,41066,45901,43405,54322,47697,35681,692,50581,48726,68705,24347,63482,60576,64008,56240,22922,1011,60989,45682,66418,70350,73442,41882,74359,76176,69849,69599,53196,14186,35042,57853,13348,1542,59712,43474,1437,6519,61803,229,69924,73442,34765,42483,63064,1720,32646,46620,73304,74342,74583,38354,74200,64831,65635,24853,48576,74091,58789,41081,40197,32653,45939,432
,,,,,,,,,,,,,,,,,,,,,,,,,,,,,,,,,,,,,,,,,,,,,,,,,,,,,,,,,,,,,,,,,,,,,,,,,,,,,,,,,,,,,,,,,,,,,,,,,,,,64577,72258,58576,69037,64735,39515,44524,39220,33201,37548,69555,23236,66488,57847,65742,70456,49187,28987,32890,65190,72490,69343,70835,71763,54772,61985,56322,71886,46929,6929,59873,61046,69623,67138,65669,40854,61605,69855,59011,45808,50242,46307,72289,66560,42793,32534,61018,61076,56997,60841,19940,9947,73562,71527,40297,226,44775,43720,63536,554,67032,49074,49899,58863,43848,25824,73146,66622,70161,71098,65907,28505,34851,40734,58851,61825,25956,4262,67955,69051,53573,40073,53152,58831,43842,43737,61697,58755,58104,55793,11141,69117,28854,48462,51553,58083,51684,40435,10107,58355
,,,,,,,,,,,,,,,,,,,,,,,,,,,,,,,,,,,,,,,,,,,,,,,,,,,,,,,,,,,,,,,,,,,,,,,,,,,,,,,,,,,,,,,,,,,,,,,,,,,,62407,42408,60634,51104,73230,64761,63947,46748,74886,46381,49139,65716,65004,48147,53880,60897,66505,47636,27571,9489,49890,38186,45248,9206,71195,74043,76465,51436,66536,70506,71421,75879,2249,41731,57330,39333,52331,36713,74944,39118,56978,58965,40743,23182,59453,64899,59634,543,57385,58861,51937,70805,60340,45087,66157,63362,21527,36393,62724,55793,58329,55609,73076,73631,69266,16709,64238,44660,61678,66679,27770,1532,73340,68402,62045,42482,67068,65556,74372,66298,75143,72050,69186,66060,55589,20943,61699,32665,75146,73114,47074,41743,67815,59796,63998,74649,31383,26961,57945,378
,,,,,,,,,,,,,,,,,,,,,,,,,,,,,,,,,,,,,,,,,,,,,,,,,,,,,,,,,,,,,,,,,,,,,,,,,,,,,,,,,,,,,,,,,,,,,,,,,,,,42459,40621,47394,32767,29718,34827,60494,23397,67926,70859,66787,26420,39315,8738,31777,34009,25965,12727,43766,11053,67567,64541,51303,69290,51869,35102,61538,47423,72102,50220,39861,45822,58615,72222,72761,56620,66934,74591,54346,62102,58043,72332,65328,773,75840,57546,46440,47322,54579,63394,72616,75460,30650,20470,46109,42237,55538,66854,42594,74586,34685,34031,48942,46959,27564,68605,70776,60368,70829,73432,69487,41955,61344,57625,70581,33964,65526,732,70175,31898,68227,55647,68868,70924,60014,59536,71451,70113,35506,53142,65489,48608,76464,75140,20588,34175,74203,60179,58948,35733
,,,,,,,,,,,,,,,,,,,,,,,,,,,,,,,,,,,,,,,,,,,,,,,,,,,,,,,,,,,,,,,,,,,,,,,,,,,,,,,,,,,,,,,,,,,,,,,,,,,,73822,60699,29906,57376,71733,62555,58157,15630,28120,36692,47225,38295,63743,17727,46631,21277,32854,42717,66630,57131,52112,15671,76319,65767,53348,55291,53641,10899,66284,45728,50339,47792,67113,65166,73073,77130,19318,2493,71531,59318,44110,62751,51742,61038,51590,40283,53540,54075,16537,1898,75056,77484,53954,45549,63705,52536,49012,40693,68279,75136,49564,688,61509,72708,38464,42741,68519,71895,33177,70422,71704,70191,2349,44825,74946,64909,30017,68831,62732,58262,59237,73038,76990,22215,41056,10913,56422,18518,66316,35670,67065,72238,53681,1531,62845,61074,47308,50744,61465,59427
,,,,,,,,,,,,,,,,,,,,,,,,,,,,,,,,,,,,,,,,,,,,,,,,,,,,,,,,,,,,,,,,,,,,,,,,,,,,,,,,,,,,,,,,,,,,,,,,,,,,57258,66692,71224,37029,59557,62834,10951,10026,53567,29110,52634,48755,44651,35306,68344,41960,56234,852,57177,71570,63356,71660,65832,62377,69169,62868,58868,52914,65529,59916,64839,34360,64801,72200,68781,38435,587,2536,61516,59998,58509,54520,65484,20811,54062,72795,74346,62908,55083,54847,69122,24323,61688,9540,26995,5859,19380,69099,2535,360,71172,63967,64812,32879,70641,9977,58224,60590,71026,71855,69831,63126,72944,42900,54917,49703,73764,71793,53839,49395,40477,1839,73809,45514,65977,65419,67621,11176,68484,24380,71130,30498,38506,41232,71563,69689,71186,66309,57879,68022
,,,,,,,,,,,,,,,,,,,,,,,,,,,,,,,,,,,,,,,,,,,,,,,,,,,,,,,,,,,,,,,,,,,,,,,,,,,,,,,,,,,,,,,,,,,,,,,,,,,,27779,30362,55638,47494,58442,71407,45551,51449,65577,53787,77499,66851,36850,71108,65488,51701,48308,35711,35913,72720,69799,60295,72219,32005,57854,30151,41444,16770,72495,76941,45744,63754,40475,8133,71646,62487,71402,66332,64041,54831,69257,60104,70794,59672,53561,51784,52580,38242,75130,72514,70460,31265,31695,55212,59562,57608,35711,43400,56451,71366,69630,67475,61148,56729,75937,68824,69234,30178,46315,41244,39959,38886,49694,18089,48948,29391,77185,71411,64692,50513,76870,69487,66927,43400,63621,51940,56698,53633,70630,70153,65574,64245,62206,62124,30096,69817,41516,58113,58944,42213
,,,,,,,,,,,,,,,,,,,,,,,,,,,,,,,,,,,,,,,,,,,,,,,,,,,,,,,,,,,,,,,,,,,,,,,,,,,,,,,,,,,,,,,,,,,,,,,,,,,,52732,19318,73401,74510,71321,70684,66416,64460,56936,53329,71132,42691,73163,42037,63573,68172,70185,28011,60863,39402,71462,62604,72490,61745,65553,52028,59554,26194,62877,58416,36903,71831,73874,72405,69116,43328,75462,23122,27960,2002,63471,57012,70652,57999,66729,57706,45984,63410,70039,64357,61830,49654,49839,18017,44051,56987,35732,72776,52253,66961,43596,35227,70216,42902,47254,52686,22117,25023,71717,29369,45683,42736,35802,45350,43531,66429,57359,53042,69223,52265,58285,51599,47473,37908,61878,65250,63443,74076,16492,50777,52944,36573,68511,60881,68304,72609,77077,65732,46268,60514
,,,,,,,,,,,,,,,,,,,,,,,,,,,,,,,,,,,,,,,,,,,,,,,,,,,,,,,,,,,,,,,,,,,,,,,,,,,,,,,,,,,,,,,,,,,,,,,,,,,,50370,49454,59007,56685,67630,63580,63712,600,66756,1543,64035,27015,41845,61045,44207,56167,40240,43595,38727,38722,67880,49352,69502,43366,74771,55134,48873,9567,58041,44885,43582,63205,68853,210,57462,70956,76920,68950,68899,60819,72355,6895,57011,39905,63036,58263,73149,71947,26689,67709,29123,27806,51991,68817,56929,63279,63344,51586,57639,49900,62304,71542,57861,32169,74911,37681,14243,32756,73601,77164,60300,9048,66163,60905,51763,43646,57023,41586,71558,43168,60817,69383,43818,57471,55389,56318,59551,53074,30261,39238,76490,73924,28971,19802,73633,34738,38844,8606,58751,38461
,,,,,,,,,,,,,,,,,,,,,,,,,,,,,,,,,,,,,,,,,,,,,,,,,,,,,,,,,,,,,,,,,,,,,,,,,,,,,,,,,,,,,,,,,,,,,,,,,,,,43511,43870,66035,63989,19108,24420,75272,68980,68451,50256,71764,45827,53515,59097,67362,52409,41849,38614,9610,54516,74601,73484,76085,75547,40628,10987,71932,55575,64792,37707,41383,71001,61611,21384,70617,65177,54769,57375,67301,70856,68604,66017,64107,63221,67343,72043,67756,60396,49708,51286,52218,35091,52792,42868,56453,19597,56369,60993,73329,62597,72324,9874,60276,66804,74547,61858,75421,54984,48262,41836,59391,70342,58041,20309,55081,59373,64905,71178,44447,50323,40172,38251,51451,60383,12766,60777,63488,63775,68436,44131,63337,70139,59825,61606,63201,69054,54590,31461,68922,40645
,,,,,,,,,,,,,,,,,,,,,,,,,,,,,,,,,,,,,,,,,,,,,,,,,,,,,,,,,,,,,,,,,,,,,,,,,,,,,,,,,,,,,,,,,,,,,,,,,,,,68185,44604,49065,8092,74069,57203,66574,64299,63707,60251,70293,63521,74435,69049,55123,63812,62967,726,69449,64514,32681,20466,70622,60743,54652,44197,70501,73009,72093,67095,58120,57535,71990,44893,68161,69933,54092,71332,13290,131,49287,44911,58176,54397,58264,42738,60958,69564,18421,44187,56847,71210,40339,26145,43529,31439,73587,61696,55554,63028,50780,47662,66919,34820,66324,68409,51643,53007,42271,34075,73384,70918,47050,7879,62892,72881,47098,50086,64454,53360,72434,50609,45031,62025,51697,48498,12762,75569,54096,52916,70990,56979,63142,38882,75512,69982,34568,56281,70414,36325
,,,,,,,,,,,,,,,,,,,,,,,,,,,,,,,,,,,,,,,,,,,,,,,,,,,,,,,,,,,,,,,,,,,,,,,,,,,,,,,,,,,,,,,,,,,,,,,,,,,,64523,67912,58888,24695,68162,5265,66148,70384,42110,63978,74582,70487,43097,69258,64150,48131,57524,49007,67638,59132,62081,66632,74880,41837,61979,67967,67780,60202,77620,67392,39953,55237,67845,24710,74389,60102,11089,223,49039,50167,70995,30172,42868,64978,69552,70763,46693,53030,77153,76533,34331,61865,74277,70849,59080,47891,55577,58115,76339,36452,38291,48292,2902,277,65723,45616,76156,60519,71765,68943,53984,43000,24767,69868,64478,69608,37154,32824,69406,18529,61353,75959,7386,1603,63276,75164,40163,32074,70103,33966,67924,67988,71428,23125,2996,999,47353,46283,73865,69227
,,,,,,,,,,,,,,,,,,,,,,,,,,,,,,,,,,,,,,,,,,,,,,,,,,,,,,,,,,,,,,,,,,,,,,,,,,,,,,,,,,,,,,,,,,,,,,,,,,,,52063,62051,69678,58789,13889,3312,45123,61912,52016,18394,64454,59727,76631,68753,61651,73889,51502,61951,50053,37626,69213,72764,49378,65727,76704,44937,71062,49534,47563,67625,55621,278,70438,49029,56922,36080,73745,71266,73550,19998,37064,48193,54664,54113,65448,60156,71238,70520,51653,56435,60605,22409,59537,57902,70340,65997,42286,60918,75593,41970,72868,74783,61799,71683,63843,36954,71659,17032,61762,915,65707,60195,65745,60372,33276,53937,66316,36282,52620,46218,62046,62314,61108,14065,70875,33636,67170,65225,49575,67211,68103,26399,71204,15810,51157,66380,62425,28284,55713,54399
,,,,,,,,,,,,,,,,,,,,,,,,,,,,,,,,,,,,,,,,,,,,,,,,,,,,,,,,,,,,,,,,,,,,,,,,,,,,,,,,,,,,,,,,,,,,,,,,,,,,72974,73357,61762,57035,72952,68354,49872,70327,17966,29342,75006,41986,65721,25536,59102,40744,75299,63002,55467,49577,70769,29463,71545,70312,60522,62145,75663,18688,57939,41254,69789,67730,29140,66089,42269,70741,69870,30966,30416,67951,31278,64345,46607,50048,67964,36583,70510,8575,69669,59739,67420,63294,50641,1528,73561,70951,51797,30245,75986,70122,68089,342,36640,74537,63727,879,69148,70784,66321,54576,66295,49929,46161,52202,73340,68731,71825,75014,50729,37510,56580,42661,74383,56354,49786,63520,27776,66825,37830,29325,26299,30510,48784,52266,70189,72284,52605,58578,76351,71917
,,,,,,,,,,,,,,,,,,,,,,,,,,,,,,,,,,,,,,,,,,,,,,,,,,,,,,,,,,,,,,,,,,,,,,,,,,,,,,,,,,,,,,,,,,,,,,,,,,,,59636,48362,49180,44657,60760,57705,73609,68061,73139,75673,56400,47305,59327,58665,68642,55549,60506,53955,33357,54531,51143,57785,17942,57857,68577,51620,77469,77971,72687,40262,68449,1674,47803,48178,67656,60065,66411,41893,71720,32293,60036,52978,53157,60512,40250,44549,38081,56896,72703,63829,56164,68103,42894,61059,53440,37712,16269,31474,68107,59940,40704,16781,70463,65468,74586,45404,59223,66273,69567,47695,57038,57398,59833,22682,25364,43992,73243,62942,58055,54342,67328,39872,60883,62843,63258,61124,53103,58755,68915,76293,71564,10580,40871,57663,51173,34368,58247,71225,72864,47674
,,,,,,,,,,,,,,,,,,,,,,,,,,,,,,,,,,,,,,,,,,,,,,,,,,,,,,,,,,,,,,,,,,,,,,,,,,,,,,,,,,,,,,,,,,,,,,,,,,,,54705,66244,60045,58740,70388,67866,63048,61827,60405,64160,65625,34923,69392,71294,62305,59476,66370,55611,21036,53064,74026,41346,65253,52922,61345,62202,58804,45922,51106,32017,76870,71869,76359,72224,67884,71508,65125,51904,59864,20862,74316,68820,69067,37290,68543,53593,60616,72576,43338,11672,35756,68347,38315,66154,70431,73520,46615,58230,68927,36954,68638,61220,64039,47302,49459,68007,72981,70323,65902,51847,8663,37723,62367,73729,73440,55667,71419,48025,75679,74755,62065,1513,33764,71380,34912,37325,60937,31740,75022,73676,52680,51493,65585,39410,50523,844,56947,36958,60758,56947
,,,,,,,,,,,,,,,,,,,,,,,,,,,,,,,,,,,,,,,,,,,,,,,,,,,,,,,,,,,,,,,,,,,,,,,,,,,,,,,,,,,,,,,,,,,,,,,,,,,,71316,28503,65487,58361,16813,71910,69844,76262,75751,52172,73914,71980,7885,16455,67021,67575,75732,51631,38129,22691,70233,43267,64477,71852,13483,122,30379,42488,72437,52320,59792,61042,63237,10796,55400,276,31538,61611,66799,15338,49524,16475,48746,42027,71579,74678,64533,58510,32697,44584,72882,75076,59821,41693,69306,8646,66680,40884,54159,73730,35702,8541,43554,7814,67257,45579,46121,43280,52602,54922,72539,53631,60790,64098,50673,58453,67219,67744,60677,59859,65302,35282,71271,60815,75611,69416,58861,52896,35418,63026,55820,55507,47071,59205,73400,50502,53850,45242,70439,4471
,,,,,,,,,,,,,,,,,,,,,,,,,,,,,,,,,,,,,,,,,,,,,,,,,,,,,,,,,,,,,,,,,,,,,,,,,,,,,,,,,,,,,,,,,,,,,,,,,,,,24168,33248,73187,60377,61561,40253,1396,63888,60357,60526,29589,59383,49795,62598,74899,33620,66445,60201,73581,56650,74312,58522,68945,73051,58333,44797,65952,29351,64058,69856,40858,62423,25619,53077,72539,72478,51658,57960,61950,9760,54887,55903,67956,1565,54422,64146,51584,8824,74027,64223,64675,55510,48412,62770,65561,63583,71168,34561,54763,41917,52743,52845,613,52052,67287,73675,12307,18281,78070,75742,44760,61929,72083,75979,48125,28153,73370,57377,61534,44968,58113,42417,71060,17636,38977,74087,58077,50480,33425,68662,68925,34278,55431,54531,56203,70174,63076,68290,28022,30550
,,,,,,,,,,,,,,,,,,,,,,,,,,,,,,,,,,,,,,,,,,,,,,,,,,,,,,,,,,,,,,,,,,,,,,,,,,,,,,,,,,,,,,,,,,,,,,,,,,,,64383,19434,63586,73610,17263,22549,72195,58281,67170,24207,70211,44026,73279,60080,76789,73412,53547,20939,33236,8206,65957,58058,52976,60322,49519,11675,63476,65134,41831,346,44260,63778,64853,48630,75000,56575,54575,17240,70981,63096,53518,18131,42784,40692,69182,76722,69507,57791,71564,75005,34558,42012,56118,41398,68133,74614,19463,50265,72579,66108,46627,48547,34377,70141,69930,64187,50529,52125,59058,12303,53009,58452,72182,69037,70488,56111,64227,64596,24997,1103,24226,61370,40148,41165,67487,22225,35139,64058,56422,63047,74474,61949,70552,71904,73263,71809,56617,41631,48863,62653
,,,,,,,,,,,,,,,,,,,,,,,,,,,,,,,,,,,,,,,,,,,,,,,,,,,,,,,,,,,,,,,,,,,,,,,,,,,,,,,,,,,,,,,,,,,,,,,,,,,,68555,73746,65096,71226,55811,47173,68339,34704,73020,60974,22667,69014,9762,1566,4285,940,70889,31446,69581,55255,61987,56052,67842,61424,41477,28513,51190,67840,64447,57037,74857,64867,40135,46310,68060,45284,44172,57059,62634,65601,66365,67460,62767,45140,55000,54650,59181,72936,71389,38426,57383,49726,53736,56466,15556,49708,66728,43614,66316,43345,34538,9680,66270,43450,64544,70063,41291,64061,63739,46571,71639,70424,55893,39881,61930,65258,73728,6262,69134,59311,43328,7504,77273,76736,37467,56897,47495,57455,21258,32492,45077,3175,66875,64859,17554,10685,66152,59773,65880,57074
,,,,,,,,,,,,,,,,,,,,,,,,,,,,,,,,,,,,,,,,,,,,,,,,,,,,,,,,,,,,,,,,,,,,,,,,,,,,,,,,,,,,,,,,,,,,,,,,,,,,34881,579,36567,46637,58968,56623,66314,52982,59237,38152,61311,29047,25270,9760,61142,16748,41005,51903,67990,9242,48029,41745,67245,57963,56416,47066,34678,27951,43740,43071,65241,65940,70564,70490,61074,65415,70244,75639,64565,72159,69664,29771,74217,56734,57561,62187,73763,4815,21608,29690,61511,55006,55802,58235,50232,59557,58167,44042,35312,53527,59040,48696,54430,59928,68881,42035,70651,42252,42640,64255,31015,55913,72295,47694,62382,34133,8317,53051,73041,54335,67582,71824,63717,10935,65054,54002,46064,51420,54479,48164,72112,66194,55815,65760,74466,70189,69397,47435,56838,50835
,,,,,,,,,,,,,,,,,,,,,,,,,,,,,,,,,,,,,,,,,,,,,,,,,,,,,,,,,,,,,,,,,,,,,,,,,,,,,,,,,,,,,,,,,,,,,,,,,,,,58698,62295,52091,32984,69799,60315,74566,71007,68384,8787,40076,44620,72764,57976,32528,30923,32217,68578,36165,20802,34364,38842,68551,22960,75553,62003,72226,67279,60862,63889,77049,67567,63271,10487,44263,53668,68962,69283,71307,32270,57085,63526,29771,66907,48518,701,73929,52499,53368,65008,62715,70647,67538,41880,67750,64496,63600,75517,59439,56538,48231,42850,71502,60630,53614,60429,37709,57783,47999,71166,69128,64838,68337,61192,63239,67149,65770,71262,70458,60437,48266,28890,20183,33479,65372,70160,65950,64983,48899,31301,69878,34075,68301,47143,31542,37547,71554,65649,74677,43633
,,,,,,,,,,,,,,,,,,,,,,,,,,,,,,,,,,,,,,,,,,,,,,,,,,,,,,,,,,,,,,,,,,,,,,,,,,,,,,,,,,,,,,,,,,,,,,,,,,,,39380,63930,63765,26227,50034,50440,51424,20901,73928,66415,49583,45170,59101,62933,49928,68845,44415,44391,49905,51078,72657,14911,73636,70160,16058,54202,73191,8127,60210,47619,70116,62341,73866,67424,70948,50703,56935,534,54844,49295,74553,52955,59024,53401,72719,68295,71375,24186,75685,74986,11968,50770,58894,63757,65350,51369,59221,53841,60257,43627,67156,71455,66704,69399,73342,59994,27500,19714,73147,72043,63366,69450,78263,70823,70068,47232,69561,59091,49691,31235,65962,63641,50831,63441,55950,45265,69345,72819,56084,52055,56943,48684,36215,64133,66998,64869,65800,64391,71573,70690
,,,,,,,,,,,,,,,,,,,,,,,,,,,,,,,,,,,,,,,,,,,,,,,,,,,,,,,,,,,,,,,,,,,,,,,,,,,,,,,,,,,,,,,,,,,,,,,,,,,,55724,26950,46435,34189,25903,22753,71614,38587,73693,10102,36537,54146,67187,60900,53763,41328,59038,65207,71357,57239,53695,63650,59983,29884,66959,61052,49463,60713,24172,52419,46937,57844,64223,65374,59837,51108,75822,53849,59128,15063,58458,67512,71333,76267,68536,60211,52456,58322,65735,47580,60730,63382,73283,39610,51450,62877,75132,33799,37088,55752,71786,52685,52717,58824,67431,73387,70625,73026,27025,53701,70924,62249,39732,49548,74053,39271,73259,58542,53744,38960,71580,58657,67385,8239,68916,62660,64559,62424,48071,16390,51900,63840,54002,38182,62195,23362,61103,57574,53488,56830
,,,,,,,,,,,,,,,,,,,,,,,,,,,,,,,,,,,,,,,,,,,,,,,,,,,,,,,,,,,,,,,,,,,,,,,,,,,,,,,,,,,,,,,,,,,,,,,,,,,,72967,40743,64254,42925,66078,48930,53111,66082,60823,64488,9857,65714,32885,37552,32403,48543,9745,875,68507,8608,49652,31965,66645,25099,58998,17395,73091,72886,52372,38068,52487,52500,46385,43120,71782,73609,63114,15522,16607,30488,59674,44958,73244,28574,44207,42222,57578,58653,48539,30900,69129,54329,51042,23059,71018,75370,68156,71288,74255,72546,73085,72856,71492,71507,25467,43661,1243,549,70289,34149,74280,55923,60252,56793,48558,53866,47065,49206,67678,60270,68233,62883,18018,25693,65360,28077,59363,44667,61138,22373,59957,55827,51811,53533,75275,75905,73743,57737,71758,43871
,,,,,,,,,,,,,,,,,,,,,,,,,,,,,,,,,,,,,,,,,,,,,,,,,,,,,,,,,,,,,,,,,,,,,,,,,,,,,,,,,,,,,,,,,,,,,,,,,,,,68737,64877,69292,72171,62787,66793,60200,206,54004,68586,45207,28346,35411,23615,51731,24906,58890,51490,31570,51023,72781,72814,76729,61407,69833,70890,66160,52900,69569,52780,47057,66026,47836,68568,66305,38448,75812,50102,25224,50571,68491,65365,47053,225,51243,59894,8809,710,69207,38855,50481,37330,58380,63016,63734,49165,21146,69686,71676,41888,60048,47605,52851,8430,47669,634,58233,418,41940,41253,66527,64247,70143,60658,67505,68402,73540,73491,45047,75280,19729,64865,72756,43736,32830,65082,74878,71663,53093,273,58267,11959,64757,57336,74783,71520,39493,60372,65497,41739
,,,,,,,,,,,,,,,,,,,,,,,,,,,,,,,,,,,,,,,,,,,,,,,,,,,,,,,,,,,,,,,,,,,,,,,,,,,,,,,,,,,,,,,,,,,,,,,,,,,,51297,61373,59981,71245,19144,62769,55821,711,65825,45762,55205,63667,42676,35407,69627,55526,65146,550,71281,44419,49316,12630,66650,41064,50928,46266,51803,42115,57428,53894,45142,66789,66210,49243,58881,69792,59452,54198,57218,56591,76659,70879,23587,9083,72544,56012,35487,52823,75077,70777,73550,45174,57780,62703,65894,53383,54232,28560,68787,45299,72847,38188,57823,68394,73752,58592,70347,49586,73135,63955,69358,73947,72960,67306,61682,65839,68719,71230,50261,39985,58126,45379,47595,40176,27710,59881,65527,52136,73261,48070,72470,42059,66130,68641,56973,46041,66856,55977,64998,70573
,,,,,,,,,,,,,,,,,,,,,,,,,,,,,,,,,,,,,,,,,,,,,,,,,,,,,,,,,,,,,,,,,,,,,,,,,,,,,,,,,,,,,,,,,,,,,,,,,,,,69709,19863,53874,21830,59992,62653,8789,8175,17231,27257,72501,19386,44390,31255,70966,57422,35142,40535,54629,1195,70820,54728,55171,56774,43447,66596,53283,68338,54304,15305,57963,22484,32489,60112,42147,31254,61979,2963,67047,70869,47104,8401,63007,51137,39613,44410,45281,28907,67665,73475,74571,72950,55881,56136,65053,34719,65577,50434,60149,27650,66184,75855,51544,28051,60569,35794,69961,71362,58920,58356,49058,51135,66854,73514,19311,8009,62755,67399,68622,42945,50671,31477,63121,63496,61528,52799,48225,70224,73683,65541,59587,35356,39884,53702,69248,37708,30639,52024,56677,46293
,,,,,,,,,,,,,,,,,,,,,,,,,,,,,,,,,,,,,,,,,,,,,,,,,,,,,,,,,,,,,,,,,,,,,,,,,,,,,,,,,,,,,,,,,,,,,,,,,,,,76586,73017,66320,2208,59123,49582,55075,48458,73813,66868,71154,61332,55153,70918,74261,56184,61592,70078,74038,27280,64476,46066,55535,9949,71230,52997,70472,74352,57843,61338,71070,67538,36933,60583,67225,188,38830,62263,63984,56814,70251,59323,27937,56326,43195,28147,72984,57543,60688,43474,20513,15701,73008,58054,67588,58018,60476,56806,43029,43410,35065,60274,65695,8590,66991,65271,73676,53764,75502,74618,59999,64226,49189,53649,59786,39331,47831,47322,60930,40758,68995,60414,44565,16133,35910,38356,73808,64286,24192,57123,32633,44122,71317,19300,31610,36873,60599,26717,55318,30715
,,,,,,,,,,,,,,,,,,,,,,,,,,,,,,,,,,,,,,,,,,,,,,,,,,,,,,,,,,,,,,,,,,,,,,,,,,,,,,,,,,,,,,,,,,,,,,,,,,,,71544,38013,66035,60337,59900,9976,68577,66597,41357,62218,67994,29901,58771,61115,52691,62712,37937,30680,74850,58037,63850,52006,57490,52466,43578,45713,74748,1973,27542,46397,44940,30394,64944,62735,48426,45918,47240,69614,28537,65330,21578,49673,62073,54399,75147,73550,59361,67839,58867,44390,9785,24334,47689,52586,73531,67886,54200,54811,57063,66404,29519,27192,75041,27989,39167,3609,59199,75631,68777,43315,58495,48520,49594,50476,65867,59486,71703,30900,47870,33671,65155,58242,19265,1171,77790,69136,51347,71912,51730,55550,35680,36518,64240,66950,62181,66128,56212,22420,75758,64974
,,,,,,,,,,,,,,,,,,,,,,,,,,,,,,,,,,,,,,,,,,,,,,,,,,,,,,,,,,,,,,,,,,,,,,,,,,,,,,,,,,,,,,,,,,,,,,,,,,,,57006,64031,33289,45430,58883,58714,55351,61813,70429,48949,55541,1324,73092,71727,73762,74081,8100,17874,65744,54911,66711,63050,35547,47161,48333,56198,38883,35602,73375,70863,69443,71873,57719,46717,66334,73829,68210,45123,58889,42901,72551,74158,57868,71944,59802,43526,49088,76201,49205,34555,61193,56906,73739,34345,62684,59643,53411,58542,44874,26829,32561,73903,48090,45409,74913,45352,60278,34362,67737,49130,74149,70156,64159,14457,68852,34055,49103,7842,28222,49827,9335,3949,71807,69018,66763,61920,47196,756,47708,30951,64517,69979,62579,61100,66834,35953,36276,49036,68103,42697
,,,,,,,,,,,,,,,,,,,,,,,,,,,,,,,,,,,,,,,,,,,,,,,,,,,,,,,,,,,,,,,,,,,,,,,,,,,,,,,,,,,,,,,,,,,,,,,,,,,,69325,68268,49006,73805,30822,29586,27301,41807,54063,50895,44029,41600,39226,66903,30943,39979,75388,62370,71719,49620,74299,66818,56227,61354,38079,28103,75145,58852,64696,62676,58042,53231,36765,29742,62263,26480,17687,43671,74499,32437,1293,757,67662,73062,68037,74843,64177,36092,62753,65332,66961,42054,49841,39512,73543,53577,59081,60713,34444,13500,67751,28159,35482,22897,73657,67905,72937,68348,58672,45196,73959,65792,64798,51570,37233,47171,59922,30733,73631,61910,44632,335,35598,40222,14036,27665,63889,50824,41324,64621,66909,47900,55802,15863,65171,35745,71268,34699,70247,69816
,,,,,,,,,,,,,,,,,,,,,,,,,,,,,,,,,,,,,,,,,,,,,,,,,,,,,,,,,,,,,,,,,,,,,,,,,,,,,,,,,,,,,,,,,,,,,,,,,,,,38131,28845,71720,76113,70449,74507,24778,36617,47957,47321,1470,29878,70859,72720,71069,74918,22287,42479,58411,64825,70664,47664,65714,42019,33212,1237,62652,51246,53560,19644,59164,69507,62056,9387,64347,70508,341,724,61879,67403,67779,50176,59121,61286,49280,42478,75497,75751,69669,44811,65778,33874,71222,42595,63046,35218,66815,33530,52438,31642,71583,74469,38070,28334,57831,64017,913,518,53465,66428,65074,30482,70188,70187,61780,12338,41201,29301,73818,57700,71480,58089,70614,8285,73357,75505,73322,40423,46212,20601,59050,60064,74462,65258,71101,74134,53077,60202,18809,10963
,,,,,,,,,,,,,,,,,,,,,,,,,,,,,,,,,,,,,,,,,,,,,,,,,,,,,,,,,,,,,,,,,,,,,,,,,,,,,,,,,,,,,,,,,,,,,,,,,,,,74542,47442,69505,4611,73735,68616,36023,35351,65445,74009,72859,69827,31889,42431,58104,60953,57373,50323,71140,11446,63615,24575,61381,72090,44144,44299,22919,7922,67533,67285,19102,44624,69519,74456,69716,70286,55804,58985,42433,50415,67299,75305,73479,70181,74163,73589,63545,19561,68240,43809,61505,15551,73029,71116,73644,66882,73075,65996,71576,64800,55068,42909,72799,70127,41331,57030,67236,49751,36078,31222,28161,45919,69509,70309,64833,66776,57446,57613,55577,41419,73973,73871,61358,37788,63928,62088,19243,49728,45810,26243,71401,57896,57920,25046,61928,71276,30398,69116,50470,69563
,,,,,,,,,,,,,,,,,,,,,,,,,,,,,,,,,,,,,,,,,,,,,,,,,,,,,,,,,,,,,,,,,,,,,,,,,,,,,,,,,,,,,,,,,,,,,,,,,,,,56379,69380,51249,40547,61792,20226,69521,72982,60690,77594,75030,73491,58893,10315,63023,70454,42688,67091,49435,68617,51111,38971,62602,69031,60750,41742,66514,52047,56982,45367,74104,43447,72072,11179,58235,38191,63048,69760,30027,66783,73265,74917,64385,55685,53627,31042,70586,54133,72350,66300,76312,70202,70229,68312,23465,69581,71935,75206,69138,40500,45031,30123,39055,8928,17635,521,72903,65766,72857,69812,64538,74391,69875,11234,39926,39360,65372,64530,74448,45636,63292,61254,23302,70131,69124,52415,55405,40935,39215,46055,34430,64595,70982,53265,44447,63360,44614,46903,54829,8662
,,,,,,,,,,,,,,,,,,,,,,,,,,,,,,,,,,,,,,,,,,,,,,,,,,,,,,,,,,,,,,,,,,,,,,,,,,,,,,,,,,,,,,,,,,,,,,,,,,,,76555,60273,48904,29575,62909,642,35935,2196,30449,303,68400,60733,73063,23127,70896,65699,48570,43637,39296,55211,59712,50304,65496,56340,58870,42803,68836,937,68678,64900,60229,18938,69439,54280,59734,76994,47062,71170,73237,74057,61116,16165,74016,31649,72650,49053,75499,60241,55245,57754,45505,47303,65560,24837,67729,62890,20698,66426,75529,42911,66410,55891,36037,37378,72625,65984,65289,52121,63162,25792,71266,60187,60058,60849,14788,65919,49513,16167,66805,64003,65064,47700,32209,56875,68514,53421,72980,63558,70575,24985,74371,34592,8765,24378,43007,1181,67041,65612,54354,53972
,,,,,,,,,,,,,,,,,,,,,,,,,,,,,,,,,,,,,,,,,,,,,,,,,,,,,,,,,,,,,,,,,,,,,,,,,,,,,,,,,,,,,,,,,,,,,,,,,,,,60991,61911,69251,42157,67524,68121,31162,17084,53736,42365,799,5173,58897,62895,47856,66499,26971,30562,74906,61738,71848,55260,71119,70042,74155,63583,25183,9064,69368,69528,42998,42353,71019,44211,40810,62083,70547,31643,46830,23028,66439,56629,53538,10917,68009,67491,70529,73202,75282,39935,51455,50476,60257,47235,59153,34169,75982,76189,68847,67850,65974,61235,59099,54623,66020,32124,60844,17036,71182,70115,43482,9112,69966,70100,28628,39845,67294,18206,17401,8926,179,25949,51825,28005,42149,33746,69481,69221,61993,60152,67465,54871,71088,13433,72044,74427,59545,63437,36472,29775
,,,,,,,,,,,,,,,,,,,,,,,,,,,,,,,,,,,,,,,,,,,,,,,,,,,,,,,,,,,,,,,,,,,,,,,,,,,,,,,,,,,,,,,,,,,,,,,,,,,,59536,64661,51567,42621,32558,61905,44181,36958,61347,1964,71958,31724,65202,22367,49905,50963,58599,43782,54130,55370,15346,19190,46419,69663,52357,26284,57675,60751,71720,39645,73938,72688,50553,63991,68468,36318,49945,38301,57057,552,75092,62355,62004,66676,69690,69624,59618,58396,40494,40523,71186,63758,63442,22589,66958,49662,68934,42078,29962,48823,36390,614,60441,56595,70673,42201,65944,70177,69682,54998,73473,66112,41421,31588,62269,62680,62035,52746,9602,70693,69340,13656,73246,72708,56034,38703,61566,56755,68106,1474,32937,8595,70681,68130,66756,52210,53805,24966,60519,61277
,,,,,,,,,,,,,,,,,,,,,,,,,,,,,,,,,,,,,,,,,,,,,,,,,,,,,,,,,,,,,,,,,,,,,,,,,,,,,,,,,,,,,,,,,,,,,,,,,,,,57718,62341,75727,63198,64930,65530,68300,68551,71685,74057,49737,1237,76283,68669,29053,63978,48098,55562,73731,74308,19520,52700,62352,64415,59798,49071,44662,41870,70346,64950,39425,30929,63499,67140,37467,65931,16951,645,76193,67961,44017,68347,28817,55919,64082,48526,72235,56007,40636,63056,66231,66985,70792,59292,50619,50377,60308,47015,37990,41638,50216,60949,12380,6771,40589,66950,67062,751,56193,68739,61263,36911,69184,57596,51710,53370,69049,59441,58987,59165,68264,72208,67201,62716,52157,31725,66298,39276,73479,78229,21057,734,47018,32059,55622,36087,75104,71555,53242,40680
,,,,,,,,,,,,,,,,,,,,,,,,,,,,,,,,,,,,,,,,,,,,,,,,,,,,,,,,,,,,,,,,,,,,,,,,,,,,,,,,,,,,,,,,,,,,,,,,,,,,39956,44717,37739,57839,31952,444,57632,41698,52920,61791,51355,39315,18011,55336,12387,7309,67347,66172,39684,31737,72273,74540,72552,55263,33430,516,70178,65649,50647,198,66556,72897,64349,55091,53817,25541,72760,77047,51698,23594,50534,36840,46195,62477,71522,71488,28324,54527,60407,48463,66172,70315,60825,61690,68952,70871,69560,63377,16142,28724,54279,39058,67589,46171,68803,25453,72488,75269,66875,74412,64652,58533,74095,53187,69019,55970,69817,70231,69543,9652,71975,41683,54827,1038,68152,74684,72044,65929,74368,72446,70502,45485,61253,57648,53538,70322,72915,70851,67497,43741
,,,,,,,,,,,,,,,,,,,,,,,,,,,,,,,,,,,,,,,,,,,,,,,,,,,,,,,,,,,,,,,,,,,,,,,,,,,,,,,,,,,,,,,,,,,,,,,,,,,,65751,45466,62759,47361,64932,61871,73219,56528,48158,42571,73238,73287,49277,72599,68968,55865,74318,70924,54186,54059,36946,7951,69002,47072,51529,53460,43256,64608,49916,61483,66232,63228,73850,75389,16751,26840,32811,50611,70675,62524,48677,58314,71919,70847,45718,40371,35950,48644,74280,50964,34644,41722,71890,73702,68030,79290,67140,74773,72844,42477,64897,52709,66692,66146,49623,31493,34944,40873,69781,56198,65448,75950,69438,51272,48879,7697,49908,50255,67076,37138,76293,70660,60617,58382,75440,72779,72929,74358,582,30519,74975,67859,42721,15261,46586,44766,17187,37145,41940,52550
,,,,,,,,,,,,,,,,,,,,,,,,,,,,,,,,,,,,,,,,,,,,,,,,,,,,,,,,,,,,,,,,,,,,,,,,,,,,,,,,,,,,,,,,,,,,,,,,,,,,62469,40201,57142,67486,55485,62361,54323,54729,56824,57692,49530,21294,62717,30398,70773,68562,9886,36211,62668,67963,73950,69246,72921,66532,71582,55797,30605,63947,73714,73556,57362,49930,64776,1017,45089,56806,68659,71290,67248,45380,72135,70913,66668,65949,72861,54573,68250,74500,71715,75504,66129,52981,64322,29753,71148,72569,32041,43565,41422,43773,58163,1684,69277,38311,33354,48702,71161,37493,59279,25871,54728,55867,72850,69475,23985,15965,67656,71493,74397,33796,72110,57671,46701,55308,63590,623,37496,25749,65694,73932,68191,32001,71074,67576,60982,53351,62125,3519,46926,13363
,,,,,,,,,,,,,,,,,,,,,,,,,,,,,,,,,,,,,,,,,,,,,,,,,,,,,,,,,,,,,,,,,,,,,,,,,,,,,,,,,,,,,,,,,,,,,,,,,,,,58294,42240,59026,14633,64855,65348,50636,23774,31009,16051,71257,38696,57124,19272,50617,61067,66997,50703,73878,65481,71934,59722,59850,61033,73799,49779,56157,65457,57677,10307,61028,42077,57121,8819,69039,59278,68103,56542,72840,71046,70552,62028,75160,36234,68927,74314,44779,44179,70428,75215,29537,55354,74460,24371,70421,43813,35274,36485,65442,39308,62143,7709,56838,48493,59978,40139,72922,70602,63292,8691,56520,42410,64832,38278,59382,1225,50676,48543,52648,33420,73807,64696,64931,57909,71741,34670,55294,63252,65663,65238,31853,65064,71737,68032,58837,60244,64628,36341,68714,9755
,,,,,,,,,,,,,,,,,,,,,,,,,,,,,,,,,,,,,,,,,,,,,,,,,,,,,,,,,,,,,,,,,,,,,,,,,,,,,,,,,,,,,,,,,,,,,,,,,,,,71119,70076,17114,67322,38662,8486,41834,48966,57605,1032,77440,70679,64209,43789,72185,68861,71461,66163,28961,8597,53021,55267,61622,68872,70411,72435,56957,32972,68166,35760,62292,37068,39245,280,69378,16953,54010,63552,64264,58651,45130,50741,75101,74738,64247,34368,25269,38728,73076,66653,52543,57231,32024,31081,67344,67805,60801,19527,49902,50247,72770,68420,46072,23733,61433,43063,68814,66237,58284,50867,25531,13204,50073,31690,54949,1086,68502,27872,49064,44344,33458,66075,70184,69863,39380,49471,66248,46584,60210,45631,27167,56187,66047,16622,63140,31503,76248,74550,37391,100
,,,,,,,,,,,,,,,,,,,,,,,,,,,,,,,,,,,,,,,,,,,,,,,,,,,,,,,,,,,,,,,,,,,,,,,,,,,,,,,,,,,,,,,,,,,,,,,,,,,,9401,7816,74205,33717,68632,51645,19048,73790,61983,63937,73499,33453,62033,59417,57433,48674,72139,74258,64767,13522,39445,47617,70889,70244,59859,58948,72715,73598,71977,68743,39809,57089,63701,76344,55040,29921,69445,12404,44953,35885,48158,50533,63575,19457,36697,40428,67590,72132,59130,44670,63272,61879,68835,64567,61092,69462,58165,52176,40201,25852,65979,22803,49150,44868,70351,68053,35197,35932,28608,30281,47998,43513,58923,55833,61983,35920,59767,34734,50133,217,60815,75364,56526,62233,65694,47406,73854,41656,48557,68830,49318,900,66689,75651,53438,59263,57768,61249,59241,43668
,,,,,,,,,,,,,,,,,,,,,,,,,,,,,,,,,,,,,,,,,,,,,,,,,,,,,,,,,,,,,,,,,,,,,,,,,,,,,,,,,,,,,,,,,,,,,,,,,,,,70302,63853,66210,1117,17529,7486,58814,59002,72520,63950,74199,43283,70067,70053,42487,41506,76605,60114,42167,57932,73461,75591,68752,71597,44501,42465,71639,65622,666,37695,70533,23631,55683,48118,69516,54915,61469,56379,49143,1035,74508,67207,13175,71041,40864,58478,68606,44706,48657,67673,69911,72322,45104,61867,48537,36774,51478,62829,70674,72617,63015,66078,51433,722,73340,32928,42090,46071,63924,43142,53968,2674,37954,10049,64962,59785,69060,70853,60571,60478,60112,52705,58933,62709,60528,57589,73429,11554,58010,11938,53732,49410,68434,43414,75827,71663,73650,70206,8364,11850
,,,,,,,,,,,,,,,,,,,,,,,,,,,,,,,,,,,,,,,,,,,,,,,,,,,,,,,,,,,,,,,,,,,,,,,,,,,,,,,,,,,,,,,,,,,,,,,,,,,,68934,11836,73715,45129,67882,52081,65699,59433,43451,20981,47755,36825,73642,53724,70365,43206,72435,53321,51470,41985,59049,59979,46387,49597,75962,68418,52233,47557,61491,47624,45624,43233,74716,64298,47311,26675,35502,24874,61223,61454,44378,11656,19773,45634,41543,33061,70901,70079,72043,63275,71738,56687,40331,58849,48023,28441,72082,51516,43331,51116,52237,27759,69714,4133,68335,16257,71764,48766,58252,67672,55062,71344,72870,54132,55001,46376,65607,69593,67414,45047,74060,36831,39405,54570,60095,51431,46295,59334,73000,57339,60012,52505,73686,57995,46324,30120,67987,45937,60319,51028
,,,,,,,,,,,,,,,,,,,,,,,,,,,,,,,,,,,,,,,,,,,,,,,,,,,,,,,,,,,,,,,,,,,,,,,,,,,,,,,,,,,,,,,,,,,,,,,,,,,,58424,54900,73878,75353,72044,57692,69626,60639,34997,60735,54447,50255,70215,77135,58475,37665,66157,2609,69736,72898,43578,54686,55690,8245,55703,42142,64850,73479,24192,51242,69867,33758,65973,56537,61739,62874,8354,12821,53307,69195,69304,75554,68208,51774,63573,20327,62594,1101,55041,702,67672,62438,62924,34280,77774,65702,77274,61767,70747,70913,7281,67425,75797,71384,38960,48891,58220,73171,72901,36117,17752,27819,73728,17364,68186,60296,65771,19223,75309,68002,42129,32257,62162,15214,72892,43207,20304,62012,55565,50639,62238,51866,62981,55664,59595,59113,15804,9412,74732,70490
,,,,,,,,,,,,,,,,,,,,,,,,,,,,,,,,,,,,,,,,,,,,,,,,,,,,,,,,,,,,,,,,,,,,,,,,,,,,,,,,,,,,,,,,,,,,,,,,,,,,68843,70613,67237,37966,70508,62399,67274,38204,59216,37736,69947,68716,47788,18184,65603,18964,54122,60756,50380,56724,35243,70300,64536,34820,42041,32764,72151,69701,63430,54388,74245,53002,71139,72614,59725,48101,68991,57863,46632,71315,30483,74488,59570,58109,70900,40915,49448,12026,71898,41230,75831,68709,64556,51818,43216,416,45483,17268,58545,63497,13310,654,68220,50341,38051,30717,66547,55375,71389,31017,69450,66918,47865,49044,61650,735,3013,2839,58936,32382,63628,70929,58971,49971,50687,64379,40881,19080,39380,30751,37569,56787,58986,58814,40957,54815,51844,25887,60310,51643
,,,,,,,,,,,,,,,,,,,,,,,,,,,,,,,,,,,,,,,,,,,,,,,,,,,,,,,,,,,,,,,,,,,,,,,,,,,,,,,,,,,,,,,,,,,,,,,,,,,,44125,41764,60469,54034,63585,49602,64750,36867,68676,70122,41176,29162,61819,45553,63675,68460,38808,64439,52593,43314,47433,19316,11885,195,57944,25750,60657,69280,57199,51202,70391,59118,58822,62453,71828,1559,42328,2106,33773,64593,47680,9938,75353,74660,61894,45527,69180,59041,64928,41682,73043,48592,68425,58291,59983,9018,64391,60922,57848,70734,37897,58807,51203,40882,40528,28496,64514,66752,65140,68668,42914,55697,31216,72883,72386,65918,71978,61556,68311,75666,13965,23957,53082,74000,73630,51042,69972,52290,63720,20299,72584,37964,69756,40766,58398,24114,24181,53089,70358,50914
,,,,,,,,,,,,,,,,,,,,,,,,,,,,,,,,,,,,,,,,,,,,,,,,,,,,,,,,,,,,,,,,,,,,,,,,,,,,,,,,,,,,,,,,,,,,,,,,,,,,58338,70949,35660,51877,55706,29680,45802,38439,65634,52636,38499,31626,73699,71957,63584,59077,45541,55862,44705,49396,75182,29062,38865,68216,71925,46638,67522,47627,73611,57467,13048,70293,69503,21212,34539,71434,49310,60655,72043,60772,73184,28883,47407,67699,40800,56921,61311,67281,67159,11322,65973,72934,45018,40394,17996,1163,74192,72261,67657,67684,22513,24271,70233,51535,28392,38217,62633,57461,60384,65870,25613,17200,64996,30212,48605,48656,70640,69704,20173,1061,67653,68675,71697,31342,49269,49517,46745,59875,47245,11685,74251,35640,70569,36396,56831,1520,73146,63689,68383,67581
,,,,,,,,,,,,,,,,,,,,,,,,,,,,,,,,,,,,,,,,,,,,,,,,,,,,,,,,,,,,,,,,,,,,,,,,,,,,,,,,,,,,,,,,,,,,,,,,,,,,67838,66410,24323,1131,71240,75307,62260,57652,72187,77501,75899,70194,65539,44789,31444,13221,72860,69719,50127,44637,64005,50124,61797,38864,68776,45751,68492,60999,67554,52525,55071,45705,53174,29869,73990,64292,65340,3758,68757,73780,73421,61525,49088,71167,38118,49930,8304,46995,61538,60457,68260,73693,70810,64938,67286,46583,63616,49444,74087,63784,1065,1212,47028,67474,55944,55803,68068,31577,50893,60127,57460,66047,40755,55238,48030,66945,61982,61104,66154,41899,62091,23661,71338,63641,69273,59550,33393,32360,65094,43232,68643,64337,41678,41301,70190,72293,55214,53228,68942,46800
,,,,,,,,,,,,,,,,,,,,,,,,,,,,,,,,,,,,,,,,,,,,,,,,,,,,,,,,,,,,,,,,,,,,,,,,,,,,,,,,,,,,,,,,,,,,,,,,,,,,58711,59116,74568,61028,72521,35896,74814,71562,69383,50434,3856,18415,64706,15927,61033,51454,51514,64368,76597,60608,35638,61289,68262,65239,54485,62502,76242,71844,58941,65970,58660,51108,67728,44774,64844,63135,69181,29823,70252,76084,73011,72265,12664,49997,70391,29058,68045,70992,62210,69326,50872,55963,66153,44540,70570,73053,63865,60314,72186,52594,65267,71626,69982,70741,71817,43016,22331,36746,70907,58620,58476,19972,42932,41760,27580,56963,50940,928,63522,65522,73781,66301,57910,44406,41333,39656,76679,65478,47730,53982,59812,54750,24897,1520,56325,40213,68193,53208,65903,59454
,,,,,,,,,,,,,,,,,,,,,,,,,,,,,,,,,,,,,,,,,,,,,,,,,,,,,,,,,,,,,,,,,,,,,,,,,,,,,,,,,,,,,,,,,,,,,,,,,,,,62117,62029,40254,72205,70604,64363,67333,51642,55892,53818,44813,58831,73813,63206,61210,30437,61453,31195,74428,33140,51540,55409,36999,27328,58323,54692,46143,68290,54368,51370,45798,51582,75256,71634,27173,11599,40847,23139,53190,61646,50991,40352,62005,41294,68310,76884,46986,68471,69071,53936,48126,45554,1826,44675,48886,21530,75048,66690,73757,59062,73179,53666,75010,75056,12197,49749,70927,35085,68810,58757,74486,14840,56646,62405,69858,50033,63194,63187,38273,16440,69156,35867,67478,53658,49864,61055,56855,61234,73371,74727,64818,69443,53808,52405,74794,74290,72682,66553,67392,69926
,,,,,,,,,,,,,,,,,,,,,,,,,,,,,,,,,,,,,,,,,,,,,,,,,,,,,,,,,,,,,,,,,,,,,,,,,,,,,,,,,,,,,,,,,,,,,,,,,,,,69305,63392,48936,51129,65144,3238,32028,3165,26009,19550,70588,54293,67716,70130,61711,66350,78095,73322,55052,68000,57347,69210,67806,67634,56316,69665,58926,66083,61922,58547,66425,69596,57202,50844,64261,68353,75451,57762,62811,65607,66195,49786,65197,42651,14447,2829,62840,30226,67845,35580,73942,33462,33451,56481,59664,40775,59799,60992,72096,28091,74950,65020,54826,47527,24930,60868,73479,54501,60073,9142,62847,62880,73322,74297,71031,52523,70581,17379,48025,24857,69526,62649,71410,33425,68168,51253,71689,51685,43256,50414,73435,65074,60810,1869,59140,9499,32147,56472,62016,61743
,,,,,,,,,,,,,,,,,,,,,,,,,,,,,,,,,,,,,,,,,,,,,,,,,,,,,,,,,,,,,,,,,,,,,,,,,,,,,,,,,,,,,,,,,,,,,,,,,,,,60419,67624,69514,73649,19913,60315,66350,2209,74538,68516,42994,55126,75472,61815,40672,57912,64009,61025,57839,20453,73596,54208,64809,62988,66534,70139,66869,62483,69879,69823,65569,61582,71353,29031,42916,62763,26264,27001,60848,69412,67350,11591,64978,50136,75162,70805,20366,26215,69543,37791,56592,68884,69147,72907,74183,17631,38770,59968,67114,70766,72065,31119,69918,74920,26978,13551,74040,65188,65247,24115,49381,52880,66135,64338,66826,38771,9021,11035,41309,30155,66056,60954,52110,45113,34547,38961,54541,68255,65629,62243,68191,61905,70048,71579,73236,40084,61773,62749,59276,8677
,,,,,,,,,,,,,,,,,,,,,,,,,,,,,,,,,,,,,,,,,,,,,,,,,,,,,,,,,,,,,,,,,,,,,,,,,,,,,,,,,,,,,,,,,,,,,,,,,,,,64398,32977,61733,43578,73160,30155,66901,30498,65263,72867,73875,64502,74258,69900,72413,56557,71612,45786,57228,41897,72591,68311,71249,62005,54568,37428,31733,68460,72393,63311,62304,28582,74223,63672,64358,17665,54095,2263,56806,62932,70570,67656,53678,45620,56432,13130,70785,64485,736,770,10018,1432,66304,66209,34031,48522,37110,31951,45806,45500,64859,66510,54641,45998,69025,73555,58613,69717,73591,53764,31072,53091,75859,69283,73379,28173,57474,59618,68431,44973,41064,31353,55840,58912,72256,60114,57404,53979,70589,45830,45190,24342,68736,61149,67630,57350,40089,50265,52074,58587
,,,,,,,,,,,,,,,,,,,,,,,,,,,,,,,,,,,,,,,,,,,,,,,,,,,,,,,,,,,,,,,,,,,,,,,,,,,,,,,,,,,,,,,,,,,,,,,,,,,,66396,68266,63170,71335,31979,35799,66299,67828,63094,31954,37569,73683,45009,62280,59278,49474,60045,63509,10920,11609,72267,73212,47345,48639,43035,40848,66852,59577,58286,42765,63931,56820,57085,42928,21411,50377,69019,27046,73231,29452,65857,65015,72384,51547,74989,40686,70694,68616,73320,39013,63512,73405,73663,71249,28968,54859,70756,41437,58006,46705,66469,74668,69413,59782,77269,41010,55611,44699,74781,9593,72332,61635,69341,41645,27271,60860,64539,8078,53006,30438,66709,39132,53984,48255,69953,58346,42456,29455,15417,38098,72045,66627,73542,67927,41431,28760,71284,74773,60293,46923
,,,,,,,,,,,,,,,,,,,,,,,,,,,,,,,,,,,,,,,,,,,,,,,,,,,,,,,,,,,,,,,,,,,,,,,,,,,,,,,,,,,,,,,,,,,,,,,,,,,,34243,69393,29714,70491,39339,36311,60344,49706,71071,70351,68265,28634,68702,62895,62354,68968,68373,70478,59034,11776,55278,55875,56672,35585,65967,65570,53970,46409,66531,43195,66301,63027,68240,60435,62281,64387,1440,1999,78154,71706,70580,67211,75324,51611,60275,29952,71873,49317,63483,19295,67181,45157,29007,65530,51270,43569,36862,36852,47322,43645,34269,63513,36196,32732,44002,66674,48244,73036,75177,72575,49043,48523,59411,53690,70667,71904,51939,63624,69929,39503,62911,68055,65553,52078,76627,53814,48557,41721,70865,57790,44233,56305,68329,3258,689,19285,63968,75566,44193,47060
,,,,,,,,,,,,,,,,,,,,,,,,,,,,,,,,,,,,,,,,,,,,,,,,,,,,,,,,,,,,,,,,,,,,,,,,,,,,,,,,,,,,,,,,,,,,,,,,,,,,67058,34419,71381,66288,68079,69890,70834,19933,66405,63385,70907,67733,38950,57660,60113,69675,72706,20778,65095,31932,44739,43317,65800,45446,62427,61117,38096,893,25765,37330,68491,57331,48594,50251,71762,60673,6858,3064,58965,40148,8185,50144,70329,43329,31551,10539,38378,24420,76474,57732,50100,77680,76336,71957,66921,48433,66325,57669,30082,25231,72909,58379,64304,65142,68701,60391,26619,1557,68669,53187,38939,44505,11617,515,73554,75308,77512,73656,45937,46409,30992,44961,61823,59671,63366,72374,46924,26287,42017,53417,33189,1512,34199,42099,62948,57822,72639,70452,65387,34157
,,,,,,,,,,,,,,,,,,,,,,,,,,,,,,,,,,,,,,,,,,,,,,,,,,,,,,,,,,,,,,,,,,,,,,,,,,,,,,,,,,,,,,,,,,,,,,,,,,,,39716,63018,62421,56893,54684,56443,51345,8719,75216,48963,40671,43662,57109,64131,71943,40231,67855,71323,40864,19424,64750,496,71533,67757,39695,57716,49547,69568,36967,16622,66456,63413,67144,68473,72923,59685,56013,57758,52491,61468,66744,59577,61153,30946,57122,21487,62533,68679,42819,47907,70580,64921,59996,36901,10334,45117,59197,53067,35585,8816,60988,75161,22870,30518,27651,53602,71060,67442,49591,43967,49481,63821,45053,51090,62771,9116,36725,34369,75009,60252,69403,64869,30006,35600,53742,63715,58706,43522,72012,25875,58403,70441,55001,47688,53821,51550,72181,53453,57725,76490
,,,,,,,,,,,,,,,,,,,,,,,,,,,,,,,,,,,,,,,,,,,,,,,,,,,,,,,,,,,,,,,,,,,,,,,,,,,,,,,,,,,,,,,,,,,,,,,,,,,,76190,73709,68894,70406,50876,46172,63846,67229,51979,72803,54845,57208,71768,42749,65737,72872,58531,63069,60439,50066,34058,4613,59617,68930,66356,10281,52318,69704,10669,72175,52956,69704,67308,71190,47610,55649,71241,41343,71890,42668,40909,69013,42546,28362,22016,31706,55177,50613,75646,72073,48005,51841,65433,44622,65115,29924,72245,76123,69077,1632,31018,43557,68664,55485,57983,485,66275,71866,60751,74125,40117,58758,65714,61120,59289,49587,68815,57968,27920,9795,68109,66915,68606,72371,60368,35981,38329,18898,75551,68516,74309,71981,20703,35539,70489,29623,71229,71154,48194,61117
,,,,,,,,,,,,,,,,,,,,,,,,,,,,,,,,,,,,,,,,,,,,,,,,,,,,,,,,,,,,,,,,,,,,,,,,,,,,,,,,,,,,,,,,,,,,,,,,,,,,48107,44114,34377,60606,69941,72323,64602,62366,65710,70108,58326,56836,58582,29083,14817,2070,41102,56988,50389,50751,47203,26379,75418,68282,39188,40601,70415,47781,45469,48924,61522,68807,68565,55573,71160,41167,32150,60138,73100,47018,49446,57839,8135,23488,75724,66428,67104,74579,68857,58878,38470,62735,72807,45581,56080,9992,55966,51688,75564,59950,62900,72282,55473,44380,61389,398,43027,1588,48853,61939,74257,66270,62040,63772,35214,39227,59063,72367,76082,69167,20330,27031,67193,32512,60924,43383,66639,59386,58639,61455,67132,44282,53108,51943,50340,66765,74547,76807,73714,33689
,,,,,,,,,,,,,,,,,,,,,,,,,,,,,,,,,,,,,,,,,,,,,,,,,,,,,,,,,,,,,,,,,,,,,,,,,,,,,,,,,,,,,,,,,,,,,,,,,,,,69579,30243,74417,67953,72943,63548,62764,53361,59667,1077,65835,23295,57784,63048,47041,56395,62839,56341,58814,72014,59906,76108,66472,73864,48530,65623,34751,19836,37066,25644,72748,24639,22730,43139,71671,72981,61394,55567,36911,43801,66875,52246,55267,54264,73439,49024,76459,59058,65699,64769,72827,66287,68137,67464,23959,68513,48513,68816,18293,20977,75957,68968,72254,72817,50854,37214,43667,45948,53142,40204,40963,33732,39422,53054,71894,66863,34991,46131,57347,51398,51325,71230,73797,22225,47543,48370,56104,38900,35527,38233,38993,22046,72518,74512,72783,61700,33044,58458,76201,71048
,,,,,,,,,,,,,,,,,,,,,,,,,,,,,,,,,,,,,,,,,,,,,,,,,,,,,,,,,,,,,,,,,,,,,,,,,,,,,,,,,,,,,,,,,,,,,,,,,,,,41219,63646,60079,57478,55181,30614,1729,447,66762,70035,75122,75160,56845,34302,67976,53621,58974,54535,71243,57246,74380,75348,75241,36966,20704,10116,36079,30919,73753,71436,70557,38929,58824,37684,48783,51266,38756,40091,47817,48373,29925,149,44481,67545,52897,51359,69897,61193,72664,54919,70785,27778,72773,48927,69650,63063,54662,45949,71642,68777,31628,4893,4717,1756,43979,37655,47621,46413,43823,36262,71854,60185,32420,49297,24907,9142,67917,69544,59105,227,53298,68327,74646,66812,47771,64549,61318,355,65430,73523,68875,49869,38331,61226,65025,152,58779,57001,71259,50482
,,,,,,,,,,,,,,,,,,,,,,,,,,,,,,,,,,,,,,,,,,,,,,,,,,,,,,,,,,,,,,,,,,,,,,,,,,,,,,,,,,,,,,,,,,,,,,,,,,,,53321,23125,39659,40439,69767,56762,70842,71188,38714,50527,25696,68913,69109,53732,53257,45748,60372,17735,72731,73363,65162,65569,67075,61505,64724,61079,72710,69497,51184,42978,63160,47696,34425,49918,69489,43976,62193,52011,69445,67196,48606,410,65269,73325,38270,66504,24005,46691,63134,67444,68852,71693,72408,42216,64292,31535,70788,59938,73960,69653,57111,68075,27932,32593,70878,73135,68405,19950,69309,70620,60542,12999,68756,71715,57653,61689,67416,57589,61650,45708,60911,68772,46740,42092,64374,74455,72123,72059,67611,24095,57495,44320,58646,57277,64998,59057,69557,42614,53765,67411
,,,,,,,,,,,,,,,,,,,,,,,,,,,,,,,,,,,,,,,,,,,,,,,,,,,,,,,,,,,,,,,,,,,,,,,,,,,,,,,,,,,,,,,,,,,,,,,,,,,,65356,61776,51802,56995,63028,58704,68797,56723,66226,69961,65470,12113,47677,59443,67321,72150,66332,66089,52505,9336,36915,42520,70380,34536,70739,66017,61950,62686,15201,51396,58309,32713,40542,623,43920,392,64292,36761,71223,73657,68020,31825,36268,39510,38460,9733,74986,57638,45058,52437,1120,1458,57735,37663,58730,347,50597,34819,65355,68507,32048,31801,48332,13588,70948,54112,66170,68547,31929,47521,74884,74692,45057,58170,59582,31725,4014,4558,45205,2303,50710,53989,61741,60054,72430,70837,12765,14184,64703,1985,73622,43508,71300,57830,61673,51219,71243,1395,60994,65041
,,,,,,,,,,,,,,,,,,,,,,,,,,,,,,,,,,,,,,,,,,,,,,,,,,,,,,,,,,,,,,,,,,,,,,,,,,,,,,,,,,,,,,,,,,,,,,,,,,,,59974,36780,62959,52225,63983,65415,69826,70942,74005,75804,71415,72614,71715,50273,54475,10450,73533,56469,60576,55337,44722,52601,67670,65980,71756,63213,68680,61851,57242,1622,71578,20778,70842,66735,71012,18957,63717,60558,46218,57634,74332,55927,57366,68213,54430,4086,65192,61264,61643,56248,59635,54979,59196,60866,39908,57862,19233,60695,65717,37107,48990,26854,44335,56195,68877,23435,77081,69440,69230,65976,63337,55876,74638,72099,73711,58353,70755,44714,62615,51673,54783,23679,37945,30270,63301,72374,35223,30678,72746,63923,59677,67608,73024,59898,67366,26119,68420,66158,64958,72907
,,,,,,,,,,,,,,,,,,,,,,,,,,,,,,,,,,,,,,,,,,,,,,,,,,,,,,,,,,,,,,,,,,,,,,,,,,,,,,,,,,,,,,,,,,,,,,,,,,,,47294,52417,74833,74114,52182,52364,9476,9996,52045,32465,54619,71233,51382,49841,65769,72425,65216,62419,61910,32295,69778,65442,37608,46291,51545,42338,64558,68974,69085,65844,71333,56565,61394,49337,74471,52461,71698,64718,65891,67137,71442,63069,70710,51570,75612,71473,63569,44716,56369,38210,60669,69278,65840,35547,65486,73855,50104,58722,48918,69175,65531,30990,70052,67186,58154,38021,70863,2640,60118,67469,73146,62280,66864,54886,51659,59809,56687,42894,72910,73827,61328,53378,67721,71353,60778,34406,61378,65947,57888,48422,74725,75265,61267,53925,58800,62354,72973,66001,76299,76485
,,,,,,,,,,,,,,,,,,,,,,,,,,,,,,,,,,,,,,,,,,,,,,,,,,,,,,,,,,,,,,,,,,,,,,,,,,,,,,,,,,,,,,,,,,,,,,,,,,,,59829,68529,60477,65442,50014,46665,74028,33698,66796,18476,60983,67014,17551,12692,72979,67992,41432,40966,11245,67971,63662,71243,72998,72510,68942,34806,63931,26362,58774,28860,72396,9333,30864,38520,50999,65061,58102,29696,72642,31703,56871,1007,66740,54092,15048,2110,55871,72013,62554,34795,68623,31648,43458,63868,71007,50753,75537,43879,69885,52745,59669,66534,60693,522,68559,61161,18224,53332,62995,68244,9257,17267,39040,42041,46917,73375,66516,67367,72739,70254,54097,69721,61323,54936,63904,70011,73862,61603,61875,33951,65050,38541,67928,74992,70431,56569,71496,68089,38490,41305
,,,,,,,,,,,,,,,,,,,,,,,,,,,,,,,,,,,,,,,,,,,,,,,,,,,,,,,,,,,,,,,,,,,,,,,,,,,,,,,,,,,,,,,,,,,,,,,,,,,,76954,72672,22088,58321,42696,59740,59526,34712,39297,46896,73201,73953,52905,58369,15623,51944,58179,37595,61595,54322,74764,63170,72513,70153,74996,72086,71836,41559,73038,68496,65568,10246,73537,68337,66689,33077,62818,46213,71759,73207,66025,70710,49182,55187,28591,38744,76301,53090,64280,59060,38086,29922,26099,35597,60862,68179,71967,59238,66509,36621,71483,52765,72888,57186,68866,60324,51539,60559,60865,68688,26377,59864,70184,61060,64353,50128,54116,50183,34146,42682,72618,57970,75025,63899,74160,66148,35112,49365,36950,69872,60889,51090,8050,71059,43881,52944,73949,59934,61694,40319
,,,,,,,,,,,,,,,,,,,,,,,,,,,,,,,,,,,,,,,,,,,,,,,,,,,,,,,,,,,,,,,,,,,,,,,,,,,,,,,,,,,,,,,,,,,,,,,,,,,,75313,70050,66315,55035,59754,75869,73202,71775,45321,41871,36943,38097,39718,71086,73822,74886,49784,62772,48586,51673,73157,72601,69400,63845,46237,280,64933,74229,59873,63281,75564,73797,59989,65215,38717,35081,62611,52367,68335,69283,58464,1492,72455,68334,68633,69802,64326,51021,48486,51775,67465,15249,68441,35351,70215,74360,77526,61278,61409,39900,43773,32741,67458,67856,28263,64774,62589,67674,70445,1002,66237,60556,52275,58199,67653,60360,61685,52785,52075,68005,48911,70873,50349,10493,75201,42518,19312,60234,57619,77359,74097,46682,50760,56300,67604,65179,63178,66175,58882,65975
,,,,,,,,,,,,,,,,,,,,,,,,,,,,,,,,,,,,,,,,,,,,,,,,,,,,,,,,,,,,,,,,,,,,,,,,,,,,,,,,,,,,,,,,,,,,,,,,,,,,53725,58584,67146,58525,50677,51544,73510,74237,49088,2012,48374,45595,48384,52319,68677,37353,57079,55527,40756,47138,37029,58767,70672,68535,74450,65818,72344,76013,73599,63008,54222,53934,32095,49924,68079,60193,40463,46159,66268,52445,69508,25874,76306,68343,70593,3934,70017,56682,41156,2606,48202,73115,43725,1087,70695,70500,74705,75870,35407,32749,62009,8526,45692,77241,69321,48208,51487,53957,41469,24935,53354,51414,24371,24809,32705,70227,33771,58330,20829,50834,54110,34077,54074,27569,61167,31602,23266,56804,73571,69405,62296,49124,46767,32660,29490,37099,39898,68644,68803,44001
,,,,,,,,,,,,,,,,,,,,,,,,,,,,,,,,,,,,,,,,,,,,,,,,,,,,,,,,,,,,,,,,,,,,,,,,,,,,,,,,,,,,,,,,,,,,,,,,,,,,68664,67223,67621,70707,74155,66880,58697,60259,39094,34618,69203,34316,76752,72048,55208,41140,16640,51344,62189,48655,57324,58658,35786,1465,65322,64924,64883,66543,57938,10238,61082,44533,66644,10286,70486,65971,48975,11973,61921,69841,70524,58080,45408,34753,59359,26515,46794,46856,61451,35202,73947,63532,69267,63445,71336,55668,45135,57325,52716,59030,32182,22836,75318,74433,73118,41600,73694,71333,63981,74363,69646,50963,60737,53954,48774,39307,29852,39697,73056,66498,69762,59856,68691,73264,33428,1785,74018,72454,8932,45689,70572,70940,77569,42458,25827,31768,25710,1324,68842,63277
,,,,,,,,,,,,,,,,,,,,,,,,,,,,,,,,,,,,,,,,,,,,,,,,,,,,,,,,,,,,,,,,,,,,,,,,,,,,,,,,,,,,,,,,,,,,,,,,,,,,57113,67642,39334,9723,61702,75851,72380,59330,69541,75719,64388,69430,71806,68822,75243,45865,61289,64291,69474,50528,69857,71703,61986,66967,21107,46210,70872,71225,74658,43249,50458,75570,69493,43425,64658,74589,52443,55569,73478,76108,9452,24913,68462,37294,71597,70848,71468,70648,54663,56623,39176,75423,67967,30522,52969,43369,61071,65008,71583,59948,53143,45415,72252,74964,71769,64556,66316,49767,52465,53013,73955,72525,59428,46977,41624,49123,74508,54506,66742,25411,36725,32877,66279,29025,77086,55096,67375,47519,48778,53964,30981,25454,72576,49501,74447,64706,59124,61863,68613,31107
,,,,,,,,,,,,,,,,,,,,,,,,,,,,,,,,,,,,,,,,,,,,,,,,,,,,,,,,,,,,,,,,,,,,,,,,,,,,,,,,,,,,,,,,,,,,,,,,,,,,67814,35013,56365,75633,73664,65587,58809,57234,31557,17954,70002,68363,71141,62074,68039,70751,40158,31895,74282,70853,33346,64280,43223,49575,30384,30014,68186,39831,69799,38489,70432,59297,57027,53225,46754,59416,19107,47740,30657,34940,74495,60869,63960,68099,56246,43393,30072,68595,68415,69095,68236,67300,71989,66781,25081,20630,58985,58090,70702,38087,70221,73855,67339,72747,40054,60280,66614,72802,69906,65468,41396,56654,72734,54145,15902,55624,59965,66466,76286,75042,71687,69547,54274,52509,68505,62005,52316,37279,70481,10911,54333,41860,48849,63990,73676,74702,17981,56277,74570,65990
,,,,,,,,,,,,,,,,,,,,,,,,,,,,,,,,,,,,,,,,,,,,,,,,,,,,,,,,,,,,,,,,,,,,,,,,,,,,,,,,,,,,,,,,,,,,,,,,,,,,23172,27041,65142,7719,65613,55545,71816,37831,68044,73770,71657,72093,54471,72191,58843,48654,47051,39234,73294,55271,40862,44940,33722,72940,100,66680,33386,6623,72849,74434,72689,56955,52060,52541,71111,62202,62961,72539,44040,57198,66335,69028,68288,42124,70797,72462,72451,42310,31869,32624,59603,32504,58841,43657,64292,71225,70678,69092,72379,74698,42931,56626,48422,529,69293,73554,65563,53733,74831,63759,33150,49561,76527,70873,75780,53085,48802,39400,60468,42302,52018,39488,25169,33850,62797,60103,60409,50546,42386,33656,40628,17840,51201,53868,25355,49869,74965,74074,57753,54783
,,,,,,,,,,,,,,,,,,,,,,,,,,,,,,,,,,,,,,,,,,,,,,,,,,,,,,,,,,,,,,,,,,,,,,,,,,,,,,,,,,,,,,,,,,,,,,,,,,,,56080,68948,69009,66199,65272,60817,58457,59617,64712,31986,62309,61029,42767,63588,30958,37010,71615,62608,68825,70151,65792,72890,63924,30729,73102,55533,71135,65332,60761,68324,70602,52951,38700,28771,73662,55456,72230,75280,62126,75809,48870,42280,35252,38098,70593,33126,66403,61524,58727,9532,50711,65570,72726,45496,65501,12638,64840,64709,53384,53799,69009,67741,67418,30265,66473,61636,58500,74380,54493,69754,23872,59801,66685,67234,69774,47533,15340,45882,35321,62580,62079,47284,74870,70557,39045,64423,63781,57404,71414,68772,62080,287,69092,56527,31978,49942,70547,70697,68219,54263
,,,,,,,,,,,,,,,,,,,,,,,,,,,,,,,,,,,,,,,,,,,,,,,,,,,,,,,,,,,,,,,,,,,,,,,,,,,,,,,,,,,,,,,,,,,,,,,,,,,,74228,74253,73139,73977,56844,34568,76167,71681,66155,37975,72847,52584,70574,63142,71938,66072,53387,53309,62067,28215,68489,60158,73598,69296,63839,73541,63418,48672,69227,39717,74703,72783,58005,710,66685,55224,55730,23060,61619,69468,63375,63869,65964,28656,55269,66814,56866,74529,49298,16467,32040,46215,74946,73575,57702,74536,66402,68598,70808,75080,32549,17988,70257,69824,71841,17516,52415,28945,69895,68785,45781,37528,76529,70906,69786,34250,41420,40274,75592,61876,69242,50599,71256,60868,46166,2055,63654,58973,58749,7990,15402,24996,52743,61523,54780,66232,43245,55511,64635,73814
,,,,,,,,,,,,,,,,,,,,,,,,,,,,,,,,,,,,,,,,,,,,,,,,,,,,,,,,,,,,,,,,,,,,,,,,,,,,,,,,,,,,,,,,,,,,,,,,,,,,55079,47804,60659,175,61461,54271,66073,53802,23389,454,54353,58989,57167,63727,71892,6310,73680,52198,74144,65984,56710,62827,34270,55551,70536,75770,67013,8144,44242,31137,72157,52371,39322,13590,68491,35954,67922,32317,63023,47539,38901,10214,58899,61138,57922,266,64233,24617,61595,27403,64120,38413,71361,64536,73164,29578,70156,24605,55527,68505,52071,64515,67235,30160,68111,42303,1293,2117,65746,61203,70320,47710,56160,65014,61454,34742,35272,65553,67121,48760,70405,72481,64763,37757,67739,72469,60316,51818,63935,68432,63918,62296,66507,57443,35503,51319,52228,57512,54685,50041
,,,,,,,,,,,,,,,,,,,,,,,,,,,,,,,,,,,,,,,,,,,,,,,,,,,,,,,,,,,,,,,,,,,,,,,,,,,,,,,,,,,,,,,,,,,,,,,,,,,,70747,57025,69007,71477,64790,56836,62366,60010,71860,41640,60751,68204,68677,70746,47767,57458,70025,67322,68744,260,73257,30937,75107,74065,58167,53138,68897,72420,29994,1098,64003,71371,74501,74409,30180,672,63149,65914,68041,55953,69998,66083,73029,44507,52844,26694,51448,65569,67634,66492,69728,60428,62116,57141,71769,73271,25207,35772,35753,68288,64667,59691,62961,45635,71271,50533,59836,39734,72010,74927,74923,64962,72943,65777,32123,56150,69168,29672,59317,70128,62560,47404,43962,8610,20741,45924,64660,70425,68735,54075,50315,56032,63718,67902,38780,35931,60338,54081,44320,20458
,,,,,,,,,,,,,,,,,,,,,,,,,,,,,,,,,,,,,,,,,,,,,,,,,,,,,,,,,,,,,,,,,,,,,,,,,,,,,,,,,,,,,,,,,,,,,,,,,,,,56430,74550,42776,54660,69877,72294,73112,73137,71650,74214,52939,38567,16429,67318,70394,71406,26849,12340,58437,67225,74598,40331,58455,59568,69293,60709,65464,37951,58389,60593,62164,8490,65256,70340,76316,43492,42399,39249,54550,50368,66734,68381,63106,68170,40254,25473,65418,45792,62152,73141,68085,70741,68180,59647,25344,47146,74502,70072,71637,39851,72594,70768,73738,71989,49378,67838,71546,58369,59089,43586,64711,52529,62026,40101,71270,41305,49608,55203,66249,55684,67855,794,39966,56327,72488,32620,22784,70799,50546,37346,67188,73065,69777,58840,74609,72125,55789,44798,47341,63027
,,,,,,,,,,,,,,,,,,,,,,,,,,,,,,,,,,,,,,,,,,,,,,,,,,,,,,,,,,,,,,,,,,,,,,,,,,,,,,,,,,,,,,,,,,,,,,,,,,,,75147,61394,14169,455,61749,53825,76661,60902,65859,25883,58927,69153,50584,49336,52598,22372,28255,60005,60748,43594,74478,77008,67090,36363,67682,26387,71429,62762,73241,26372,59957,46376,28796,26005,52780,15177,71874,72638,68043,58617,50110,3111,54580,42881,56779,52122,74266,70971,74272,63913,53515,31339,68951,51839,50947,52134,35873,34078,22906,28655,38419,66094,64906,46693,51652,69649,67521,36981,67687,27165,13350,47379,58879,54951,73747,68800,14083,65312,72869,34847,76437,52792,74624,66060,39349,38143,75417,61685,66395,52526,72808,39999,67937,61037,58085,67563,72660,64070,8373,59080
,,,,,,,,,,,,,,,,,,,,,,,,,,,,,,,,,,,,,,,,,,,,,,,,,,,,,,,,,,,,,,,,,,,,,,,,,,,,,,,,,,,,,,,,,,,,,,,,,,,,64040,56876,69710,15977,71805,40782,68881,52666,19116,63982,72493,36848,62583,70120,62523,67140,63744,674,50910,41223,73319,70705,67568,61201,63464,29541,39834,57475,57073,30254,68770,58514,71516,24763,67222,34047,71058,75610,66594,76458,67246,48365,44064,28892,58179,68046,53831,72203,39156,44806,59754,40339,73839,67711,72710,77198,50046,50884,51427,36812,65715,24855,17012,42498,40058,40217,71184,76053,60588,27392,62490,24664,47183,61416,67992,73710,68907,53427,29195,17937,40699,50760,49796,61207,70909,64426,54425,41783,66580,48530,54888,1040,67936,50670,67861,72173,57305,8069,20314,35482
,,,,,,,,,,,,,,,,,,,,,,,,,,,,,,,,,,,,,,,,,,,,,,,,,,,,,,,,,,,,,,,,,,,,,,,,,,,,,,,,,,,,,,,,,,,,,,,,,,,,44880,45519,46544,78010,73768,72137,46943,55619,47960,55717,51055,47990,57116,50440,10638,18021,68694,34936,58992,67899,70169,71659,72913,37835,67501,71134,74553,48938,17120,47495,67028,52426,46094,51798,63344,35379,71173,40755,1468,10074,71307,61393,49545,51678,74812,67805,74051,30835,65468,69549,60980,58381,58940,16909,53932,1618,72575,65308,73885,60263,42025,13129,73691,63512,67622,64582,74381,58081,71851,74821,74184,67861,14866,42480,74434,43167,72737,28389,65266,603,61294,14392,50086,39141,65349,23438,73011,74338,57515,44767,22397,25940,50325,4740,10229,666,57999,62205,68613,68378
,,,,,,,,,,,,,,,,,,,,,,,,,,,,,,,,,,,,,,,,,,,,,,,,,,,,,,,,,,,,,,,,,,,,,,,,,,,,,,,,,,,,,,,,,,,,,,,,,,,,21014,8053,58873,45231,70802,61372,25671,178,54364,34960,65204,55684,45359,23577,69859,69931,53191,58775,74140,67554,74399,74561,67344,69549,63749,72737,68023,43026,60947,823,52421,73398,44599,49637,71832,71725,59059,67679,73482,73823,58481,52761,39475,40589,69120,58831,65847,64754,70850,25859,74386,73076,59088,67671,58865,71538,68173,54354,58973,51848,21559,66565,58445,61226,73320,32852,70294,54933,72080,68048,66221,68088,68872,68505,66759,67682,44461,64598,72647,73760,54016,51204,56767,44927,68583,26627,65920,61499,39716,53786,65967,52468,55986,54421,57236,45692,66541,43457,72040,58049
,,,,,,,,,,,,,,,,,,,,,,,,,,,,,,,,,,,,,,,,,,,,,,,,,,,,,,,,,,,,,,,,,,,,,,,,,,,,,,,,,,,,,,,,,,,,,,,,,,,,73345,58514,59090,57243,51350,44348,34328,25285,60451,61690,73823,66720,23514,39602,26402,50581,65596,74417,30063,56304,51509,8382,70181,74885,37724,62986,72776,65470,63437,60220,28042,38064,71527,67216,67687,66443,58761,73936,67954,59602,43016,42180,37125,34070,58348,53803,69257,38476,57600,59439,49042,40896,47250,72308,60929,9081,20278,66326,30095,20281,73317,67660,65102,63332,55311,51944,68815,57037,57168,60991,55632,62171,75186,69369,65394,60174,50073,54146,57066,10405,66798,37781,75594,71493,8355,32390,70367,56055,66974,62546,61624,69754,57838,42501,64048,47793,66109,52138,37191,58267
,,,,,,,,,,,,,,,,,,,,,,,,,,,,,,,,,,,,,,,,,,,,,,,,,,,,,,,,,,,,,,,,,,,,,,,,,,,,,,,,,,,,,,,,,,,,,,,,,,,,35660,32117,382,66192,57073,66249,66763,60190,61816,55727,59268,66569,48399,26772,58864,24971,66655,68252,73613,52678,68886,162,68068,60245,62593,67486,69182,67096,65442,61199,25464,22202,53090,61038,63178,63378,69599,73626,58491,41460,57793,68890,69455,68925,51387,44822,23945,1291,74584,66474,69601,74576,67257,69920,65589,66393,67368,40432,32171,39373,73200,30258,68917,54432,63496,60616,71815,54104,64696,74152,54670,44949,10555,7849,70238,71720,75496,72089,53839,1162,57160,70099,73048,54804,73593,58501,67293,8612,54075,68690,71060,53512,36632,45245,67495,73631,64332,68015,10333,59998
,,,,,,,,,,,,,,,,,,,,,,,,,,,,,,,,,,,,,,,,,,,,,,,,,,,,,,,,,,,,,,,,,,,,,,,,,,,,,,,,,,,,,,,,,,,,,,,,,,,,35284,24035,68392,66556,70984,51379,67251,57895,50588,44372,60976,64646,61598,72825,72545,44496,33265,50059,58488,57762,62060,68990,50323,45396,66619,57231,71913,43170,45402,40164,52397,23252,58935,43377,70575,67360,49589,49413,51945,28634,68215,60611,27706,61467,72188,67599,59621,53984,68892,64148,71000,56932,51607,52628,59470,61894,64423,9257,52370,45970,26573,2630,67058,68855,70362,61729,67499,55487,59883,51828,61204,59490,68201,67674,54306,48914,74331,34145,75692,52790,65280,73616,65010,50428,65329,22626,71888,65454,38123,58880,43746,39101,16422,8926,72652,62530,59679,76465,60685,70833
,,,,,,,,,,,,,,,,,,,,,,,,,,,,,,,,,,,,,,,,,,,,,,,,,,,,,,,,,,,,,,,,,,,,,,,,,,,,,,,,,,,,,,,,,,,,,,,,,,,,53564,26388,65703,57277,69954,45690,71474,66127,61719,35746,70658,69517,66093,734,65266,61060,70553,57240,72502,66554,64443,70339,70016,29597,10479,21423,69874,34736,71053,52814,58281,28454,52828,70543,39034,63681,74500,75530,70421,64360,72971,49297,75261,68210,65834,64174,66981,68243,67207,23422,70404,17939,70439,60029,71666,60412,62317,38200,59137,51409,61432,58019,68167,71232,67946,66625,70454,26969,67157,67473,53195,68389,63210,56655,43859,618,47167,51315,68006,59105,60354,62226,54538,61042,71615,58943,58303,61428,32348,49165,47723,31186,52024,59239,66372,47929,30644,56506,66346,51656
,,,,,,,,,,,,,,,,,,,,,,,,,,,,,,,,,,,,,,,,,,,,,,,,,,,,,,,,,,,,,,,,,,,,,,,,,,,,,,,,,,,,,,,,,,,,,,,,,,,,63999,22118,70343,52609,62361,63484,69498,7479,58998,50390,24650,28274,69084,62200,64528,72507,37550,24766,73511,72068,52390,62897,62629,65296,59784,62515,36597,32484,60933,51844,58213,12055,62778,33767,63917,73046,48205,48338,66611,48488,68620,71002,73554,62623,57612,32355,71511,71990,56689,45558,32464,53510,70626,65827,74524,45916,67788,44850,54986,55033,68549,68109,76983,44487,53915,62075,69432,2847,72237,71853,54542,31356,66280,35585,66072,41417,72779,65481,58519,57588,69023,61310,66250,74107,45352,43017,73988,71047,74018,42317,36157,43115,69366,16683,62168,65501,58915,69258,68519,27570
,,,,,,,,,,,,,,,,,,,,,,,,,,,,,,,,,,,,,,,,,,,,,,,,,,,,,,,,,,,,,,,,,,,,,,,,,,,,,,,,,,,,,,,,,,,,,,,,,,,,42571,30567,74227,54597,58454,7803,60508,59686,68519,57077,72553,60221,72803,49719,61979,33974,77551,69806,60114,74480,71326,45451,37796,18497,70255,46892,74012,67865,49058,38756,19766,21700,74135,73651,39629,44149,40601,35647,72627,74571,34473,69491,69418,63830,59844,66652,60512,60385,70907,71822,72906,76316,64295,30762,70559,65778,70275,66882,54852,42710,44411,14105,70383,44955,72568,65934,37147,65890,68277,25492,63607,54235,64965,74546,34269,63359,71414,9352,61954,43549,65851,70966,73374,69408,60956,61254,73564,75555,72599,63157,63013,14881,57639,58207,61675,53433,67009,71201,41406,59907
,,,,,,,,,,,,,,,,,,,,,,,,,,,,,,,,,,,,,,,,,,,,,,,,,,,,,,,,,,,,,,,,,,,,,,,,,,,,,,,,,,,,,,,,,,,,,,,,,,,,73293,70401,69776,410,73920,34140,65345,47608,65607,1898,60227,46058,54238,41790,67766,36619,71178,63903,70650,30173,72721,69303,52748,59674,66177,64924,71251,67020,77447,70681,75199,59972,923,396,69702,72290,65539,21770,63932,58009,66080,30101,73871,60491,74932,46134,55886,52989,72259,69487,32919,55559,71641,47587,339,18828,51914,47170,71334,26892,71653,66232,73975,74637,56923,35949,19962,29004,49915,47349,71111,954,69678,58806,22037,42154,74739,53145,64613,39220,4265,38444,73609,75132,71671,27461,47939,46307,69028,62446,73802,78031,47759,22678,72066,54372,56499,63767,40937,1209
,,,,,,,,,,,,,,,,,,,,,,,,,,,,,,,,,,,,,,,,,,,,,,,,,,,,,,,,,,,,,,,,,,,,,,,,,,,,,,,,,,,,,,,,,,,,,,,,,,,,64159,62790,53321,41931,56331,65122,75716,73561,56292,57920,73723,62641,72559,69654,70637,38461,56769,63590,74602,61049,49376,18940,43389,25157,43239,57554,67079,52206,67453,44573,69484,36010,70008,74503,47464,66736,48765,45350,65712,58120,54352,38709,45751,66836,68455,37920,56841,40852,60736,61086,61082,53748,61301,31660,68266,51862,69685,1526,50311,56105,20068,63158,68761,54886,49268,37306,45106,63807,60014,57287,60690,76703,73967,72804,74914,72847,71773,70277,65369,44300,71488,63226,40996,51712,50968,52639,10305,837,42261,67545,72280,48361,68733,56495,60361,29789,76028,74117,67618,53812
,,,,,,,,,,,,,,,,,,,,,,,,,,,,,,,,,,,,,,,,,,,,,,,,,,,,,,,,,,,,,,,,,,,,,,,,,,,,,,,,,,,,,,,,,,,,,,,,,,,,63578,70454,51580,42096,53309,57937,72370,66728,64699,67681,59753,75951,64711,44196,40481,73185,69056,69932,25128,9559,67104,63237,68048,72444,44988,61628,47507,10683,36888,65358,74648,47315,60474,42147,66250,9799,69134,42741,64134,18426,62308,71572,68737,71456,27645,18573,49116,50070,70503,49603,68424,71877,64767,39583,67612,38917,20542,61932,66890,44647,69062,19748,69022,37592,70139,37687,72372,71435,62594,34101,46201,3216,68455,12884,59595,50163,26527,51871,71155,53907,48274,64223,29306,31393,46479,48186,55562,48242,67709,75439,74766,69613,68681,25748,74726,69847,38567,58383,69740,39652
,,,,,,,,,,,,,,,,,,,,,,,,,,,,,,,,,,,,,,,,,,,,,,,,,,,,,,,,,,,,,,,,,,,,,,,,,,,,,,,,,,,,,,,,,,,,,,,,,,,,73047,59440,62914,46540,263,9939,38806,59934,62604,68743,71643,71172,44740,67814,60693,64113,50485,55310,63442,54157,73523,70465,57424,45206,27895,20928,51182,72266,59200,73818,72748,66980,76785,73624,65528,28601,65852,61453,72892,73380,78403,65211,76181,72036,57749,4265,60993,62493,63290,69175,59522,51794,68631,34342,73176,69306,73827,61336,64659,39949,59637,62988,54848,58128,41994,56591,68237,50898,64852,68560,76962,70747,63784,819,49285,45785,50709,40695,67752,53323,59141,59210,32550,27673,70881,62171,53756,60016,73784,52743,73089,52578,69737,71939,73025,74886,69466,27286,68288,55159
,,,,,,,,,,,,,,,,,,,,,,,,,,,,,,,,,,,,,,,,,,,,,,,,,,,,,,,,,,,,,,,,,,,,,,,,,,,,,,,,,,,,,,,,,,,,,,,,,,,,55146,42345,58107,48351,25158,33918,68233,63581,48065,36701,64996,51797,48699,51997,74060,44138,28049,56851,60204,28677,70361,65797,71486,55002,66191,76408,66274,73906,71303,66301,66399,26932,49740,49109,67126,10250,71753,69100,70300,69628,23385,62403,37894,33410,68718,1278,46392,29900,71743,57698,74521,70977,49419,47741,62016,51955,54472,41993,36220,28467,58300,63264,75008,75856,69237,52547,68541,51674,69506,74086,76893,69441,33676,25432,42060,33171,72388,73465,51997,43331,69570,68250,64653,73818,51807,28216,66237,40739,71794,55991,69732,41574,43936,28730,71420,23714,68918,73072,70655,72112
,,,,,,,,,,,,,,,,,,,,,,,,,,,,,,,,,,,,,,,,,,,,,,,,,,,,,,,,,,,,,,,,,,,,,,,,,,,,,,,,,,,,,,,,,,,,,,,,,,,,21838,56311,52687,67548,57429,37815,59330,32205,25475,52957,30358,34961,69948,19791,49645,52321,69031,66251,45970,22247,57068,60386,69033,41580,44923,63474,69490,63568,74407,42603,50887,47955,39747,48969,69672,48940,72560,63750,54718,45743,60166,47521,52325,72507,51692,50432,56608,69637,70604,67721,68369,32190,60357,72183,66225,75840,57449,51321,44515,24157,61982,73789,68883,52724,64693,56590,62675,63341,29381,75000,67210,40638,71345,65557,66119,7113,62054,68547,73959,69131,40448,46805,74253,69196,70814,51214,52453,46664,67501,41383,70436,60801,63135,23769,70059,69676,67623,33218,59837,41734
,,,,,,,,,,,,,,,,,,,,,,,,,,,,,,,,,,,,,,,,,,,,,,,,,,,,,,,,,,,,,,,,,,,,,,,,,,,,,,,,,,,,,,,,,,,,,,,,,,,,42155,39387,51480,21637,48231,64188,44278,52812,60617,38348,63016,71545,69138,69742,19906,26152,67778,59839,77030,63335,65203,44220,65015,68181,73873,66582,42039,1593,72743,71032,69645,66021,70917,45200,70457,64677,56227,67476,59838,69918,68599,55614,26005,19547,65326,63580,74259,76183,54793,37106,60721,50974,68713,39008,69669,61032,72858,50414,72993,48770,26803,20490,57620,54826,45866,5178,72325,68627,70324,36761,53154,67233,56938,3777,67024,70290,66530,68502,22439,67551,70988,24424,64770,70392,66360,61040,31727,46307,19909,300,64279,71451,67375,39892,66694,50978,54316,33375,70230,73870
,,,,,,,,,,,,,,,,,,,,,,,,,,,,,,,,,,,,,,,,,,,,,,,,,,,,,,,,,,,,,,,,,,,,,,,,,,,,,,,,,,,,,,,,,,,,,,,,,,,,56875,57293,72593,60901,63506,1274,75957,18465,54276,33010,60073,57765,69277,44727,57333,62719,30107,25242,62787,58206,71785,71250,69335,27521,57865,55318,56844,36667,1946,607,52837,56139,66888,38999,73474,73031,67422,37323,68671,45882,19711,13541,53367,56679,69325,49410,69810,67169,67341,17897,48633,37785,73650,21897,72395,46473,65312,65833,72519,57103,71421,39942,26968,42742,73738,75241,60982,52521,68127,61867,17936,67273,67048,903,73637,70943,70322,75149,47979,54238,54903,48342,69236,60289,60841,57638,61111,52544,32978,60087,50865,53706,24110,27319,61358,55614,70166,47371,71401,69742
,,,,,,,,,,,,,,,,,,,,,,,,,,,,,,,,,,,,,,,,,,,,,,,,,,,,,,,,,,,,,,,,,,,,,,,,,,,,,,,,,,,,,,,,,,,,,,,,,,,,72460,10337,43871,56373,77029,46514,62741,64560,73987,74477,66093,73697,75377,58698,64651,15316,63003,77340,60185,44267,39230,45548,67973,39564,68512,31762,71057,56904,48780,70378,69149,646,53651,3017,60440,51378,38544,29312,67180,23902,56760,52150,58852,50514,70325,61886,60523,60309,69395,71681,71116,23903,68841,69029,72958,28821,31918,63523,65802,74484,51271,57081,69558,72377,75625,62139,69476,63038,68046,70657,69773,54713,73703,49917,33126,2046,23950,27167,66483,71151,30584,53382,72760,55412,23681,16323,60159,68509,65526,70298,60587,58686,49331,51331,50018,933,66711,59241,70115,68012
,,,,,,,,,,,,,,,,,,,,,,,,,,,,,,,,,,,,,,,,,,,,,,,,,,,,,,,,,,,,,,,,,,,,,,,,,,,,,,,,,,,,,,,,,,,,,,,,,,,,65687,68552,57679,221,67168,65707,40836,64353,72281,56651,72931,29290,71458,15792,69178,64461,74345,69487,67785,48508,72292,67105,68095,42633,66410,63093,39895,60593,58440,57536,60169,59850,67950,33479,71009,71281,57853,42183,52114,34377,60482,46125,63651,45924,73923,72987,48080,67027,51889,72773,68314,44864,73435,36874,65850,794,47601,66842,63542,21617,47651,9556,49562,37263,76248,66218,44455,46115,72105,73821,60300,571,63543,61372,38779,19821,11952,70937,42621,64158,73390,71133,66127,1120,69889,22538,68245,67619,71570,63258,71492,55878,54331,1147,71887,70098,73199,49899,58293,42593
,,,,,,,,,,,,,,,,,,,,,,,,,,,,,,,,,,,,,,,,,,,,,,,,,,,,,,,,,,,,,,,,,,,,,,,,,,,,,,,,,,,,,,,,,,,,,,,,,,,,61823,44932,70934,51924,78273,62896,73338,39492,24361,16579,55804,73578,66077,36101,56827,68977,63929,74414,63839,60078,64072,64469,66601,65752,61595,57931,17832,70899,74017,67346,70391,68188,62244,67350,75573,54313,51820,70876,38537,46271,75533,67412,61714,63282,42843,60693,65959,7180,73561,69617,68705,60441,61084,59681,53813,17621,46975,39405,55951,65753,73258,67316,54763,4420,67886,71275,29108,16357,50151,33541,51156,69719,69012,59943,62171,71286,69182,61424,67156,29577,39120,12292,46921,74102,71167,48702,36935,50938,26552,39731,31281,45893,73375,37718,70402,65300,74754,68772,64544,44678
,,,,,,,,,,,,,,,,,,,,,,,,,,,,,,,,,,,,,,,,,,,,,,,,,,,,,,,,,,,,,,,,,,,,,,,,,,,,,,,,,,,,,,,,,,,,,,,,,,,,74706,62630,66797,69493,65121,38024,72935,74405,61390,55644,70471,66520,72113,69765,61072,39207,67571,58013,25739,16645,72231,72955,72365,40977,59768,48899,72123,74624,55773,588,66874,68523,65524,64663,48518,54135,55516,67285,35367,36087,65097,21760,21824,41180,74603,71249,67751,72000,22742,64364,77387,56460,30956,28081,64837,27673,67496,71899,50238,41689,64897,39729,70847,64062,51154,59539,58385,40319,75753,52794,60218,63663,49809,72657,74455,63735,64330,8533,69546,18744,58596,63978,69491,42598,44432,62491,73787,65510,47847,14939,70293,54862,63813,58020,68307,74030,52208,2308,71835,77210
,,,,,,,,,,,,,,,,,,,,,,,,,,,,,,,,,,,,,,,,,,,,,,,,,,,,,,,,,,,,,,,,,,,,,,,,,,,,,,,,,,,,,,,,,,,,,,,,,,,,68241,61066,58657,71998,59362,75508,63744,55637,61121,60595,57584,51892,61228,61947,74056,62493,45443,63518,53040,73120,71649,60282,63988,50029,46310,64844,48508,68110,70285,25952,33321,39033,30964,13798,71464,43816,72851,67503,43104,12343,66361,72023,53387,73017,68531,71593,59838,44954,62041,33812,23681,51938,44301,57780,43386,40676,34911,39756,69334,11477,39428,41470,70148,66169,65294,58228,40052,48553,62675,60555,70146,23294,60482,57687,65716,26743,67687,60438,53078,30608,74797,40920,45427,56467,76905,54268,65494,33618,61409,72737,34043,14571,57297,47158,50142,50424,71387,70032,64076,68946
,,,,,,,,,,,,,,,,,,,,,,,,,,,,,,,,,,,,,,,,,,,,,,,,,,,,,,,,,,,,,,,,,,,,,,,,,,,,,,,,,,,,,,,,,,,,,,,,,,,,45841,72873,67959,15463,77882,71660,74804,75151,76499,55544,15893,69184,68983,59328,50847,72269,72532,30769,72945,69494,53917,42309,61766,8954,27908,68271,49775,46056,36027,60627,66178,70653,50641,61778,47811,60660,59188,2654,67262,17736,69929,73362,72369,16619,66029,34230,54207,55516,73276,71609,58016,56706,67005,35975,73373,72593,37422,45422,72188,40459,74669,61655,77601,71662,36647,64593,72661,63288,70598,39712,53813,59710,35381,59702,6637,1477,43470,24692,69430,57936,60598,58306,52168,35008,28639,67756,75086,54733,30459,2469,73149,61068,47058,57052,62284,2608,52696,9117,54315,228
,,,,,,,,,,,,,,,,,,,,,,,,,,,,,,,,,,,,,,,,,,,,,,,,,,,,,,,,,,,,,,,,,,,,,,,,,,,,,,,,,,,,,,,,,,,,,,,,,,,,75567,63700,65385,65077,58536,1313,74633,74608,44202,54651,66954,54291,65367,12281,59874,55871,59833,42409,64884,46889,55068,74897,36858,52699,72148,63167,74027,66798,52267,27793,54086,59028,713,11273,57327,52484,61012,65534,48579,21398,64958,59871,60352,67064,58779,39114,73112,47234,61139,55000,58813,58816,41074,8831,65259,60255,13235,63270,74859,66990,70614,40819,77573,62407,39672,47416,72687,41734,44606,42315,66478,9931,76303,74687,73655,69687,68960,51267,37696,57371,69626,60080,73903,42376,71610,48064,57269,63853,46022,11277,67220,715,64862,66014,66012,51542,36806,36736,72667,64461
,,,,,,,,,,,,,,,,,,,,,,,,,,,,,,,,,,,,,,,,,,,,,,,,,,,,,,,,,,,,,,,,,,,,,,,,,,,,,,,,,,,,,,,,,,,,,,,,,,,,37204,68419,67682,32017,56246,30349,70700,67120,68111,58128,6215,307,65881,64084,37770,45131,41628,50346,75057,70112,72032,63611,26456,48868,16830,24950,74096,42971,61737,40064,68309,67424,53844,45755,59101,70290,70709,70367,45616,50137,70991,63194,49808,68234,35358,65987,53894,49743,71716,37472,49924,65823,49777,56766,54678,10796,61064,20048,67125,68469,56462,708,72105,59876,16760,20346,66670,40673,29316,543,64299,72645,68902,70079,66596,70623,74770,50222,68749,33170,74906,68635,50006,58290,62526,47212,64936,31825,68922,63655,72744,34317,68295,39684,58978,39853,37559,52425,70258,76226
,,,,,,,,,,,,,,,,,,,,,,,,,,,,,,,,,,,,,,,,,,,,,,,,,,,,,,,,,,,,,,,,,,,,,,,,,,,,,,,,,,,,,,,,,,,,,,,,,,,,50476,43440,73568,74041,60235,23277,68379,33029,46860,45219,46768,47929,51922,70694,67000,53079,74432,23928,52097,51805,69617,74663,73296,71084,36102,58889,20960,15592,68396,69747,35879,24929,67036,64556,70670,59431,70261,69661,61700,53725,72282,66894,32151,59189,65936,44038,57800,55965,57446,60682,44301,39774,60565,30928,73571,42724,62450,72723,62944,67423,66120,36886,64954,54832,65057,66924,57073,59093,70094,74786,60652,65203,70098,39066,73270,77050,48173,21086,50564,2919,69639,61674,52081,56897,27821,2727,76066,72938,62944,64902,52953,41499,62658,15223,60857,64701,72379,19746,51182,8984
,,,,,,,,,,,,,,,,,,,,,,,,,,,,,,,,,,,,,,,,,,,,,,,,,,,,,,,,,,,,,,,,,,,,,,,,,,,,,,,,,,,,,,,,,,,,,,,,,,,,76319,2877,44976,56136,71994,68255,74575,76480,51658,26939,34999,43129,71370,32727,59578,30949,37532,37882,61578,43959,41217,28839,54016,35506,75722,68365,35326,805,29778,7989,66870,66110,66052,43245,70188,73138,64085,47212,56840,34594,68146,61420,62222,57015,59858,26278,56829,61863,51362,54122,57402,42737,27671,8182,47782,8554,36078,27981,74209,70493,55916,51550,61506,58499,61987,62595,52848,669,47941,72117,17808,20236,39823,60626,61120,74455,65847,29062,32700,34117,74271,1540,52799,60204,51830,61185,42710,16998,60475,56063,61849,54016,51444,15736,63435,49394,57989,15610,75115,74155
,,,,,,,,,,,,,,,,,,,,,,,,,,,,,,,,,,,,,,,,,,,,,,,,,,,,,,,,,,,,,,,,,,,,,,,,,,,,,,,,,,,,,,,,,,,,,,,,,,,,64084,52083,41730,41768,65050,63605,41431,100,16399,715,33336,1652,68517,61053,71998,61237,40085,40238,24159,41557,62048,75764,63836,39885,63027,33973,60723,35844,72960,74970,44115,69023,39877,34035,23992,7563,14317,14084,71379,49690,68550,36643,64712,62246,32280,13859,72674,26709,59977,44110,59971,27168,70824,66020,33473,448,58124,61666,38336,40720,404,41080,55291,32295,57322,51497,53661,46692,62201,1236,58563,33448,55291,72013,72387,75825,62269,64213,67959,28537,69601,46200,69241,68765,60148,58330,42771,49286,30745,72526,69706,46806,65119,51856,69548,73984,69583,75513,63689,25878
,,,,,,,,,,,,,,,,,,,,,,,,,,,,,,,,,,,,,,,,,,,,,,,,,,,,,,,,,,,,,,,,,,,,,,,,,,,,,,,,,,,,,,,,,,,,,,,,,,,,74588,50432,70365,74397,68918,68922,38580,1217,30823,23765,49986,60375,73465,40152,46217,67221,72862,74870,68674,64954,71380,38610,66048,50781,55320,65502,65847,66820,62139,58619,48569,53169,70008,42675,70113,51387,60871,50081,58805,405,75866,66909,54471,35546,36669,65754,69954,73546,8653,34437,51503,28860,73929,40384,49003,66719,72406,29870,66137,28012,39436,26154,74939,73787,72306,65744,70276,49608,64939,68712,53343,1750,60992,68159,58262,64725,38075,57964,65592,34798,61609,73058,32638,46674,31599,57911,77159,40216,52229,43297,35639,64252,36503,24431,14091,45565,61694,58164,74110,61129
,,,,,,,,,,,,,,,,,,,,,,,,,,,,,,,,,,,,,,,,,,,,,,,,,,,,,,,,,,,,,,,,,,,,,,,,,,,,,,,,,,,,,,,,,,,,,,,,,,,,71665,73744,74568,28346,58685,54324,60543,28715,69478,16896,76567,70235,71035,63877,45172,69950,19640,1437,53697,7077,56946,64809,72021,41426,57392,54129,50780,55347,74981,72486,73287,72638,65893,24842,68870,75050,72393,72606,72370,72314,68684,29057,67056,69898,72640,38217,75611,55443,68829,21877,17758,62078,73778,62229,32907,17283,53632,53796,44177,54339,10914,6866,69683,78031,31409,68461,57020,36239,50484,72601,45209,45415,56589,42334,50860,52013,66036,69848,50897,32191,44811,11747,61271,315,63160,25044,52846,50706,38503,28695,31823,68877,55799,50806,74093,62393,72457,54021,9699,55042
,,,,,,,,,,,,,,,,,,,,,,,,,,,,,,,,,,,,,,,,,,,,,,,,,,,,,,,,,,,,,,,,,,,,,,,,,,,,,,,,,,,,,,,,,,,,,,,,,,,,71167,68121,61788,68205,72986,59237,56573,68081,69731,73980,45092,41167,60616,842,47401,47124,65094,358,77258,53284,68934,59621,73334,21042,71130,63757,65251,63703,66818,62782,19144,10312,76011,75290,52960,46216,64549,32081,41512,72531,69458,75154,64267,70970,46508,41188,57988,48176,56953,51994,71584,44109,71823,20025,38963,16140,70488,69422,24507,27245,53921,64300,57463,60779,69362,70289,70748,54020,40728,36632,37637,37649,59770,50499,5892,552,53873,74013,42743,38785,30841,62550,72439,70699,42186,34168,73189,65901,72925,75575,23835,30459,74990,58916,74016,44239,61229,60829,61617,43168
,,,,,,,,,,,,,,,,,,,,,,,,,,,,,,,,,,,,,,,,,,,,,,,,,,,,,,,,,,,,,,,,,,,,,,,,,,,,,,,,,,,,,,,,,,,,,,,,,,,,67468,58397,64887,62280,66656,63911,63434,780,58755,37692,40211,46026,77215,39927,55847,17484,36198,56682,65240,64551,75793,73714,58628,63602,35098,1065,27187,49361,44239,43576,69634,63290,68810,58561,64795,57395,57782,745,40557,51334,62114,1358,74059,66542,60145,66737,73530,45672,25399,9779,51623,63960,58783,70778,68969,50266,64842,63430,66585,73730,74768,69100,68077,72314,50347,62300,70376,67835,61643,7627,50602,7715,57297,64279,60341,59242,62665,50083,61017,48914,57034,63824,20310,19269,20496,50653,42957,30615,54285,44666,71496,72039,14183,69696,56361,17587,63735,68958,73017,68690
,,,,,,,,,,,,,,,,,,,,,,,,,,,,,,,,,,,,,,,,,,,,,,,,,,,,,,,,,,,,,,,,,,,,,,,,,,,,,,,,,,,,,,,,,,,,,,,,,,,,73943,59697,72843,73774,52580,65550,42437,35679,68530,45185,73492,73878,70843,63476,63240,61755,69142,63135,69277,41996,67000,70452,69633,75169,68993,58971,75144,73998,24478,53866,35290,24421,62376,68278,65133,71514,72341,72198,71118,56412,63113,70019,48188,48981,61706,67545,64364,33125,70255,60003,68213,75666,69340,51147,55036,49075,42657,1207,68308,69796,67998,75380,68950,52877,68219,74928,62425,56353,67067,34698,74966,73808,63805,69427,72385,58275,29047,651,49366,32996,68271,51587,59348,62713,72661,53480,68144,612,71725,52827,51057,18761,62390,49267,65372,42538,70292,53024,41363,37028
,,,,,,,,,,,,,,,,,,,,,,,,,,,,,,,,,,,,,,,,,,,,,,,,,,,,,,,,,,,,,,,,,,,,,,,,,,,,,,,,,,,,,,,,,,,,,,,,,,,,67923,68191,55647,57058,62535,54438,68855,61395,73747,71306,74181,63619,61299,60613,42050,26671,70991,67625,70414,72597,31245,38798,39993,1470,73341,62923,69541,36453,60347,63969,66473,58930,31068,61919,70725,54368,57953,35408,43427,25156,64941,53083,70765,61399,47409,21863,62399,53006,73661,67608,61137,44699,72360,48711,60799,45404,71581,58705,31561,28937,38315,42673,69253,46223,59884,55639,42675,54994,61604,44982,68643,32478,70205,54039,46458,67494,18132,26841,60647,45878,69331,46497,74009,72362,46265,71502,41799,71472,61191,9524,48685,15174,71550,69694,44360,57224,67148,59325,27838,42006
,,,,,,,,,,,,,,,,,,,,,,,,,,,,,,,,,,,,,,,,,,,,,,,,,,,,,,,,,,,,,,,,,,,,,,,,,,,,,,,,,,,,,,,,,,,,,,,,,,,,77859,68215,31995,3960,67503,879,70078,71577,51594,811,72658,73747,65580,62487,44467,36982,20697,15922,38437,48079,44471,724,50117,53640,59886,54560,69451,71935,64478,45933,62926,28221,70146,74692,38590,32241,69228,65512,51692,49769,16982,37148,71429,70725,59438,39327,64389,77482,40185,41043,43782,45822,74026,67363,70563,59620,50620,26938,70792,67274,55640,63068,36018,39106,808,6726,66312,61014,69953,66518,57228,53775,72830,74909,15847,48540,59163,65578,58318,56001,72663,71116,60080,68190,68459,959,47810,3905,77488,64036,75282,74953,77068,74955,74713,68933,64232,29546,18990,12448
,,,,,,,,,,,,,,,,,,,,,,,,,,,,,,,,,,,,,,,,,,,,,,,,,,,,,,,,,,,,,,,,,,,,,,,,,,,,,,,,,,,,,,,,,,,,,,,,,,,,69985,40280,48966,47565,69204,41436,67176,63245,33788,9511,64330,9364,47422,58884,68713,8723,16881,8706,64936,69654,71806,8082,56977,49636,72217,44327,51394,27441,33985,8622,9343,18342,38959,47596,73347,67852,73271,21208,64079,58046,72479,26203,70503,77903,70519,33489,52200,52325,54894,40313,26864,57764,69797,70372,35285,54542,74297,75819,45615,494,72235,1352,71882,74176,57776,33345,72279,41500,4017,1219,69454,72387,35427,39598,62433,59224,4110,8947,53312,50835,58933,24438,49907,23091,20220,27670,57969,50915,60498,31233,75535,72876,50811,58338,66605,14796,45278,22708,62569,70242
,,,,,,,,,,,,,,,,,,,,,,,,,,,,,,,,,,,,,,,,,,,,,,,,,,,,,,,,,,,,,,,,,,,,,,,,,,,,,,,,,,,,,,,,,,,,,,,,,,,,65693,16984,68704,31117,70340,50688,69203,68055,65487,46878,29523,33331,17711,790,69331,67709,73952,60289,62505,67987,61504,60836,61919,66952,66454,16750,63108,36914,60659,73836,53153,61294,50192,57326,70097,30763,70508,1097,68589,51807,38526,66173,68544,47348,59248,68084,62683,61804,72977,45675,70016,60711,69650,58785,69883,67004,71548,50116,66325,38563,31290,31642,68905,61920,69330,45315,68551,19932,23931,52466,46024,66504,70884,71309,49256,67430,71614,71161,63254,63436,42693,47067,74463,71061,46140,19309,76197,63097,22815,64735,48190,2892,71162,73732,59372,62351,67699,49669,63748,57682
,,,,,,,,,,,,,,,,,,,,,,,,,,,,,,,,,,,,,,,,,,,,,,,,,,,,,,,,,,,,,,,,,,,,,,,,,,,,,,,,,,,,,,,,,,,,,,,,,,,,70199,70153,56505,50376,70466,40316,74759,62495,64510,23992,50333,280,63524,58632,75379,33665,67846,54550,69912,47066,55688,34943,67645,33017,69875,70196,66982,38854,61334,73107,75800,67273,68265,932,69749,65581,71446,64651,50508,49119,67839,46310,41101,32124,36797,53855,59907,50972,76411,29842,50592,52852,54840,50948,71472,58971,73041,71371,67569,63952,20720,27907,55937,51024,37964,58221,30252,46183,44233,49764,75200,65559,66091,60307,36621,23092,54739,62480,62818,69636,39472,57857,70227,75844,71811,58186,73421,73960,32428,54594,55255,9641,55130,60315,73441,73692,54941,67492,60102,60044
,,,,,,,,,,,,,,,,,,,,,,,,,,,,,,,,,,,,,,,,,,,,,,,,,,,,,,,,,,,,,,,,,,,,,,,,,,,,,,,,,,,,,,,,,,,,,,,,,,,,75261,27299,72625,72257,61100,30699,56481,48151,65358,66661,42364,51630,15790,46473,69841,29415,30774,21559,56613,43491,59536,70349,76946,70660,29933,12647,56875,26937,39410,70268,61614,72378,47473,58343,66676,57983,37836,42076,33882,38308,55536,72635,42255,58721,75423,73121,63015,65655,56898,59340,55847,23353,65752,66324,55817,17940,60202,45805,54089,45282,54819,30272,67586,58928,69487,73683,61509,64049,56321,53658,49319,65128,69510,61150,73232,53600,23248,62362,68934,65721,531,8866,64667,56198,64577,13437,69119,49168,62303,59721,62074,23058,72118,45433,36079,48847,68241,46869,54380,266
,,,,,,,,,,,,,,,,,,,,,,,,,,,,,,,,,,,,,,,,,,,,,,,,,,,,,,,,,,,,,,,,,,,,,,,,,,,,,,,,,,,,,,,,,,,,,,,,,,,,57344,69398,63779,37965,63289,60216,61015,33986,41822,44875,48126,56241,25795,24098,50882,68095,72321,66880,38246,50731,26189,67204,58052,1487,61642,379,55862,50089,68499,51167,54904,59819,29936,42449,8499,32566,73981,66926,67370,64715,69503,69991,73814,71547,72571,54694,71472,69535,27284,21605,62623,68018,72830,33218,56091,45722,66210,50889,71419,75821,60013,62552,75220,72305,37918,51785,56540,63952,71800,76667,65699,71886,27631,59724,57536,43997,67138,27338,70228,7450,60536,65806,70365,59273,69773,71305,43720,1787,48981,64318,8093,16315,73409,55885,24625,57783,73971,69287,63062,54491
,,,,,,,,,,,,,,,,,,,,,,,,,,,,,,,,,,,,,,,,,,,,,,,,,,,,,,,,,,,,,,,,,,,,,,,,,,,,,,,,,,,,,,,,,,,,,,,,,,,,67521,43391,53956,3667,74842,66099,66585,70292,33803,42739,64625,63152,73737,64852,73644,66859,73785,37253,69686,2210,67291,75216,12018,27114,58663,70192,66718,55071,72382,49542,25673,28767,66562,32610,73526,39727,46021,65114,69560,74515,69890,60895,51042,36444,36778,32713,28953,35379,48686,1026,58111,41967,71311,42464,71835,49839,67988,60577,73206,31200,24868,72465,53692,62417,63700,63082,58885,58075,64635,64441,71802,55729,50655,57234,60734,70561,69195,74024,64140,73761,63201,46561,67928,71191,70124,64618,74427,48145,44142,9497,61427,44326,59641,55123,23776,38621,53435,39325,52751,52656
,,,,,,,,,,,,,,,,,,,,,,,,,,,,,,,,,,,,,,,,,,,,,,,,,,,,,,,,,,,,,,,,,,,,,,,,,,,,,,,,,,,,,,,,,,,,,,,,,,,,33197,50162,72056,46015,74061,48398,41930,21887,72590,61692,68822,37933,65520,42233,70759,70484,42742,66121,48474,72185,70927,68558,69421,65922,53725,58135,43134,41225,70899,63432,72510,52969,54598,63162,64426,69924,67550,77433,70604,73382,66266,43385,75274,56581,73243,43729,62257,61903,67466,49401,73052,62666,42805,60983,49278,65081,44578,24209,67747,72350,71843,67623,75579,57692,63136,62071,60470,42840,48681,62020,52698,67632,20187,32479,56444,54640,68712,63631,59468,42854,70698,1726,61829,39299,59139,72124,72384,7635,66931,25949,51746,61927,43879,27106,70678,71347,60396,52731,72544,47254
,,,,,,,,,,,,,,,,,,,,,,,,,,,,,,,,,,,,,,,,,,,,,,,,,,,,,,,,,,,,,,,,,,,,,,,,,,,,,,,,,,,,,,,,,,,,,,,,,,,,50467,53882,37607,42441,74515,69379,70724,64256,76911,73556,70780,69401,74235,39307,46152,56343,63451,10580,35449,47951,72399,68640,55538,335,65771,72512,66108,46879,32624,64061,65849,66966,39314,2383,52606,49180,66073,74897,73581,71131,51197,45767,70799,57498,77515,62183,66133,3290,35446,29937,69270,55280,18858,64295,34185,32564,62325,59897,57824,43740,46743,58237,64982,58087,67707,8964,53570,43129,75393,59119,38815,8318,66149,34746,66335,43161,17328,22450,43852,75654,58436,70865,71983,7612,55684,67585,64627,73556,40930,48214,53448,39609,34205,36157,46515,47486,71259,44721,70339,66024
,,,,,,,,,,,,,,,,,,,,,,,,,,,,,,,,,,,,,,,,,,,,,,,,,,,,,,,,,,,,,,,,,,,,,,,,,,,,,,,,,,,,,,,,,,,,,,,,,,,,68665,45893,49253,54130,72560,73311,24544,43595,52878,65679,71347,40136,71423,33688,69915,43002,42736,66761,64176,70082,70334,70163,67091,73885,18114,64515,66238,36324,39185,41444,61972,68595,73440,73179,59702,43934,65156,19508,73211,31090,43034,43759,49617,60274,57167,28333,31528,36404,65113,54883,72400,71729,72220,69400,65811,54028,46092,8116,69483,66426,57979,60982,33353,47305,49011,50155,39736,19715,55237,65293,72327,65733,72506,74696,70550,62950,47115,42470,67930,71724,26475,2334,37596,54276,66947,68235,68880,66881,71941,60768,48557,41958,45204,68413,62891,66959,69036,46761,66928,12241
,,,,,,,,,,,,,,,,,,,,,,,,,,,,,,,,,,,,,,,,,,,,,,,,,,,,,,,,,,,,,,,,,,,,,,,,,,,,,,,,,,,,,,,,,,,,,,,,,,,,65637,69302,44618,43817,25158,26649,55479,32288,60505,59946,29801,55425,56865,62772,72428,63678,64451,23666,37755,26101,72494,52924,49102,40746,52218,40023,62038,21440,55916,12696,61202,67833,67837,51947,29593,34042,36618,30779,70075,76705,49231,8625,38264,22679,42056,57225,66280,67328,65747,65348,58679,75183,71136,46619,40691,49222,65052,49789,67756,51431,8776,243,49071,18474,58019,38408,65663,72163,35037,64590,59283,25908,31542,43961,51489,60143,40971,44546,62700,45881,37280,57120,55442,30256,66988,48691,10778,31521,37437,28759,54721,59208,71850,56210,50522,71425,14649,32813,49205,57162
,,,,,,,,,,,,,,,,,,,,,,,,,,,,,,,,,,,,,,,,,,,,,,,,,,,,,,,,,,,,,,,,,,,,,,,,,,,,,,,,,,,,,,,,,,,,,,,,,,,,55454,62039,71377,63908,64905,40413,63939,51683,69560,69700,41140,39964,26834,519,69937,64736,69792,66681,72161,35619,32492,41724,69446,52881,9885,48782,73181,71463,67450,47707,20914,33759,67054,67305,55783,57333,71645,61751,56496,43283,68798,63142,63646,8874,60213,74716,62342,49580,60556,51211,53618,57002,68304,45694,62833,62227,15566,59261,71775,71854,71078,52523,72642,62123,44226,57383,76779,73378,67477,47948,68426,69170,49804,338,69052,70467,72041,34521,66441,26262,1281,6473,53200,69796,59683,69923,71681,73518,68605,46874,75886,67971,49720,51600,47044,61406,50309,67512,70024,69199
,,,,,,,,,,,,,,,,,,,,,,,,,,,,,,,,,,,,,,,,,,,,,,,,,,,,,,,,,,,,,,,,,,,,,,,,,,,,,,,,,,,,,,,,,,,,,,,,,,,,68724,42647,29094,27847,45263,67545,73499,52933,65576,70312,68765,66787,73795,69734,66808,53010,71935,72168,73207,69487,71046,56161,55453,31071,73512,62074,56093,39061,71668,2459,59672,41919,46460,25594,54699,69108,39691,40683,53228,70133,53671,52911,15691,71282,63112,64081,11749,2809,71235,41757,21872,43249,42834,42426,65077,49432,75967,70692,27428,38392,72117,71839,73612,52829,46907,52889,67156,44717,70826,57440,49926,30493,32962,36193,49878,72957,13546,24161,72473,48314,73318,56172,66252,73064,68647,72477,59813,53799,60936,52744,63191,53866,58785,50928,48818,69450,63943,49101,59986,53317
,,,,,,,,,,,,,,,,,,,,,,,,,,,,,,,,,,,,,,,,,,,,,,,,,,,,,,,,,,,,,,,,,,,,,,,,,,,,,,,,,,,,,,,,,,,,,,,,,,,,51096,48114,76287,69499,71019,73055,71503,70778,75668,69820,53444,61712,68751,69144,52325,7211,77117,72203,76621,67346,74973,69510,26167,10225,48594,41286,62706,32769,55138,44325,57145,74043,46157,25105,45673,44133,63472,61896,56378,52412,61813,1498,63674,69472,72592,36896,41179,30636,21005,67980,71340,69025,48399,63897,60954,67588,59917,66409,67266,47334,66112,70516,69232,75027,59916,56559,67925,28812,71155,40085,70880,78188,72840,50011,63530,10295,65791,51654,49927,63280,69830,58183,71644,70855,49729,49151,59964,60663,60848,74759,71877,70111,60809,47362,51759,69096,72259,50644,67681,52557
,,,,,,,,,,,,,,,,,,,,,,,,,,,,,,,,,,,,,,,,,,,,,,,,,,,,,,,,,,,,,,,,,,,,,,,,,,,,,,,,,,,,,,,,,,,,,,,,,,,,50731,66234,44220,52297,73627,73823,46197,42343,49736,66787,75048,44789,72423,50218,39462,33820,75263,62233,42082,28946,34958,36403,650,3630,57315,58376,71775,64169,53430,26152,66560,72641,46413,58962,56678,26478,67575,11793,46430,55557,60361,56433,65328,61880,52794,62463,46922,34372,63358,55952,52416,59295,37658,42244,66191,48743,28414,36609,70068,47665,73776,54149,53843,61490,64503,67786,60330,44135,75106,72979,74031,72148,39159,34166,27517,63244,56707,64977,32796,913,47654,67219,41696,46153,74167,51851,60162,25256,34696,45773,63098,68084,53148,32507,66775,471,60102,52312,69345,59341
,,,,,,,,,,,,,,,,,,,,,,,,,,,,,,,,,,,,,,,,,,,,,,,,,,,,,,,,,,,,,,,,,,,,,,,,,,,,,,,,,,,,,,,,,,,,,,,,,,,,74060,50729,52982,11512,62352,65608,50747,66468,76295,39669,66219,48058,25845,9249,66023,68266,394,196,69401,69318,57666,67821,65565,64201,55994,52921,74028,75128,76397,72924,62308,73794,68383,41773,38263,30667,46232,22395,73740,73682,69918,53366,61467,10460,63373,64957,49938,23829,65001,71804,76576,75063,44355,55398,70888,44589,69839,66134,60771,72718,41954,69285,71338,67108,29191,57748,68736,45086,35567,69162,77011,69457,52640,54242,73948,54518,55719,17716,75843,75476,58516,34958,65067,38134,58865,61474,77891,69794,65294,26999,58811,43389,69098,23696,64604,63825,67248,69168,47696,47309
,,,,,,,,,,,,,,,,,,,,,,,,,,,,,,,,,,,,,,,,,,,,,,,,,,,,,,,,,,,,,,,,,,,,,,,,,,,,,,,,,,,,,,,,,,,,,,,,,,,,64696,36344,47933,73403,61752,59942,62121,65763,63165,15401,36519,28505,68059,54555,61977,60722,39520,16613,75824,72325,66781,69291,70674,69547,64305,47762,62222,61223,72758,70580,63168,72286,62879,50358,70554,62046,71570,70393,75317,66349,59122,59419,72141,49798,69759,39915,72307,71758,54842,3192,35181,50844,59322,39729,59656,1244,54098,57218,75879,68422,16702,9942,11553,19555,26740,9946,74005,74765,38349,16331,63043,57787,71733,45719,72051,30181,30886,16601,63830,60645,59100,59201,72187,43423,65484,59941,53329,32534,63371,31017,48699,57738,56055,68744,72660,73403,19954,8631,62466,50412
,,,,,,,,,,,,,,,,,,,,,,,,,,,,,,,,,,,,,,,,,,,,,,,,,,,,,,,,,,,,,,,,,,,,,,,,,,,,,,,,,,,,,,,,,,,,,,,,,,,,42876,37849,59686,47398,70899,15381,71476,69630,66327,47226,64944,63026,39812,31980,73831,62396,61262,73716,68843,41537,67663,36135,22571,52928,45330,53488,54587,9207,76612,52596,71185,2987,66065,63924,26349,47651,40755,60229,71936,73339,64927,40021,72007,56885,66127,46180,47443,35577,61447,37619,35541,31358,62000,8476,48635,59777,46374,52896,64173,72197,47310,56561,43984,22326,60368,37625,71255,72211,73162,51873,75676,52192,64166,70589,20959,75673,62152,26925,70678,43983,69775,61673,70048,71221,49107,23417,63819,16181,69145,32178,26585,468,63375,36480,50542,48606,52236,67913,30661,38220
,,,,,,,,,,,,,,,,,,,,,,,,,,,,,,,,,,,,,,,,,,,,,,,,,,,,,,,,,,,,,,,,,,,,,,,,,,,,,,,,,,,,,,,,,,,,,,,,,,,,36855,47456,57754,64107,72547,60535,72974,60044,70580,58691,55423,64683,64241,51261,60275,64728,64214,71295,50614,39258,72482,64504,66380,67146,38120,30748,68997,68489,58520,53566,67818,54235,24179,46814,30102,62038,74236,73813,72208,47270,56135,10163,38499,598,61678,66852,49459,73250,60483,71778,71135,8417,65996,56799,66897,59668,58719,51665,72954,52592,48966,51501,70546,70911,58971,63188,53898,21399,49579,51248,63554,51180,68737,69760,65599,8162,53414,71314,65035,45476,72040,15835,73663,27230,70139,64568,69624,61311,67395,65685,62158,68767,68176,70807,74822,75742,76964,75602,54262,52125
,,,,,,,,,,,,,,,,,,,,,,,,,,,,,,,,,,,,,,,,,,,,,,,,,,,,,,,,,,,,,,,,,,,,,,,,,,,,,,,,,,,,,,,,,,,,,,,,,,,,54203,54734,72897,73572,53255,73777,73839,74533,57893,40896,66364,23163,41008,53527,60738,58249,47361,48029,63066,34178,59865,9443,57173,27410,44103,20569,32021,32234,71438,61461,43323,26631,51209,916,70393,58569,61984,71666,62299,66382,64199,64682,63663,54035,49021,25755,44169,35447,57750,52182,50334,37379,73571,60302,66521,23888,70877,73780,67218,39295,72875,63584,47917,52370,67535,32430,39532,14658,77013,44605,65262,52243,77307,64485,68933,50872,62406,60182,40621,10558,49123,65900,56176,29290,30705,38481,64744,62702,62085,64025,65977,32539,20018,244,54096,65012,71260,72575,61918,27359
,,,,,,,,,,,,,,,,,,,,,,,,,,,,,,,,,,,,,,,,,,,,,,,,,,,,,,,,,,,,,,,,,,,,,,,,,,,,,,,,,,,,,,,,,,,,,,,,,,,,78016,53637,74301,68449,50805,30226,46799,70578,77035,74930,66432,57813,58002,32222,61733,59915,71788,73374,17932,25829,71378,62623,38937,42397,60890,70079,57992,50176,19385,32136,70449,57804,34557,17865,64078,24407,69660,70502,64125,69617,42690,69668,44994,43022,68508,48264,62756,54945,68802,51850,68760,64227,66665,53629,58555,58013,55691,50728,44621,30601,57881,61521,72570,70718,58848,54455,48709,57124,73302,69265,43569,62755,59433,28147,60889,52742,63679,68917,74806,71930,71558,48621,60038,57461,73716,66339,26243,34162,57928,59132,29232,31683,45480,18439,18214,32691,68578,71510,74006,70374
,,,,,,,,,,,,,,,,,,,,,,,,,,,,,,,,,,,,,,,,,,,,,,,,,,,,,,,,,,,,,,,,,,,,,,,,,,,,,,,,,,,,,,,,,,,,,,,,,,,,28045,2235,68357,52953,73382,64978,69827,38397,57264,71401,57664,51938,65458,25441,66641,48827,69472,71871,68355,54912,62887,56180,13085,19242,58848,47453,69001,53040,51604,69671,74580,61405,75753,73911,49359,57011,23113,8910,57701,54766,70537,63226,74317,58992,68327,39861,59983,73411,40526,59301,58272,64175,66513,65060,66308,22620,73375,47984,63305,53091,55036,57851,67722,66356,62626,65713,44690,25021,50019,39839,27032,66753,18839,280,56689,67525,71785,69326,66629,53385,43436,9306,72017,37220,60993,38611,59302,63068,59304,74458,71997,74552,62750,31604,71941,993,43226,43655,68890,69055
,,,,,,,,,,,,,,,,,,,,,,,,,,,,,,,,,,,,,,,,,,,,,,,,,,,,,,,,,,,,,,,,,,,,,,,,,,,,,,,,,,,,,,,,,,,,,,,,,,,,73274,40023,72048,71410,40991,73221,62338,30776,61269,63497,73011,68316,69598,57087,69507,76103,72444,69968,55354,279,31247,2516,54872,27610,60862,73953,38898,62256,54376,39711,56334,37655,75238,52406,74359,69545,68488,60096,52554,64986,72124,54472,70757,74226,72640,75127,72163,70891,62980,48261,22833,37717,58048,66793,60737,52690,65238,65828,68952,73966,66739,51796,67728,73882,60611,1517,59771,64970,39005,60775,73877,13720,51525,52867,72431,52992,46332,68646,64526,58955,35756,32255,29020,29690,39433,68462,10893,50362,58213,68661,54400,68942,69193,69451,68605,59573,43628,35628,50901,62838
,,,,,,,,,,,,,,,,,,,,,,,,,,,,,,,,,,,,,,,,,,,,,,,,,,,,,,,,,,,,,,,,,,,,,,,,,,,,,,,,,,,,,,,,,,,,,,,,,,,,53344,30306,37204,27083,71537,71338,62968,56984,71273,42034,58007,40418,58237,59771,67227,63176,8678,41607,62290,61364,66887,72767,72776,33724,71594,20900,71874,65700,71761,60326,70849,75513,51684,61275,49471,60156,70901,59752,41232,40862,50768,56184,41442,44113,44432,48352,75658,61727,67381,696,57349,64957,61729,47931,74773,67890,54428,44490,51411,52802,74519,68424,71520,67626,38240,61298,60750,65579,36489,29755,70263,40516,55930,27466,68443,70583,39642,36448,57553,71418,36949,43895,52860,49105,71708,62513,66385,38367,73413,64245,41275,42491,66554,69782,73273,72326,70297,68490,61152,52924
,,,,,,,,,,,,,,,,,,,,,,,,,,,,,,,,,,,,,,,,,,,,,,,,,,,,,,,,,,,,,,,,,,,,,,,,,,,,,,,,,,,,,,,,,,,,,,,,,,,,64498,9795,67881,24118,58867,43870,66722,26046,58277,61153,67657,69166,46137,39271,61998,61323,68948,73005,55935,39172,68839,48732,67954,66435,71989,57522,57408,63169,52791,51758,47924,54947,25239,54660,62530,67050,46384,49915,73709,71747,60360,22443,46554,46149,75858,76030,58603,38569,53394,40562,55281,35165,75694,72840,66566,33992,48830,19660,68808,68577,68792,46228,63575,17125,62235,11307,66889,70651,38390,22971,71129,64735,72970,68300,25071,652,68934,30649,60331,451,63604,72096,46863,49507,45124,41355,73022,63400,52235,68846,47926,48808,67315,31009,65882,74403,71477,33833,44382,39742
,,,,,,,,,,,,,,,,,,,,,,,,,,,,,,,,,,,,,,,,,,,,,,,,,,,,,,,,,,,,,,,,,,,,,,,,,,,,,,,,,,,,,,,,,,,,,,,,,,,,76576,29996,72168,65233,40382,63352,65504,65085,51818,57403,63791,58674,70218,23641,70146,43581,56305,36290,45783,56648,44932,64217,60557,50963,30126,66899,39536,55500,70277,31582,72112,71065,67445,27058,63626,64599,71752,72870,72800,61694,75492,71069,76023,72926,68193,21725,28590,30617,40722,31294,67763,61098,65793,61435,72778,72859,71379,48160,71052,74071,71375,45923,72481,40893,73863,68663,53747,36563,75209,70161,72083,74626,73148,71917,56825,29954,28100,39914,75043,71446,77923,74389,65436,61806,75295,71627,66485,49895,66087,64315,68726,32589,68264,38974,70684,31095,42632,43472,61536,49049
,,,,,,,,,,,,,,,,,,,,,,,,,,,,,,,,,,,,,,,,,,,,,,,,,,,,,,,,,,,,,,,,,,,,,,,,,,,,,,,,,,,,,,,,,,,,,,,,,,,,51014,63749,49384,47257,67748,66807,76005,76270,42440,30816,58246,636,41672,47467,72777,63737,33000,67830,61500,898,66308,62971,48985,64392,18242,256,67406,43978,59351,61417,63688,52662,66060,70491,39944,68737,74842,63888,52691,54674,59512,30274,76646,68737,71230,70842,48503,21700,51845,72407,73696,52760,937,8181,68918,59373,69600,25750,52328,9337,52049,71700,71770,65458,77551,63536,61475,70691,66961,34421,73542,75133,47148,46166,42348,52471,72168,72915,57588,64521,64982,61340,72760,65098,68117,73078,58343,60501,61988,61917,74300,68900,63532,57813,72321,50353,13258,52728,63700,65775
,,,,,,,,,,,,,,,,,,,,,,,,,,,,,,,,,,,,,,,,,,,,,,,,,,,,,,,,,,,,,,,,,,,,,,,,,,,,,,,,,,,,,,,,,,,,,,,,,,,,72031,2600,75369,60952,49833,42970,61079,72234,54086,62005,49831,31467,62925,44544,51280,69277,17104,32330,43711,45594,73097,67590,63403,69267,66102,31113,62730,41803,61752,41744,71265,70060,65098,66658,74075,71571,37368,31392,57745,24874,66554,59645,73569,73305,60375,63571,55673,29344,75009,71848,74715,56893,11806,22839,52296,11360,65385,37401,62867,52734,38492,31979,10771,55557,58167,54211,75861,51098,73401,66387,70649,24325,74476,70269,64997,62426,45637,23868,12737,25538,63487,40757,67536,66228,56578,48627,66389,69788,73361,61620,69623,48084,52705,53648,73743,50473,67495,60233,60247,51483
,,,,,,,,,,,,,,,,,,,,,,,,,,,,,,,,,,,,,,,,,,,,,,,,,,,,,,,,,,,,,,,,,,,,,,,,,,,,,,,,,,,,,,,,,,,,,,,,,,,,62658,56417,29373,71716,67568,3790,71911,68310,48787,1412,65970,55873,35628,64226,49396,32823,62863,47777,74755,61889,58195,42708,48324,44489,73144,23316,34756,34140,71738,73313,70466,57393,55856,61015,68865,51550,74768,51938,46455,69363,25447,28042,64188,1883,68609,69824,67766,72329,63717,48378,47551,31080,69275,37982,55290,412,40484,43363,74346,34257,23686,8977,73584,59096,58784,41140,66444,74136,66842,29660,72811,14400,68922,69185,37674,66046,58280,53087,60663,48664,30745,39231,56215,49226,75636,63509,66954,29078,73139,71475,59662,70119,31183,8824,66699,39658,55109,55928,44796,67459
,,,,,,,,,,,,,,,,,,,,,,,,,,,,,,,,,,,,,,,,,,,,,,,,,,,,,,,,,,,,,,,,,,,,,,,,,,,,,,,,,,,,,,,,,,,,,,,,,,,,66494,9019,67354,59829,73647,64311,66094,761,54198,55539,18480,50604,70142,74053,62141,71496,915,5304,51443,62984,38750,45539,68855,71580,20565,26037,69973,70662,47590,58541,62046,62874,45048,73095,18726,66248,49462,33087,12309,357,53587,1560,60851,39093,70330,54616,69995,65568,74251,37480,50903,58845,72962,69427,62309,71803,69678,53952,68409,54349,73796,69365,61989,70710,64204,42107,65422,244,59423,32308,41932,41901,68884,73503,75786,73448,45407,41798,70999,58982,24887,53943,59570,26426,71744,68492,60464,56836,67334,18887,55286,54719,75894,73147,22905,42727,76228,69525,65698,72328
,,,,,,,,,,,,,,,,,,,,,,,,,,,,,,,,,,,,,,,,,,,,,,,,,,,,,,,,,,,,,,,,,,,,,,,,,,,,,,,,,,,,,,,,,,,,,,,,,,,,73065,46611,47529,49832,69335,947,70335,56612,25333,25078,63768,69562,64584,59440,58768,48253,77520,68970,73204,11360,71094,51821,61526,60475,42010,45054,66235,72678,68987,70464,71283,34859,67816,28705,68607,72700,71256,76635,72753,43050,73780,48616,66833,43375,69186,71063,54783,449,73992,72862,48133,15319,69612,68027,57769,33105,69392,74280,70956,67134,73996,69908,70169,68379,70988,67969,64884,47842,11614,558,58260,35615,50465,38431,58167,56911,64659,24927,71872,61979,73282,69935,67439,77660,47157,2643,72065,71827,23934,12277,58897,56100,72252,59225,33984,61707,27580,10659,23245,61056
,,,,,,,,,,,,,,,,,,,,,,,,,,,,,,,,,,,,,,,,,,,,,,,,,,,,,,,,,,,,,,,,,,,,,,,,,,,,,,,,,,,,,,,,,,,,,,,,,,,,78163,73959,58472,59556,62263,56334,59334,58003,72497,74125,65705,59798,54263,16618,61689,71319,71873,57865,56371,9105,69438,3420,67604,71799,47924,52874,43571,27128,1270,9199,26838,37912,50277,68478,74306,53001,67964,903,73660,65338,72118,72738,56034,27328,11863,52307,69185,61683,70232,64939,61652,56522,8096,24462,60313,68377,55824,63741,73168,42607,48858,69446,66892,68233,68093,71062,72246,54867,33557,239,53287,46222,69883,75056,60685,2636,67337,59733,72238,52327,62632,60360,75187,71621,68770,74472,64040,45398,59495,8626,29900,28152,32303,10508,11088,24113,73348,68899,63136,30466
,,,,,,,,,,,,,,,,,,,,,,,,,,,,,,,,,,,,,,,,,,,,,,,,,,,,,,,,,,,,,,,,,,,,,,,,,,,,,,,,,,,,,,,,,,,,,,,,,,,,70992,70565,70619,65625,56893,70991,67206,41376,38680,71954,63207,69119,60898,28140,69997,54421,16784,17212,63430,71697,71675,66976,58604,9775,74927,68116,72848,68763,61774,1563,41805,42208,51895,10327,68301,52195,67704,13286,75982,54282,50167,33968,51214,28101,69878,70706,53860,35361,51106,57111,69570,69338,65717,46414,71442,66091,69514,72711,42886,40628,42973,49915,62567,55584,32134,41492,73729,70694,68574,7198,34849,65088,64650,53896,67771,69114,45885,58354,66707,68292,56178,60839,70360,68303,39932,1739,68551,68001,53768,43677,25667,40182,16996,9714,67065,68905,64291,70730,75397,62254
,,,,,,,,,,,,,,,,,,,,,,,,,,,,,,,,,,,,,,,,,,,,,,,,,,,,,,,,,,,,,,,,,,,,,,,,,,,,,,,,,,,,,,,,,,,,,,,,,,,,51512,55540,70900,68070,71473,72128,58196,63105,75280,46542,61727,67523,66584,68810,66875,11482,68762,56170,43146,67769,16725,8095,59085,71553,38295,23431,53397,54148,71929,50051,74056,67334,32172,50640,66837,75132,70964,62354,69806,37160,73650,31522,48941,37854,67983,62499,79209,65008,29748,65484,72737,69504,67601,48862,58568,365,73758,58453,72922,70376,43410,9673,62121,7558,61944,34605,55494,29798,42474,17122,13475,25640,45054,70848,38167,55379,55783,40113,58062,28485,63317,35088,59125,26226,74374,39494,24683,34787,69097,33332,72800,48837,56008,59394,43782,67453,69861,29463,1048,608
,,,,,,,,,,,,,,,,,,,,,,,,,,,,,,,,,,,,,,,,,,,,,,,,,,,,,,,,,,,,,,,,,,,,,,,,,,,,,,,,,,,,,,,,,,,,,,,,,,,,56765,66646,51874,34443,62784,1337,73404,71259,68291,33020,63507,41035,60038,51772,66765,66590,59080,45753,72673,62011,69251,72289,25791,50835,71804,74665,49257,22567,60256,60724,64484,31233,72341,66761,43016,25314,73296,71382,70080,55095,35263,29426,42937,41263,50891,54577,37279,66658,75676,69218,8406,73430,61766,50156,46790,50118,54922,70676,35687,1261,59616,60654,38124,17522,17433,65034,63318,32388,68592,69453,70944,65464,71353,58628,17518,70460,54886,71278,977,12015,66567,806,74377,64622,13929,924,72038,72132,57064,48206,69987,72219,52206,48559,57124,62973,73229,59629,50108,47378
,,,,,,,,,,,,,,,,,,,,,,,,,,,,,,,,,,,,,,,,,,,,,,,,,,,,,,,,,,,,,,,,,,,,,,,,,,,,,,,,,,,,,,,,,,,,,,,,,,,,47735,59954,75714,59992,72404,69195,73722,63018,62968,41803,68978,71052,45457,62326,62002,62500,57746,56227,60054,55015,62277,30505,56442,71055,69677,73198,72060,65829,64204,63214,57984,67135,42506,45767,72197,36756,73814,54356,59728,55691,71807,74363,67794,70883,68549,70915,66376,53041,68852,66417,22666,27903,69244,69646,52541,71229,62177,48636,32370,43560,58722,60869,67116,74179,33923,66923,74545,64769,74920,71973,59584,58931,70900,42533,61606,63055,73048,67195,67300,64160,72745,70305,39013,50761,30824,62438,75956,64200,68655,51501,69305,64058,68542,22889,39499,13933,10408,73588,52425,20064
,,,,,,,,,,,,,,,,,,,,,,,,,,,,,,,,,,,,,,,,,,,,,,,,,,,,,,,,,,,,,,,,,,,,,,,,,,,,,,,,,,,,,,,,,,,,,,,,,,,,61791,32605,74605,64449,74024,70727,31336,40136,65743,70683,70949,72219,67520,64112,75077,71779,35842,49930,66869,40140,66197,64321,71600,64106,50936,52534,61459,52236,64067,11158,59620,64532,68179,53043,66450,69902,69968,30759,68936,73246,66745,70761,48816,56932,75964,76357,74401,52670,71870,23657,71696,73905,61065,62412,72965,58011,52012,61640,65659,3002,26464,68511,58539,54321,70182,47340,72464,58172,66599,61068,71855,50116,66839,71154,60323,58719,68778,19682,65330,64860,58441,43614,27810,1609,38159,44006,71934,73311,17667,30200,61947,25362,53915,42450,66447,21391,70809,58663,67655,66327
,,,,,,,,,,,,,,,,,,,,,,,,,,,,,,,,,,,,,,,,,,,,,,,,,,,,,,,,,,,,,,,,,,,,,,,,,,,,,,,,,,,,,,,,,,,,,,,,,,,,72402,73036,63846,49246,55303,58423,14948,4935,76245,70635,63466,51395,67354,68217,62358,47418,41911,33298,67643,35719,68936,61625,58836,53591,65141,75717,72869,67576,35745,69020,48832,14689,74618,73538,72527,47281,70713,57595,53856,44230,66295,49977,67880,43657,52707,67233,50417,59592,65801,51463,69331,69345,73680,74674,71062,68390,61981,75702,51642,40158,69846,35995,64039,59495,23892,16110,12982,9111,33796,52297,68100,71085,27007,42071,73988,49008,57010,28664,68139,67847,17942,10628,47062,59897,74335,61236,52581,49004,68463,70988,60720,45174,39679,55140,67745,49834,37293,14230,28418,36874
,,,,,,,,,,,,,,,,,,,,,,,,,,,,,,,,,,,,,,,,,,,,,,,,,,,,,,,,,,,,,,,,,,,,,,,,,,,,,,,,,,,,,,,,,,,,,,,,,,,,58096,34640,71956,54265,73302,69448,69293,71673,75692,70542,71187,54282,73985,53803,34511,36322,63336,59721,26292,59206,64524,64679,55592,64471,64100,48767,73463,72362,32099,37611,72815,9708,29183,29910,69834,73411,73059,71633,55730,71057,41405,41485,63192,9149,39385,22818,49602,64220,55315,1270,75163,74847,75345,72404,50125,13323,67074,72334,73364,66284,70754,39165,48186,53181,57907,67921,52409,44304,50632,40920,40360,60759,62160,27814,75256,69001,67479,60476,59584,16773,18941,68343,60756,42645,69011,72494,10500,62121,68282,46882,70442,72431,33739,19229,58468,43101,55765,61114,51462,53298
,,,,,,,,,,,,,,,,,,,,,,,,,,,,,,,,,,,,,,,,,,,,,,,,,,,,,,,,,,,,,,,,,,,,,,,,,,,,,,,,,,,,,,,,,,,,,,,,,,,,71431,48237,61497,68452,65838,14376,67918,64729,72767,67594,45307,69140,58431,31484,41284,55100,68655,25381,72537,61324,73269,36531,69050,66012,73194,51189,32898,57500,45690,1690,72567,75354,45520,70485,71661,71129,59982,52888,71647,23578,73734,67318,71400,76207,48818,1553,47988,18045,63121,57591,67891,56455,53893,1014,71200,64077,48425,62447,38764,26595,63446,20963,44226,21683,62789,29348,58382,60843,54846,71165,72487,72916,49332,26668,71110,63979,47366,59396,50840,43818,69195,58314,56086,54247,68138,73642,65821,66195,54280,18454,66241,42949,71054,64256,68338,70012,61113,41461,7211,7515
,,,,,,,,,,,,,,,,,,,,,,,,,,,,,,,,,,,,,,,,,,,,,,,,,,,,,,,,,,,,,,,,,,,,,,,,,,,,,,,,,,,,,,,,,,,,,,,,,,,,55779,50986,52294,45381,76029,70251,43621,27646,70074,38017,70519,40084,64752,67791,73648,40884,70497,69904,20284,62747,36852,56562,61785,34514,72179,74512,47956,50553,55986,37735,48782,58652,71039,29989,64756,37116,22687,61751,56253,4552,68871,62220,64202,8762,51069,58195,75713,72026,63928,69104,75713,70884,28311,75367,75462,72917,52807,29813,74320,68037,67954,63137,56116,47695,33026,24920,67043,60242,43921,22224,62864,59495,30835,65617,18101,2450,40924,54955,73958,64255,39252,68589,60917,62360,73021,54657,74976,15518,77313,74117,57767,68435,70566,22395,69685,75497,70106,50237,65538,72295
,,,,,,,,,,,,,,,,,,,,,,,,,,,,,,,,,,,,,,,,,,,,,,,,,,,,,,,,,,,,,,,,,,,,,,,,,,,,,,,,,,,,,,,,,,,,,,,,,,,,62606,67305,22456,34203,64517,43374,46092,15036,370,752,57373,56574,62221,74874,43000,62347,26993,21529,76950,69834,71170,53237,53480,40424,73596,70988,76807,67741,74753,31259,26081,29318,53382,46002,24817,70522,72128,57436,70206,59867,47034,43552,57263,58998,70818,63840,58178,34243,73828,70805,73953,9502,65235,46376,27073,69998,57909,38479,67397,36611,50390,71202,72607,71191,53518,31579,68775,43437,72626,68683,72770,52914,63242,64605,58411,8848,57546,72776,66777,57982,67816,66898,7959,646,61888,61922,18270,11888,73224,72805,65525,64496,71551,69235,67990,27204,20840,1189,73115,71993
,,,,,,,,,,,,,,,,,,,,,,,,,,,,,,,,,,,,,,,,,,,,,,,,,,,,,,,,,,,,,,,,,,,,,,,,,,,,,,,,,,,,,,,,,,,,,,,,,,,,71816,65248,74355,66889,50373,2087,59814,17242,64272,8815,73365,74511,57993,53603,29611,73890,39203,55914,51591,48619,67848,481,61793,654,70618,59434,56377,38484,62358,62409,41839,7980,32723,35636,66827,66568,59895,49488,50622,64884,1900,1273,70024,67055,50684,32253,75054,67638,64149,70536,28461,70725,34678,53040,73810,32962,72872,68160,57145,50849,72452,59099,41229,33963,70631,44206,72484,70819,33975,28398,66722,64693,56783,50083,61410,954,66592,49220,70364,60390,73311,71949,61395,71258,70929,70182,71585,66205,71130,52597,34405,28346,42419,33403,71490,60262,27234,54106,33092,1042
,,,,,,,,,,,,,,,,,,,,,,,,,,,,,,,,,,,,,,,,,,,,,,,,,,,,,,,,,,,,,,,,,,,,,,,,,,,,,,,,,,,,,,,,,,,,,,,,,,,,70023,66199,65901,7089,72813,68301,54645,70075,54494,70630,72671,73084,67591,63072,64549,35587,63176,40617,61826,65460,66217,65844,65841,67613,60559,58543,58278,63435,73925,74035,64413,26574,31016,44717,52321,56109,33153,44290,41902,28883,71696,61793,66115,54413,65580,71199,69291,64595,71792,72918,70621,55793,50657,54163,21477,44415,57486,40356,72452,67050,63008,45494,40729,42918,65528,58476,71694,65050,74420,68087,75052,69179,77929,68929,76675,74706,75405,66643,69849,67739,68003,61632,41322,48453,59422,71572,59069,66461,41295,46419,73648,58393,71274,51910,66710,244,41911,60692,70086,47309
,,,,,,,,,,,,,,,,,,,,,,,,,,,,,,,,,,,,,,,,,,,,,,,,,,,,,,,,,,,,,,,,,,,,,,,,,,,,,,,,,,,,,,,,,,,,,,,,,,,,74064,16775,46982,260,74191,63849,71973,52548,30161,50182,62340,64476,68378,40657,59501,52906,68720,67791,58559,63565,40483,633,46738,72643,65750,66161,67446,771,58305,28764,72221,42877,43449,63228,49312,73995,67894,64967,39444,28543,74423,69980,66368,38627,53634,44245,62960,65115,68878,47043,72167,67433,59602,40535,68135,56599,71896,50159,75989,64364,64631,68738,70756,52093,67072,68987,61781,39726,47887,37667,59273,23855,69061,70597,71959,56940,66458,21985,25626,15628,34626,48193,70971,73231,71029,49551,72565,61734,69645,66622,71990,62909,43538,44846,50994,74065,42714,44245,73899,66042
,,,,,,,,,,,,,,,,,,,,,,,,,,,,,,,,,,,,,,,,,,,,,,,,,,,,,,,,,,,,,,,,,,,,,,,,,,,,,,,,,,,,,,,,,,,,,,,,,,,,46336,63558,27664,18569,9642,68938,49895,43631,40814,69259,72810,57633,51755,6496,33710,67889,45010,31884,68022,66771,54304,19145,72894,25778,56802,38252,72527,73752,36433,28125,38246,45802,70376,8181,71505,75843,68434,12674,72099,65437,74124,63041,58682,63365,74809,47970,17898,15333,34880,70984,73297,68134,16964,381,65744,52140,58071,71053,72306,72515,70404,53405,55434,70192,71869,37666,71483,51960,75831,44950,58525,871,68227,62914,55455,52840,72691,75841,74887,45611,73310,59883,66136,59772,64507,64122,70220,71759,64825,71830,45367,75372,23575,20683,66035,61424,75820,74901,69933,49720
,,,,,,,,,,,,,,,,,,,,,,,,,,,,,,,,,,,,,,,,,,,,,,,,,,,,,,,,,,,,,,,,,,,,,,,,,,,,,,,,,,,,,,,,,,,,,,,,,,,,58128,46461,55606,55476,71612,75171,70155,62813,72340,72078,50496,39954,32100,51294,72770,73900,65830,65392,65605,69921,56426,62082,70318,73351,44024,34996,66917,53603,35909,36487,45739,47586,70357,45700,73837,45185,63787,72784,66872,24966,72334,70085,58849,16135,60172,69102,64196,71898,60422,61127,71811,52721,35796,18520,73623,68962,71903,31078,73274,47501,76449,64605,46061,49544,41154,35701,56946,69609,15310,22782,53453,37483,72350,71021,46094,42211,60166,17871,75183,47703,47151,38500,58414,27560,41634,45878,21835,1332,61157,52752,71767,59781,46477,55789,57203,38520,70244,12132,75728,59327
,,,,,,,,,,,,,,,,,,,,,,,,,,,,,,,,,,,,,,,,,,,,,,,,,,,,,,,,,,,,,,,,,,,,,,,,,,,,,,,,,,,,,,,,,,,,,,,,,,,,76186,62731,46693,43929,37879,45546,69803,71344,65598,61059,75187,31315,54523,56332,46040,31207,56723,58306,35773,5890,59033,45273,73540,61651,63214,39027,64572,52932,71523,56200,71928,73677,66944,42229,72611,46959,66040,72616,65317,69219,43389,49805,23253,51232,51888,33421,61747,29354,71002,76603,70635,71079,57329,44011,73070,62297,58487,65852,70185,46440,34087,63562,48119,69224,75281,57007,59936,43543,54073,54295,69344,74344,63905,1505,33892,8401,40489,60605,70042,35710,64304,8203,41984,60680,67956,41429,69250,59711,53318,54327,64764,63412,48255,45520,57706,51591,56833,1649,49954,46581
,,,,,,,,,,,,,,,,,,,,,,,,,,,,,,,,,,,,,,,,,,,,,,,,,,,,,,,,,,,,,,,,,,,,,,,,,,,,,,,,,,,,,,,,,,,,,,,,,,,,65392,66349,64650,813,62074,66568,72592,59704,67298,11198,58069,41270,63323,68345,72841,62451,74654,76235,20459,22506,53129,1875,59921,42316,28982,56466,48120,52034,71442,72482,59627,53609,63782,51890,74337,72768,68202,56466,55446,43046,72464,69160,65129,50896,48000,28937,65058,65448,77467,72851,60602,52651,61898,71287,54080,1786,62303,16203,67991,76959,74061,71717,68837,17537,69571,37866,72929,37645,69439,20564,74998,64145,60743,53702,75165,64914,62515,38811,47810,2862,66435,64466,68719,63306,72773,48521,73196,63111,65461,56454,53541,54420,41403,57986,66821,48387,60950,60085,57319,37480
,,,,,,,,,,,,,,,,,,,,,,,,,,,,,,,,,,,,,,,,,,,,,,,,,,,,,,,,,,,,,,,,,,,,,,,,,,,,,,,,,,,,,,,,,,,,,,,,,,,,46344,68221,69101,51050,32272,17936,63479,22915,61524,33712,44818,55424,73233,67476,69281,33675,62578,62090,50678,54328,62369,64871,72998,70289,70514,74272,58339,36557,62124,52099,68514,29064,63848,20263,38683,54599,70501,17383,71142,56865,72720,60142,12757,70557,31840,72113,70434,72416,53932,387,67983,74214,70466,67941,48852,50374,69749,73319,56319,64290,65959,72967,63715,65564,75532,71210,72074,69591,35059,67540,76690,68697,55697,68366,62033,68653,69437,39805,73053,71619,61052,59004,68029,45349,44234,42817,73535,58746,60914,50063,59213,45031,65421,60095,63311,70001,63993,51260,67387,73653
,,,,,,,,,,,,,,,,,,,,,,,,,,,,,,,,,,,,,,,,,,,,,,,,,,,,,,,,,,,,,,,,,,,,,,,,,,,,,,,,,,,,,,,,,,,,,,,,,,,,73442,72511,66330,71576,51920,29054,55591,74459,63501,70144,68294,74629,67844,46036,74576,72033,36457,59951,60054,67804,50906,43453,25229,26874,57189,23575,64956,28115,43937,55063,75216,28611,70739,52714,74774,61378,66177,62929,64578,61543,63462,28108,70249,72839,58063,65539,51088,2981,72334,29465,69717,65308,56744,68625,68112,55694,56498,69905,71398,53064,68641,63286,61879,68103,44216,48678,50652,35657,67346,34887,36707,8073,56644,32934,17171,31607,72932,63930,60322,40567,66997,66087,63899,73398,76198,44100,72197,23507,61739,53761,68776,60338,66575,59468,69666,68234,67523,70231,77292,69381
,,,,,,,,,,,,,,,,,,,,,,,,,,,,,,,,,,,,,,,,,,,,,,,,,,,,,,,,,,,,,,,,,,,,,,,,,,,,,,,,,,,,,,,,,,,,,,,,,,,,55436,46295,69318,48685,41582,28137,53081,53709,59009,49905,74014,42678,67683,61710,76370,39960,59471,61610,67852,58329,73033,57634,49274,46529,29598,55078,70482,51778,62138,74141,47304,59497,64275,68263,74892,70519,38958,18558,66831,70957,70814,72013,61323,68471,71312,64005,72020,39545,64892,60452,65947,59160,42873,68050,62336,50855,61887,50620,60127,58871,72273,65544,32172,46117,70795,76752,54922,55766,68275,68926,63722,63442,62078,73955,56934,36482,63518,75668,71633,25723,47282,45655,73350,66702,71631,60502,67780,33341,70298,51221,72839,62861,72366,40290,64783,70266,74388,34663,73208,70650
,,,,,,,,,,,,,,,,,,,,,,,,,,,,,,,,,,,,,,,,,,,,,,,,,,,,,,,,,,,,,,,,,,,,,,,,,,,,,,,,,,,,,,,,,,,,,,,,,,,,26668,50582,30384,39179,69641,68620,62436,40583,77592,42198,16587,67230,74182,50708,68358,45335,50477,29056,16163,7739,71297,65174,72727,38156,72282,58537,56580,1750,63574,61521,70181,54053,64939,55899,68140,54200,69752,60814,49082,54779,38708,60798,56178,59204,59069,69940,72680,42372,70265,12570,67293,40940,61773,57400,73784,51166,70260,55807,62703,42376,74477,48877,49924,169,50429,57852,45742,38472,72270,65881,65476,858,73336,70802,73677,72134,13764,31649,70049,11224,62696,72871,74548,74700,32278,57778,21992,1559,52531,63955,74760,75306,68809,35668,58337,62705,42064,51289,62025,58619
,,,,,,,,,,,,,,,,,,,,,,,,,,,,,,,,,,,,,,,,,,,,,,,,,,,,,,,,,,,,,,,,,,,,,,,,,,,,,,,,,,,,,,,,,,,,,,,,,,,,53333,38530,74667,28734,64443,44611,69328,66455,62637,46732,72606,42956,73560,69920,66375,64346,61441,65749,69034,59576,49572,8333,69512,26829,57166,148,61007,1132,29365,31756,50107,57782,58019,58511,32003,31671,64048,51103,63706,30523,46173,48450,56193,57261,43123,34452,68201,62052,44263,51182,66478,68014,60570,65640,70989,63621,60738,38207,18476,16435,64930,69903,58074,64159,66584,69814,63250,59798,68075,61984,63535,53813,58457,3093,69344,65842,30327,66906,26172,655,31785,65304,67206,51617,225,933,38627,13908,48045,13490,30770,51337,62214,3722,71548,44844,69856,58176,9562,32056
,,,,,,,,,,,,,,,,,,,,,,,,,,,,,,,,,,,,,,,,,,,,,,,,,,,,,,,,,,,,,,,,,,,,,,,,,,,,,,,,,,,,,,,,,,,,,,,,,,,,53166,31594,52878,43991,76453,72110,71781,42731,65987,37361,74478,71760,60418,42843,73939,67413,64169,62962,67492,72748,72335,68308,67173,68781,70186,64539,70759,41851,67653,75226,71307,66837,41640,23933,48540,49456,56529,61990,61552,47405,71208,68006,27867,18368,51710,53882,66045,68683,57831,59660,23786,48185,69337,69525,38340,49523,73647,68929,62400,61902,35747,18685,51624,70727,66625,50153,69535,36932,48386,8285,73683,74962,46888,52507,14193,36331,46074,50824,28051,63550,66894,61660,60636,65607,55500,31547,67015,1343,59678,2417,69661,71661,69486,16691,73030,62747,47477,70167,64144,60380
,,,,,,,,,,,,,,,,,,,,,,,,,,,,,,,,,,,,,,,,,,,,,,,,,,,,,,,,,,,,,,,,,,,,,,,,,,,,,,,,,,,,,,,,,,,,,,,,,,,,34857,56861,61283,73045,48892,64494,59094,56091,73230,46003,56138,59791,67898,63948,23996,28325,46959,59907,40050,16620,68340,65125,71572,45803,73901,65134,69898,63755,63605,26953,68270,61867,57864,74074,63614,56706,44794,16921,38384,69083,37262,32187,44254,42590,72871,77194,53289,40942,49118,52728,70928,71748,73250,72435,33297,35292,67787,49234,65758,19474,57094,46115,73783,62774,44101,50540,56679,60214,70151,23173,59783,55895,47303,15794,71234,68755,69139,65493,44513,534,47369,34151,71612,65892,55411,50951,54935,60503,42728,68122,72525,72010,61485,72290,67966,43142,49892,51018,66272,67932
,,,,,,,,,,,,,,,,,,,,,,,,,,,,,,,,,,,,,,,,,,,,,,,,,,,,,,,,,,,,,,,,,,,,,,,,,,,,,,,,,,,,,,,,,,,,,,,,,,,,63653,56438,55668,72818,62772,66257,53549,46568,67146,67008,56084,67709,72030,8425,69674,74863,68781,69328,45773,69111,53629,29635,23278,60830,19044,10825,67796,69522,66534,60653,63734,58493,71059,73387,71736,45483,53236,57811,31674,46984,67113,58972,71290,71073,68386,47686,61795,71366,72548,66184,66478,59258,74221,58367,35550,74350,56864,67496,61616,27218,52082,48170,56743,53231,52440,67564,63250,35080,31811,45955,47433,65761,25759,22707,69869,16930,73640,51175,35958,44634,70598,74742,68094,62129,30020,67796,52546,62160,59151,100,51045,44890,50359,60036,44609,17060,70357,70420,57088,46795
,,,,,,,,,,,,,,,,,,,,,,,,,,,,,,,,,,,,,,,,,,,,,,,,,,,,,,,,,,,,,,,,,,,,,,,,,,,,,,,,,,,,,,,,,,,,,,,,,,,,46035,54883,46523,69664,63859,47871,70212,34220,68507,41469,70452,70015,20279,40217,52784,46618,69737,73107,10929,65677,58893,77735,30344,18356,18241,1368,73374,58372,46386,14024,26597,34594,75061,35285,61970,71397,76045,59690,65808,66207,74502,70488,74378,77490,52301,50306,59802,63219,33889,22134,24999,9010,16547,42381,69981,73624,66556,41555,35453,22895,72431,40201,73677,66266,74826,34443,55751,39846,72579,65526,69445,30517,51611,63776,32866,15463,18178,24243,69779,9983,71990,38262,68413,14963,46941,53105,65181,43817,59419,47494,68628,50383,55677,31458,59398,68335,59963,1968,70854,70306
,,,,,,,,,,,,,,,,,,,,,,,,,,,,,,,,,,,,,,,,,,,,,,,,,,,,,,,,,,,,,,,,,,,,,,,,,,,,,,,,,,,,,,,,,,,,,,,,,,,,71370,59425,65522,63017,63050,1143,69589,33388,75402,73854,68763,77324,41650,51140,54566,38392,45677,50139,54374,52806,50874,57462,32575,65252,40142,59423,73807,75073,67431,63624,56550,31691,69225,3378,58590,8563,67253,70095,72649,38246,65907,24061,45354,43231,39514,55227,53655,48271,73139,71515,73796,71737,74170,71008,40536,42504,59441,60379,52920,65373,70159,63659,55460,64386,63475,63881,65753,68298,14776,18564,54838,14665,72923,14600,57697,65530,61163,64534,73005,63900,16758,41365,49023,69119,22334,30150,66257,26775,73022,67479,50226,68690,53337,69875,73674,23283,40713,7950,63777,56201
,,,,,,,,,,,,,,,,,,,,,,,,,,,,,,,,,,,,,,,,,,,,,,,,,,,,,,,,,,,,,,,,,,,,,,,,,,,,,,,,,,,,,,,,,,,,,,,,,,,,69598,71040,68077,45998,72725,63499,55158,41587,55224,61594,49280,47043,65073,47345,71920,59969,69945,57188,72062,38958,10288,20984,75690,70012,19914,40442,54336,67345,56152,54305,63260,62181,50630,8058,73074,58875,72238,67780,72741,67366,73903,46103,52202,41665,56778,61611,41941,45865,58061,8649,47946,31459,42266,35449,69493,62901,57879,62338,59276,63769,43052,42253,64115,57368,71290,61720,62263,48833,52321,52898,64173,43814,59624,49566,69328,58829,59725,43064,69449,57910,60299,59016,68703,55780,49009,45066,71855,48193,64320,61968,75625,63764,68401,56726,31988,41734,58001,57825,69879,76211
,,,,,,,,,,,,,,,,,,,,,,,,,,,,,,,,,,,,,,,,,,,,,,,,,,,,,,,,,,,,,,,,,,,,,,,,,,,,,,,,,,,,,,,,,,,,,,,,,,,,60376,64481,61288,53034,68227,35222,57981,33593,75058,68775,49765,60362,28351,50952,27586,38315,71508,28551,64153,72370,73060,77139,64130,10307,53803,69760,69714,55404,73890,53449,63457,62352,60793,51728,62038,61315,65239,69920,47880,54472,64359,58744,490,1342,50505,39417,78664,68485,9796,2901,72105,63240,10021,9774,45379,63253,72212,65835,75267,52713,76185,70642,36114,67066,61425,53926,24045,1861,62949,68665,68204,61022,40127,57938,68434,52950,54897,4914,71018,75778,58118,51910,16556,17956,23494,52281,62928,52488,49470,41862,35566,57551,67388,66847,72644,50111,72321,48881,49199,31069
,,,,,,,,,,,,,,,,,,,,,,,,,,,,,,,,,,,,,,,,,,,,,,,,,,,,,,,,,,,,,,,,,,,,,,,,,,,,,,,,,,,,,,,,,,,,,,,,,,,,71043,61700,71869,58874,70871,27213,75278,74965,65994,68784,68790,219,74668,44586,63919,69212,69587,47109,58826,32932,67513,56754,58136,63328,74214,65240,68089,39541,68018,47477,58997,60201,71525,65882,69995,60676,64808,39614,66725,60560,73785,60729,70797,64910,60571,62267,66118,64293,66448,59919,73558,70427,64431,44541,37294,56791,74179,74647,71436,46558,44453,16749,65305,61743,63292,40211,65915,34965,64063,73912,72953,73483,66354,66447,68548,39539,54434,49164,59209,70166,49686,75502,60756,48371,65714,33193,70521,71788,70043,71671,57421,66315,36389,67891,66906,55949,65726,59827,74682,71685
,,,,,,,,,,,,,,,,,,,,,,,,,,,,,,,,,,,,,,,,,,,,,,,,,,,,,,,,,,,,,,,,,,,,,,,,,,,,,,,,,,,,,,,,,,,,,,,,,,,,50662,61275,63507,291,25143,21287,39849,22976,68140,68359,70127,69600,64796,33469,62603,31258,54116,41184,47002,65707,53010,60537,44949,45719,73484,64527,72485,4486,63864,52301,73470,78788,72719,75078,75747,63556,70109,74846,26755,21296,67762,41300,69424,52726,44295,15660,63023,47820,66681,38654,72312,71530,63708,13274,69511,37815,64146,51079,20741,48544,34514,368,54596,66696,28954,541,74021,66476,63513,1405,60574,1391,65879,8467,63131,13664,71413,70690,41265,63881,72901,64104,57110,60687,73835,74055,73476,10180,52787,48619,72038,56269,68655,70206,57584,71160,26824,37005,69103,51211
,,,,,,,,,,,,,,,,,,,,,,,,,,,,,,,,,,,,,,,,,,,,,,,,,,,,,,,,,,,,,,,,,,,,,,,,,,,,,,,,,,,,,,,,,,,,,,,,,,,,47870,60948,53077,59367,47994,71077,34449,611,74759,62540,72357,65724,65872,39991,56827,57634,71280,72009,75797,65617,73593,69285,58362,66306,60861,71142,72745,68692,72307,57098,59235,8653,73130,72465,61292,71219,26642,67489,49362,71121,71491,73535,60407,66262,76513,66710,68744,24451,41723,25940,60469,58237,52353,59745,65367,67447,64871,63965,71153,68303,62356,18145,60272,60033,43363,43484,67489,63035,38854,65184,64797,59166,66790,71747,51127,53768,37142,24067,60643,45044,54250,69984,54752,68056,7306,2876,50243,68048,49194,64162,45026,30658,67918,66671,56916,61000,51053,43794,67788,72604
,,,,,,,,,,,,,,,,,,,,,,,,,,,,,,,,,,,,,,,,,,,,,,,,,,,,,,,,,,,,,,,,,,,,,,,,,,,,,,,,,,,,,,,,,,,,,,,,,,,,49641,59666,68547,62419,32816,55728,69850,55550,70872,49165,66077,53080,38316,48207,57952,7803,50814,70414,70242,42861,77487,34762,74067,52870,70763,50922,57271,58758,52294,63499,62287,40161,61747,65514,77365,65199,69462,65035,65920,60070,55735,44479,68379,67646,76224,76591,72774,72010,72497,53807,74209,69959,51938,52528,65027,76005,65380,71938,70616,57914,71537,64642,36023,61742,58440,67238,70815,7848,67969,36603,73886,60202,75530,63449,72025,58374,43801,75060,69975,9758,29306,53712,42134,29376,43434,53215,74223,63248,71956,66574,69061,16227,71002,73952,56662,62125,50269,23910,61622,23686
,,,,,,,,,,,,,,,,,,,,,,,,,,,,,,,,,,,,,,,,,,,,,,,,,,,,,,,,,,,,,,,,,,,,,,,,,,,,,,,,,,,,,,,,,,,,,,,,,,,,54628,71494,62340,59229,47409,47347,69837,46791,57843,60774,69517,74490,56328,39081,74447,71039,64358,16234,60017,29673,78357,63931,73899,65023,56723,45676,65899,54792,60266,42708,73196,49307,68624,18813,72017,69828,30253,52248,29097,21263,47179,52341,66496,51051,44899,58108,17274,24014,73735,61177,57912,66333,70193,69723,68890,26455,53512,50018,52994,52985,67663,25801,56098,66386,70516,72578,66062,67553,70315,73955,36267,419,48419,37522,44638,51110,63619,71827,56872,59900,68663,69702,73995,53254,66587,68649,78345,51413,69075,62983,66444,61507,21159,64671,48680,44377,72588,56292,64827,48691
,,,,,,,,,,,,,,,,,,,,,,,,,,,,,,,,,,,,,,,,,,,,,,,,,,,,,,,,,,,,,,,,,,,,,,,,,,,,,,,,,,,,,,,,,,,,,,,,,,,,72373,76117,72342,70436,73049,73933,50513,32787,73644,74677,37543,64234,70527,71147,75203,71618,73181,70457,67079,53345,62003,56308,54664,56263,37830,24302,52104,47045,60870,62520,71452,71449,70704,52077,72856,54728,64299,35750,65642,69427,61702,453,58261,49750,52488,49029,72105,64872,72338,61861,71536,72392,70647,41368,40772,56015,73929,62899,14358,42728,64295,34594,47450,46781,52242,49168,64856,36315,74234,69504,61652,21822,52383,69328,72956,52667,63868,387,74396,32999,34533,60505,56247,56992,63182,2088,70439,71741,73920,69907,67980,65801,51492,55382,75785,70183,60687,23076,65478,50961
,,,,,,,,,,,,,,,,,,,,,,,,,,,,,,,,,,,,,,,,,,,,,,,,,,,,,,,,,,,,,,,,,,,,,,,,,,,,,,,,,,,,,,,,,,,,,,,,,,,,47351,47801,68822,1068,53684,33551,66544,31120,60392,6528,67609,28930,51775,66541,19811,60992,69979,65281,44008,62049,51973,53236,45567,45689,30283,41267,71827,71336,27628,33246,57452,62450,70083,69651,70880,30767,19686,20029,64867,50712,25943,20580,41404,61615,72286,68625,49467,8769,65070,67964,65083,49442,47016,54059,57454,41644,68330,68096,71873,48345,38868,69386,65440,63903,62331,44760,47308,50165,19779,673,70926,49022,69841,41335,68417,67152,69982,60037,65110,71139,69070,65879,66812,33721,68927,41518,51087,23465,40943,14811,68493,38541,50825,66006,33978,28301,66522,51261,48919,72827
,,,,,,,,,,,,,,,,,,,,,,,,,,,,,,,,,,,,,,,,,,,,,,,,,,,,,,,,,,,,,,,,,,,,,,,,,,,,,,,,,,,,,,,,,,,,,,,,,,,,71383,57968,52373,20306,41084,66095,68867,66756,67595,68025,43623,61545,59006,56645,69833,34135,50086,66574,56308,53293,67429,66828,69937,71151,73826,68741,66064,50224,67134,45330,17093,8154,52619,50442,64927,52689,54755,19858,70417,72973,75397,43496,21111,31801,69504,73114,34788,2508,70141,57630,59140,35509,67841,37926,50287,38155,69930,69888,63098,52057,36152,44547,54829,62604,1183,10719,73722,75555,66789,66551,68572,24115,75965,65287,66794,71469,38946,70563,73509,9689,49152,25873,70102,63992,69943,58561,59702,61458,36247,33681,73076,57167,52005,63981,46530,25253,69754,4754,75991,61405
,,,,,,,,,,,,,,,,,,,,,,,,,,,,,,,,,,,,,,,,,,,,,,,,,,,,,,,,,,,,,,,,,,,,,,,,,,,,,,,,,,,,,,,,,,,,,,,,,,,,66836,70048,55699,70347,52553,8016,15649,16769,67988,64180,72791,74195,69391,53218,46397,56991,55382,39288,70770,67922,71215,71986,44697,13761,68008,69421,56529,51914,61504,73173,62120,24136,70890,47166,70436,64472,68484,61508,65253,35769,66299,32265,68738,71581,66662,67673,71286,10399,66177,75203,61656,64299,71429,71106,73840,70581,67938,50037,47357,44479,56169,64034,68127,60795,25295,67209,66346,57634,65745,63869,43034,58875,71603,44582,73657,69818,66926,26968,71023,74193,72579,2345,54861,59243,65718,56186,36376,61807,59602,24008,33619,10168,72791,75032,69435,68413,53590,47521,38151,63349
,,,,,,,,,,,,,,,,,,,,,,,,,,,,,,,,,,,,,,,,,,,,,,,,,,,,,,,,,,,,,,,,,,,,,,,,,,,,,,,,,,,,,,,,,,,,,,,,,,,,36352,53079,46558,34563,70679,54943,69496,54520,64839,38399,62285,60859,27907,67878,56612,30924,71419,76787,35760,64693,60248,62265,52827,237,63957,50711,68199,67550,77022,73894,54783,24134,57921,61989,70780,258,34715,68600,73171,69969,61930,61522,73960,74202,70274,46377,69339,72651,70618,68791,35910,25534,40897,42053,43680,48008,71651,69129,66725,54521,36400,31636,68808,55773,74040,70904,63370,69289,71564,72603,39133,17961,72510,71294,34512,48906,58382,46345,42847,41646,68963,30032,69786,74812,68232,60432,59207,349,43096,44739,43423,56532,70542,39249,59357,70931,53511,8576,66772,60839
,,,,,,,,,,,,,,,,,,,,,,,,,,,,,,,,,,,,,,,,,,,,,,,,,,,,,,,,,,,,,,,,,,,,,,,,,,,,,,,,,,,,,,,,,,,,,,,,,,,,68017,27284,64886,66254,75059,70438,63349,28115,68203,11576,34711,31948,23709,7235,67606,65887,57865,25530,46325,343,62449,60426,65633,67798,15634,19236,30311,566,66697,38593,76136,76687,57049,19200,60407,55536,55660,74901,35764,44866,67148,1912,64103,52649,66328,44395,25316,37866,66896,47315,65604,69883,72569,42204,65255,63509,71367,74459,52307,8028,51616,42466,44675,41585,68250,70049,55740,72894,58521,4082,47098,170,69567,60814,52709,57342,72671,65335,66920,60261,67723,67436,48104,49475,58892,68419,45689,65710,66049,27868,45642,1087,66177,61028,72179,52923,52587,73810,34259,34544
,,,,,,,,,,,,,,,,,,,,,,,,,,,,,,,,,,,,,,,,,,,,,,,,,,,,,,,,,,,,,,,,,,,,,,,,,,,,,,,,,,,,,,,,,,,,,,,,,,,,64043,52241,37822,19946,27748,39966,47461,62875,66179,36872,71850,69182,64441,63535,66306,561,74254,76970,35100,60254,73118,40625,64835,72802,69416,27442,58111,40848,60370,52770,59616,63538,54711,64868,45924,23077,55362,68410,39748,43039,75617,64551,51197,43358,43660,71317,48866,60857,59174,35252,58012,45843,67855,2731,66901,38471,57395,25253,62553,50600,41265,52806,69651,69125,66496,61472,67160,73369,67885,51676,70565,72384,68057,72908,70668,59481,68878,53909,51658,16125,64317,72401,59518,69481,57460,68982,57449,62807,53887,55977,64530,59589,51757,50254,53254,35499,74324,45210,63187,68643
,,,,,,,,,,,,,,,,,,,,,,,,,,,,,,,,,,,,,,,,,,,,,,,,,,,,,,,,,,,,,,,,,,,,,,,,,,,,,,,,,,,,,,,,,,,,,,,,,,,,42867,55303,67824,36315,23353,1518,62179,60948,72429,74148,55057,47849,73054,71754,71604,53604,24309,45138,73217,66777,57205,43439,63095,54422,61821,62168,69354,68302,38565,68506,70905,71751,59417,73964,34137,38816,29405,60927,59140,68070,64137,70846,69620,64383,70458,70001,50469,55613,36893,28463,61039,51988,51807,31611,69780,62628,69200,50726,36698,50278,73134,47792,74684,71911,74880,74102,55635,44597,68818,55649,43810,66309,58198,51155,69095,41592,48685,8277,33444,17411,34172,47840,64106,68514,42865,62285,34692,49112,70307,52818,67334,53261,68426,62556,60202,48481,65076,47489,9549,300
,,,,,,,,,,,,,,,,,,,,,,,,,,,,,,,,,,,,,,,,,,,,,,,,,,,,,,,,,,,,,,,,,,,,,,,,,,,,,,,,,,,,,,,,,,,,,,,,,,,,66994,14813,66365,55496,72907,70596,69144,57255,75783,74069,70432,71941,68235,75110,67935,40609,66182,12390,14746,907,74166,56944,66268,7366,49796,50015,16313,1337,22046,63148,52805,62321,58776,32659,61747,75931,70118,61626,64693,69455,66720,69835,51530,65915,68462,57537,68234,58503,35787,43718,43953,49785,71966,48544,66183,65239,60142,61079,63234,60679,68256,57741,63754,10492,61186,59728,51477,67346,71420,71641,67900,74246,41643,364,59194,25172,65316,20519,66635,647,72541,69060,70174,42057,56004,50353,69074,42691,72953,60937,45476,59762,12978,6127,61957,477,53684,67041,77283,63763
,,,,,,,,,,,,,,,,,,,,,,,,,,,,,,,,,,,,,,,,,,,,,,,,,,,,,,,,,,,,,,,,,,,,,,,,,,,,,,,,,,,,,,,,,,,,,,,,,,,,62418,65443,58320,45865,50275,73167,69739,67584,73368,65784,65391,64510,59424,66917,64077,41033,59911,74255,70416,68720,22566,1055,71176,72682,69799,71626,59196,69118,50257,68802,54128,71565,65838,56772,68964,37708,62604,19502,63273,73519,74424,46259,45096,52428,61438,49623,19028,30991,59969,68991,74471,69577,65914,59239,46000,42413,40294,31789,48407,42637,44458,60287,75311,72743,57221,61653,74603,58229,72046,73812,69187,65971,74824,69164,67526,40433,54947,41350,63218,62914,54466,43451,69598,61550,42083,48652,76525,69758,69110,68889,50539,20403,17973,29014,48028,46833,69272,52801,71144,46682
,,,,,,,,,,,,,,,,,,,,,,,,,,,,,,,,,,,,,,,,,,,,,,,,,,,,,,,,,,,,,,,,,,,,,,,,,,,,,,,,,,,,,,,,,,,,,,,,,,,,70000,64314,72327,71895,52470,56932,65092,20068,61144,66929,71268,70950,51933,41299,66393,67587,61592,52048,57886,70332,71178,67324,73996,72897,19513,18876,35828,52967,45327,21272,60954,55326,30104,24994,46968,43274,62757,58458,44786,71317,55853,8940,57035,46029,62146,39989,64960,65981,58360,39998,10328,15578,33603,33613,69864,33819,26613,68182,61317,61640,60401,70471,66174,31544,71872,64332,27792,45889,67963,62603,74929,2649,61010,71166,62811,32723,64069,59793,28017,63687,30494,57889,31495,25216,35181,30952,59305,52113,62564,50701,68330,75135,41753,63282,64142,61124,70270,28683,66263,63118
,,,,,,,,,,,,,,,,,,,,,,,,,,,,,,,,,,,,,,,,,,,,,,,,,,,,,,,,,,,,,,,,,,,,,,,,,,,,,,,,,,,,,,,,,,,,,,,,,,,,53049,23043,45886,48074,51893,28768,77650,71137,72551,74191,55454,58099,53420,37850,53368,31289,32370,34941,73292,73969,63578,74375,62130,56373,45171,43538,63534,56586,75467,72357,74787,62162,45871,48924,54266,40521,71540,72853,25327,45256,73763,74005,69876,61007,74603,72858,69402,59522,68156,36149,8972,72932,67813,63260,50546,0,39643,71815,27183,34188,38792,60542,30986,8341,26428,49238,52456,75501,75249,74053,53437,56625,73245,69157,70723,72583,47959,61247,74512,72206,69825,43972,71511,77637,48013,72725,36831,919,73149,66027,17112,18056,74614,32928,16806,56768,47142,46680,64882,25070
,,,,,,,,,,,,,,,,,,,,,,,,,,,,,,,,,,,,,,,,,,,,,,,,,,,,,,,,,,,,,,,,,,,,,,,,,,,,,,,,,,,,,,,,,,,,,,,,,,,,72759,63862,74976,66564,69104,61742,67317,56913,71060,70549,71965,68969,68662,73368,38551,57890,51408,55891,74303,53467,45932,34121,49312,42660,70838,62412,54783,59646,49537,47335,48175,58757,71555,72054,73938,73767,67616,70012,70350,29534,60364,30900,34381,57228,75708,65881,70530,41162,65949,73766,72081,70552,75695,75403,70202,72209,66206,70642,59790,29530,49182,52263,72079,8986,73881,75190,55999,175,64268,29053,67076,74271,69759,64258,46466,8654,68971,68208,71578,66352,9410,16913,71874,75279,57084,42213,69495,63089,51024,32962,31526,8763,70559,71358,64492,62707,58787,39866,48719,38552
,,,,,,,,,,,,,,,,,,,,,,,,,,,,,,,,,,,,,,,,,,,,,,,,,,,,,,,,,,,,,,,,,,,,,,,,,,,,,,,,,,,,,,,,,,,,,,,,,,,,70649,59556,71600,68704,75138,74995,63915,61252,52005,49563,73758,73080,50466,30808,42940,33441,55551,25331,61773,57248,61628,60563,67802,69660,74375,72224,70486,59769,59756,69681,25996,2120,17791,27328,67320,1027,68274,25783,71652,76080,71521,66877,63173,42783,71646,67472,58731,39880,62351,63895,73494,64436,54333,38162,74826,43213,60318,74302,30910,2729,70389,50991,54898,47139,72683,73859,55165,32583,58603,5311,74175,72211,64445,62959,61608,46648,47848,60585,43513,70258,69169,50668,72521,73588,63590,65385,69106,53830,58157,17958,52109,71457,67124,56225,73698,75344,57629,14803,30769,42284
,,,,,,,,,,,,,,,,,,,,,,,,,,,,,,,,,,,,,,,,,,,,,,,,,,,,,,,,,,,,,,,,,,,,,,,,,,,,,,,,,,,,,,,,,,,,,,,,,,,,70022,71184,67240,19539,58951,49914,69109,61330,67682,37724,34070,40772,69710,63792,66722,37382,51850,59143,55646,52929,67975,72267,72942,70694,45893,55204,59695,15115,47943,63347,69459,23271,44534,63017,65802,51170,48172,50565,68694,42082,52381,60472,61936,20305,49372,38388,74354,29615,9817,23467,74267,2851,72244,72983,74421,60243,69881,54840,48954,53509,24012,50918,55427,47695,58262,55047,68981,60217,53000,34241,31077,30270,68364,61091,73303,72084,66803,25741,76400,74509,17475,65889,61274,554,75758,65464,42265,34315,40089,51718,51423,28842,5597,40716,57999,45670,70744,31282,74046,71260
,,,,,,,,,,,,,,,,,,,,,,,,,,,,,,,,,,,,,,,,,,,,,,,,,,,,,,,,,,,,,,,,,,,,,,,,,,,,,,,,,,,,,,,,,,,,,,,,,,,,61420,58776,61038,11466,75184,65819,72886,66107,65432,74457,73009,54641,1294,15895,59141,27188,74880,67604,69485,59809,72453,57630,52676,40551,67713,68981,56090,9097,69204,59494,34735,1857,29530,66219,75268,70426,57908,33223,64860,51291,42424,57843,68745,62635,54486,67643,28504,35756,29103,1709,57010,21838,55907,66025,25825,72600,11335,31363,50973,67891,69028,49805,57812,15805,72085,58661,59165,9844,59257,51127,75852,58893,66874,69213,49749,49242,68423,63496,62355,2138,67770,49975,70370,62645,44692,20146,54915,59703,55668,69273,74697,23314,71697,70742,55693,43610,69148,53414,75480,70075
,,,,,,,,,,,,,,,,,,,,,,,,,,,,,,,,,,,,,,,,,,,,,,,,,,,,,,,,,,,,,,,,,,,,,,,,,,,,,,,,,,,,,,,,,,,,,,,,,,,,60002,54408,71551,53272,67414,58153,44728,391,1904,704,47648,54427,49602,6977,26252,40050,68699,45334,59914,48725,64273,12855,57673,44256,65293,51555,68508,73431,58460,60474,43051,70079,17845,57484,74024,49401,47296,53638,51391,52813,69708,52114,64121,62658,55447,28575,73459,55882,37397,27576,64141,50870,69321,31259,71815,69681,71499,67220,51071,62770,53480,23843,56860,55050,9869,16981,54516,59182,63280,46871,62132,63680,66977,34420,69097,72205,58087,44314,64904,48876,21539,8233,32510,11222,50368,69156,73402,65744,72896,63474,73836,54745,62950,14215,71535,68727,22007,46627,63591,69520
,,,,,,,,,,,,,,,,,,,,,,,,,,,,,,,,,,,,,,,,,,,,,,,,,,,,,,,,,,,,,,,,,,,,,,,,,,,,,,,,,,,,,,,,,,,,,,,,,,,,65646,59315,51222,47992,69374,59612,39944,57716,37192,48556,69254,73325,68595,61005,41992,29901,58860,59711,66603,49555,72489,54935,64567,67095,71991,41033,8546,73733,74204,72738,71429,72771,65001,64378,13492,59309,40060,47280,23170,66305,60671,23863,63067,52844,65108,74888,54435,37947,40396,50764,53003,36349,22556,41932,67590,68733,60972,7956,55047,51548,56898,73357,57936,51499,51653,1042,62164,72565,35144,37847,54693,66116,74984,74897,71552,59685,69188,69810,65578,74713,72072,67823,70105,35512,73464,59046,64713,62987,61342,35784,68927,34302,25847,10161,53562,67438,70467,41480,68404,26982
,,,,,,,,,,,,,,,,,,,,,,,,,,,,,,,,,,,,,,,,,,,,,,,,,,,,,,,,,,,,,,,,,,,,,,,,,,,,,,,,,,,,,,,,,,,,,,,,,,,,74842,70428,64482,45763,54960,1096,54747,47770,58695,62660,71802,68210,50171,29795,48732,20495,72135,72802,72478,72650,52968,9790,67834,66016,64725,24003,69640,64143,73479,63783,71971,67214,58667,400,54751,57397,59295,29992,72578,45917,54605,68675,70736,29165,64022,34564,39801,36911,72722,67670,62059,42224,60685,47689,48658,43647,34276,23383,72531,65250,76490,71356,36902,41331,71652,52554,35824,37825,32680,37120,59653,61007,71216,44776,60864,30494,71437,72252,57556,49443,67650,46599,70474,31565,50665,41353,73398,63144,72122,34366,73196,44206,42240,8201,66908,60975,20221,16920,51714,72366
,,,,,,,,,,,,,,,,,,,,,,,,,,,,,,,,,,,,,,,,,,,,,,,,,,,,,,,,,,,,,,,,,,,,,,,,,,,,,,,,,,,,,,,,,,,,,,,,,,,,70743,46902,29224,40166,73770,73306,69268,61439,39860,50750,43770,42751,55980,10659,67618,69044,31505,47520,57934,68802,69427,36437,52960,5356,57692,36984,68946,25480,71439,11159,38905,1499,54012,52005,65199,43677,44058,1059,74789,69583,32819,6008,59465,46650,64101,45219,55096,59853,4911,8612,71839,73307,68471,31849,70230,63827,69095,26412,66954,54296,33201,9426,67328,58316,72476,57917,46038,44385,51072,56930,58906,65457,68508,63703,56287,30863,66597,55421,32350,48167,73482,21072,10799,30842,33008,42058,24543,38779,66333,33462,72675,70155,18208,60227,55011,70770,66353,175,54920,71572
,,,,,,,,,,,,,,,,,,,,,,,,,,,,,,,,,,,,,,,,,,,,,,,,,,,,,,,,,,,,,,,,,,,,,,,,,,,,,,,,,,,,,,,,,,,,,,,,,,,,33030,8469,68336,50270,64100,7277,67873,66319,65710,67186,67313,72745,58188,76286,60847,64613,73591,67976,65710,58345,63049,1463,4525,46593,54700,59535,58801,49322,37620,28932,68482,49930,52540,51909,41382,43406,64275,61680,73732,58696,68368,69815,66226,22901,56045,53204,73133,63937,77522,73922,46208,49041,57520,34438,59287,53390,63434,63711,45546,25755,65019,14153,72531,71426,66122,54681,27001,29259,67722,23732,29010,22665,65889,65074,69161,77047,51798,42394,46141,33541,42010,32163,66869,32713,72341,69374,71112,52837,49426,1578,72267,25925,72287,45515,72408,69111,70794,66478,15258,27759
,,,,,,,,,,,,,,,,,,,,,,,,,,,,,,,,,,,,,,,,,,,,,,,,,,,,,,,,,,,,,,,,,,,,,,,,,,,,,,,,,,,,,,,,,,,,,,,,,,,,72069,51453,42995,30829,50162,11827,33763,934,20728,72998,65795,62303,69809,70887,54746,45834,54278,44744,49784,39149,55252,24103,9463,32638,71365,41107,60192,47630,72017,73535,41919,29047,58718,545,53307,50790,56052,57205,72101,71282,62564,10937,73496,67538,66344,16724,72954,45241,56371,33201,24457,30327,65564,17594,58009,60214,59032,1173,41659,45563,1567,19786,60088,63300,56891,52315,52268,60169,56827,62096,32565,47363,66734,57195,56157,50123,75184,29940,9779,14308,38800,57479,66448,73993,51941,64887,70247,52915,52627,29873,63152,69720,74360,53361,52594,53859,46005,56947,74213,72398
,,,,,,,,,,,,,,,,,,,,,,,,,,,,,,,,,,,,,,,,,,,,,,,,,,,,,,,,,,,,,,,,,,,,,,,,,,,,,,,,,,,,,,,,,,,,,,,,,,,,24261,24235,71536,36940,66227,66607,70792,72797,30371,2832,67947,48504,68953,73249,63086,55963,60203,1239,35371,32520,72634,67878,53231,17042,73738,51110,67941,64845,22252,24721,52066,69655,37759,62678,37513,45035,57438,55167,60434,23971,56587,55904,68108,71735,17838,2636,67177,25140,58508,35213,22086,51851,69288,53222,53697,52731,59667,60904,70657,67143,72746,51360,65129,71123,70091,75796,67518,56378,48732,45650,65810,38377,72896,71424,72066,74691,58258,24450,34541,53194,37472,20154,69327,73912,63431,73293,69639,73848,9742,68948,69378,40728,1923,1822,52922,52546,57098,1624,54720,67068
,,,,,,,,,,,,,,,,,,,,,,,,,,,,,,,,,,,,,,,,,,,,,,,,,,,,,,,,,,,,,,,,,,,,,,,,,,,,,,,,,,,,,,,,,,,,,,,,,,,,27936,64326,57520,8844,59652,57586,68775,58064,67701,60679,53095,57953,31826,61957,39813,37707,69401,71160,73832,71282,65964,40102,68344,22252,69101,65325,51655,33162,69609,70091,70434,72624,73474,60810,66305,48437,71915,63422,73604,53055,56396,34215,63014,56266,58265,40988,56997,48545,56901,46543,23868,735,71275,71529,59015,55853,64609,65489,37896,57602,64163,73963,62430,67500,69581,36134,60695,28638,19079,53573,71837,52848,61811,67516,66557,72117,17033,10652,54800,166,68420,60145,66552,58347,73337,53207,72372,47917,36717,727,46681,11491,59804,48810,62258,64332,71779,63274,69772,56953
,,,,,,,,,,,,,,,,,,,,,,,,,,,,,,,,,,,,,,,,,,,,,,,,,,,,,,,,,,,,,,,,,,,,,,,,,,,,,,,,,,,,,,,,,,,,,,,,,,,,69633,50488,73962,74504,43838,40434,9702,18510,20034,63617,71004,40091,61624,45950,72823,68979,68953,48256,72250,36638,38774,50241,65495,59179,62462,73324,52154,21150,46063,48121,71667,76405,66411,73220,67580,50246,56255,17356,74951,49782,69635,68537,61232,62409,70498,36417,67373,52828,50018,70404,69498,51325,62505,66852,9462,52087,53630,31514,68701,29731,72346,61605,52957,61319,52031,37839,72228,47084,71026,67918,70883,32395,65029,27544,72481,46228,45270,39361,71607,63616,70840,67971,64782,8389,33906,58345,34548,69767,66164,29702,53604,705,54476,774,63125,44514,34542,1213,63162,59800
,,,,,,,,,,,,,,,,,,,,,,,,,,,,,,,,,,,,,,,,,,,,,,,,,,,,,,,,,,,,,,,,,,,,,,,,,,,,,,,,,,,,,,,,,,,,,,,,,,,,66383,13667,67331,33135,67036,51235,73877,72445,57106,8504,31693,26594,24920,7711,1336,574,69836,52843,73450,28071,38366,46930,67434,23942,74904,64283,43632,63920,64325,70293,70207,65491,20425,54033,71351,72714,74434,33988,40156,39440,57052,4479,64280,31529,31555,52729,73417,66354,47806,200,49707,49505,71280,10488,52914,23535,65831,23170,64743,38076,54387,58848,66343,42180,39036,30209,71344,71466,59743,63563,32570,48302,57911,67922,65995,61427,70639,56741,52617,42243,64815,69093,74859,74053,15489,884,46800,41478,72623,38340,68319,29381,39176,60019,69684,44229,69871,35168,65351,72374
,,,,,,,,,,,,,,,,,,,,,,,,,,,,,,,,,,,,,,,,,,,,,,,,,,,,,,,,,,,,,,,,,,,,,,,,,,,,,,,,,,,,,,,,,,,,,,,,,,,,21025,7456,70742,72277,71592,64022,69275,52160,53714,68945,72803,45844,70553,54702,76215,73454,66910,66387,66876,61410,35184,50689,59358,67540,65666,69017,71436,69659,65183,38577,34805,50462,52766,44336,57302,49243,71461,59502,35886,74515,53763,2825,39129,46964,66710,68039,35601,56420,66512,61202,41683,22811,66748,2620,59409,70292,71451,62610,69717,75753,31934,39959,63592,18116,58815,33136,51577,61270,71337,68472,71652,58538,75479,64912,51721,39763,65360,34527,23682,72309,64802,61215,55337,8119,46006,58630,55889,19105,42197,51170,58119,62598,59241,65074,8841,42623,71887,39059,71571,53483
,,,,,,,,,,,,,,,,,,,,,,,,,,,,,,,,,,,,,,,,,,,,,,,,,,,,,,,,,,,,,,,,,,,,,,,,,,,,,,,,,,,,,,,,,,,,,,,,,,,,46669,67543,67157,63710,23820,32392,42469,50915,69764,66748,52099,43828,76531,68636,48182,46909,51314,52327,75055,69056,43726,54988,30172,44177,70611,68252,522,55452,71470,56014,50721,69319,61881,42949,15699,25429,72754,73938,24635,37760,69754,59637,58945,65531,75375,67849,67638,10913,69791,71506,62864,61456,51224,55275,57983,76011,70916,68219,58611,56296,50830,35552,75435,45927,49995,36312,52331,47753,58995,62045,72416,29100,68702,66267,74919,75009,66474,49210,61658,597,71121,38647,47528,43805,43205,37046,17056,4039,53989,46107,36753,69308,69507,52876,72094,73321,74542,59489,61811,59022
,,,,,,,,,,,,,,,,,,,,,,,,,,,,,,,,,,,,,,,,,,,,,,,,,,,,,,,,,,,,,,,,,,,,,,,,,,,,,,,,,,,,,,,,,,,,,,,,,,,,71635,66227,60620,63888,68505,28829,38158,1415,44398,45334,71214,68923,73819,69735,69384,771,71668,48927,62358,40520,58159,64548,44686,44704,54924,69426,70390,57827,43530,33210,63563,44107,60102,52269,38536,60042,35923,8537,67926,27746,73215,27902,38865,72177,9874,26080,70083,69225,66224,66768,55607,55865,56340,52200,21752,65590,70130,25767,67154,61185,48317,50815,35051,33491,40716,55240,54855,23139,46224,2008,70495,61517,67195,49653,69590,73055,73034,73459,29137,1582,63097,68843,64244,65333,68013,21826,28014,52431,64111,63187,74415,71095,50354,60224,60010,8751,61850,46899,57847,65216
,,,,,,,,,,,,,,,,,,,,,,,,,,,,,,,,,,,,,,,,,,,,,,,,,,,,,,,,,,,,,,,,,,,,,,,,,,,,,,,,,,,,,,,,,,,,,,,,,,,,45297,45227,66016,73291,31277,64851,68810,59541,54488,59944,52860,208,68926,63366,4105,2948,37372,47978,46419,34583,57774,34790,28332,30792,59816,412,50275,69301,35295,37388,51231,59166,36480,14527,70786,34997,66571,57281,10680,70046,41623,52421,64796,6409,58011,65169,38760,47282,60884,48275,61310,61701,70162,75763,52847,57607,64737,69735,70573,63529,52714,18841,26827,8821,66635,41168,47363,46092,57726,70467,35206,44343,70877,30593,39126,21022,12904,9062,50740,68551,71286,31605,70978,26530,68953,67939,66953,30191,71701,57251,64075,56404,57274,70211,65991,62948,74221,68116,71833,71514
,,,,,,,,,,,,,,,,,,,,,,,,,,,,,,,,,,,,,,,,,,,,,,,,,,,,,,,,,,,,,,,,,,,,,,,,,,,,,,,,,,,,,,,,,,,,,,,,,,,,40540,45127,74836,63293,62576,60066,53011,73230,58534,47772,71650,54465,57622,60839,60596,856,76179,72763,72310,70408,68970,36025,56438,69694,64120,47372,73359,61864,55844,49683,61171,40186,55840,33955,71454,42589,40896,29279,55655,51696,48361,51695,19692,53893,66840,71595,69410,50710,70005,71320,43800,61851,75174,68873,65642,10857,53742,29168,28640,36761,73079,37860,72762,50749,73269,64747,62529,75488,65545,38497,51200,282,29728,58515,58959,62504,16831,44160,42013,65568,71178,73348,47405,38422,72106,68292,64233,30557,68278,32637,74099,67251,70610,39086,43602,344,74295,60076,42969,40374
,,,,,,,,,,,,,,,,,,,,,,,,,,,,,,,,,,,,,,,,,,,,,,,,,,,,,,,,,,,,,,,,,,,,,,,,,,,,,,,,,,,,,,,,,,,,,,,,,,,,69999,64894,67913,68540,54880,65032,71515,64670,20779,356,38875,49973,74837,65029,33490,45476,64255,75655,71037,63826,50923,64171,30878,11191,64800,18750,73602,24520,66650,72404,37388,39552,49568,69196,52218,20904,55846,17031,51001,40246,16021,300,65358,71342,46964,46684,29006,23255,54136,64137,71702,75874,54052,70636,68768,51657,63626,73066,60457,1782,58956,47628,59679,67092,57967,5020,22791,65986,46306,42580,49564,19087,70954,52858,70044,74625,72990,63432,51706,65723,70942,67248,58688,53800,57296,70246,52598,39192,64986,71879,65812,52103,68061,52776,61417,60845,56286,43368,63160,1926
,,,,,,,,,,,,,,,,,,,,,,,,,,,,,,,,,,,,,,,,,,,,,,,,,,,,,,,,,,,,,,,,,,,,,,,,,,,,,,,,,,,,,,,,,,,,,,,,,,,,68765,63706,41562,37868,73673,69697,69820,52108,54965,54790,65385,72467,60102,27919,49630,45062,47326,54338,35894,28685,50949,47231,67929,69606,65156,45653,15201,20018,62143,46736,66003,67568,76048,72562,19125,19288,57136,45929,60541,33898,63390,34125,17938,44527,53222,38361,34558,74167,62313,73028,47835,51700,53600,72315,72326,55875,48174,70602,54276,63111,70663,72150,74241,73928,45124,67035,49822,67198,58791,59061,39617,68623,54416,71619,67608,72755,41781,27490,66634,69308,51052,52824,38920,28909,74856,75861,67275,69624,71965,54370,73308,60896,19706,56862,66694,52747,62205,32873,59389,48102
,,,,,,,,,,,,,,,,,,,,,,,,,,,,,,,,,,,,,,,,,,,,,,,,,,,,,,,,,,,,,,,,,,,,,,,,,,,,,,,,,,,,,,,,,,,,,,,,,,,,60681,64844,59348,43209,71466,61082,70497,69803,60395,54454,67439,49004,63810,65187,52630,64554,63225,40541,70247,73189,71966,58987,54273,61845,70699,72291,71537,22111,33657,44286,68873,57491,67746,68726,72821,59543,71762,11144,61504,34010,71675,62695,49977,25555,50013,68991,30674,65944,69094,60286,63948,2744,73242,75524,63183,74104,69749,53868,62189,27844,72579,71791,51154,54249,74219,51997,55235,8425,62043,62050,67310,70123,46541,44235,57617,48368,10369,73412,58474,37090,74069,63305,67014,41810,73105,71284,69423,66670,70524,28491,68703,52388,62037,69040,72936,74312,48861,45683,57016,59441
,,,,,,,,,,,,,,,,,,,,,,,,,,,,,,,,,,,,,,,,,,,,,,,,,,,,,,,,,,,,,,,,,,,,,,,,,,,,,,,,,,,,,,,,,,,,,,,,,,,,47718,67767,62294,53627,54531,8415,69730,45423,59805,49878,48124,68644,65311,9084,72675,62666,73412,1931,72630,53680,54428,55707,57962,64680,69303,68599,65763,47126,49256,72653,66647,65567,73687,67234,68707,54835,68814,72380,69805,25266,71133,60917,63007,50842,71380,66524,65066,60895,64788,67598,74383,71559,65395,40663,69798,71855,50090,30901,42787,7971,3939,8142,50745,72656,71483,51220,25626,66063,64949,14081,31887,235,57752,72728,60237,66252,70499,68280,55032,36348,63522,51685,54995,48202,67874,39139,42926,71612,70080,59574,60979,39255,73386,70366,72855,70538,63667,55661,41821,61430
,,,,,,,,,,,,,,,,,,,,,,,,,,,,,,,,,,,,,,,,,,,,,,,,,,,,,,,,,,,,,,,,,,,,,,,,,,,,,,,,,,,,,,,,,,,,,,,,,,,,60312,56127,41773,45151,71546,62059,69889,49143,72206,62355,52041,49771,56762,61915,63676,40045,63835,45013,65490,72847,33611,30583,73643,61462,38102,37461,72106,47585,35737,63733,41700,39461,56471,50192,65015,44751,43801,48344,33549,30113,73914,68743,5507,7611,66724,71412,54460,51414,67858,48255,11854,30361,39141,47936,67831,38242,70095,62731,67866,16112,1270,257,74872,22076,70397,71073,68283,72233,59735,61037,60262,33645,63887,69620,50766,39377,34504,61026,61287,56943,71397,33451,59035,61350,48077,19779,70893,72100,61658,60107,75643,72777,63513,28450,64470,34006,71970,28776,72782,42917
,,,,,,,,,,,,,,,,,,,,,,,,,,,,,,,,,,,,,,,,,,,,,,,,,,,,,,,,,,,,,,,,,,,,,,,,,,,,,,,,,,,,,,,,,,,,,,,,,,,,68886,72319,75278,44270,57494,53868,61925,31045,51740,65785,58549,57680,71153,33158,51583,53505,76457,65087,65019,58206,76368,70553,57534,53697,52991,32583,41774,53036,62896,1087,31495,50686,71761,65872,58284,58726,66057,37466,64470,43709,50722,67214,61529,62108,42212,38924,63038,42301,69851,15149,56155,32906,51720,9660,50553,125,16483,69223,64581,1798,67511,62395,69060,59287,30229,18204,70962,34202,40507,58329,68864,35276,41711,418,73414,46040,32489,620,72574,30544,68571,72543,51958,68570,73520,76290,71235,62248,35475,18930,59527,60794,43372,49327,69864,52410,73035,77413,63273,64377
,,,,,,,,,,,,,,,,,,,,,,,,,,,,,,,,,,,,,,,,,,,,,,,,,,,,,,,,,,,,,,,,,,,,,,,,,,,,,,,,,,,,,,,,,,,,,,,,,,,,67541,32816,36043,28367,76070,57690,71318,27706,41618,46880,55034,59718,73112,57507,34042,30174,71096,68335,73907,43123,35944,17518,39772,40952,69233,65033,68551,63334,50150,45270,58899,50424,64109,66495,71570,46467,74529,60178,36440,53464,36945,33755,64055,51580,67518,64424,76164,72243,28975,35070,68288,45231,62295,63681,68400,69619,62925,47811,63913,68841,38847,1084,64888,53762,65447,12039,71586,2291,61533,50021,64348,68994,68056,62917,24227,61482,60948,64149,76094,77196,65344,8233,38949,1743,69662,57940,77538,72041,68890,65466,66516,67490,67513,54249,49491,66930,18974,71875,71996,49981
,,,,,,,,,,,,,,,,,,,,,,,,,,,,,,,,,,,,,,,,,,,,,,,,,,,,,,,,,,,,,,,,,,,,,,,,,,,,,,,,,,,,,,,,,,,,,,,,,,,,70240,69143,69124,71511,22776,29475,914,498,68537,70585,30361,464,73566,57984,54389,2355,51462,31335,74106,45216,67612,54721,48355,59176,65576,69095,52696,54343,65410,66840,67968,911,65587,70657,38995,23467,71641,67464,75424,69629,28100,61162,34653,69263,73206,45003,63919,17043,49719,20712,48266,57765,66750,474,62898,70178,66623,75727,54863,37341,65359,62755,66375,50845,48513,62118,41372,56726,46316,34768,47647,43865,9563,51278,34101,50448,30027,27989,66997,36912,52653,34743,65540,58865,62192,33534,34176,51835,69148,7287,73827,52419,42456,70080,60217,10635,56203,57373,74350,69287
,,,,,,,,,,,,,,,,,,,,,,,,,,,,,,,,,,,,,,,,,,,,,,,,,,,,,,,,,,,,,,,,,,,,,,,,,,,,,,,,,,,,,,,,,,,,,,,,,,,,74640,70066,70953,66509,65278,60278,44634,27511,59664,60187,54816,28708,59291,44769,52000,55442,69697,17025,16756,19995,70158,37347,38618,47365,74489,70018,61335,56072,17649,28388,71638,65838,61277,73964,71140,59182,18619,58495,54442,64018,71216,55272,72873,38301,58623,44710,67038,64849,43679,49867,69281,34890,72022,13372,68396,73482,62919,48308,35677,53290,69407,67523,57472,61058,16000,32222,36386,966,77131,77582,59390,52151,42534,54445,70851,14436,72193,75356,41307,57954,52726,34023,45114,29265,68972,543,36985,47455,44571,61207,57597,71042,36231,34961,69140,73580,63089,60142,66593,31250
,,,,,,,,,,,,,,,,,,,,,,,,,,,,,,,,,,,,,,,,,,,,,,,,,,,,,,,,,,,,,,,,,,,,,,,,,,,,,,,,,,,,,,,,,,,,,,,,,,,,59181,60116,21671,739,49702,40090,70333,29454,62527,69044,69396,66967,36493,61448,54059,52205,73079,74159,71652,67207,44809,57209,72029,32452,50337,55797,73575,45076,56099,39412,69930,66823,60989,62864,39856,43494,56666,30804,65077,68806,66121,23257,50487,70679,65747,46679,63891,68527,72718,46801,68981,23797,66722,65868,22099,21616,72956,9723,74001,65447,70663,60585,53900,9882,67102,37947,43481,36081,66802,54755,71977,60217,68146,39457,44021,43825,71463,11769,70218,70227,53082,34622,53799,54771,68516,52135,66286,59156,66823,17612,67856,72775,52683,44059,53926,31553,49732,58489,51340,72872
,,,,,,,,,,,,,,,,,,,,,,,,,,,,,,,,,,,,,,,,,,,,,,,,,,,,,,,,,,,,,,,,,,,,,,,,,,,,,,,,,,,,,,,,,,,,,,,,,,,,74369,75048,57885,48278,25100,12097,49684,52863,66911,40819,62864,32136,59849,28465,50345,37587,27209,44989,55929,474,71049,76006,53504,38112,70001,64707,75869,62808,64626,72438,63385,63280,67745,62022,60644,14240,55874,1575,71786,35552,50223,45007,58901,60878,42689,61677,36783,9345,67113,60882,19018,58217,59918,44618,64791,37034,65278,74980,64744,72012,70049,56622,73735,64200,57993,25151,61206,9596,68348,65276,53591,50669,59574,47226,74702,52195,71499,13349,72565,9001,58133,44558,75115,71337,69930,36598,64996,51851,59148,52944,65879,68104,45029,63750,55044,64301,55226,59484,45773,49568
,,,,,,,,,,,,,,,,,,,,,,,,,,,,,,,,,,,,,,,,,,,,,,,,,,,,,,,,,,,,,,,,,,,,,,,,,,,,,,,,,,,,,,,,,,,,,,,,,,,,50571,17077,41674,51270,65832,69685,61701,757,54864,44541,68391,69766,53555,54179,51167,54797,52479,48567,49963,206,72351,67785,71980,17244,71601,51543,70348,41629,74830,74761,55562,53770,49583,16064,71385,76464,44984,54647,54734,72408,44450,59164,74799,69005,51701,152,53784,60054,39829,33974,69837,48364,70484,34543,12461,59157,56897,71147,72340,72074,51889,34325,74636,32864,74864,29306,44184,71897,71160,63116,49926,69871,59870,70494,52839,583,71809,61924,69825,58869,55391,27606,65417,48952,61204,40518,22220,32448,67698,50836,27738,72682,65983,72444,74732,69862,59446,50584,71514,55579
,,,,,,,,,,,,,,,,,,,,,,,,,,,,,,,,,,,,,,,,,,,,,,,,,,,,,,,,,,,,,,,,,,,,,,,,,,,,,,,,,,,,,,,,,,,,,,,,,,,,24600,59356,55102,49571,51852,24007,77084,69672,63166,18198,72918,70551,39580,69801,57392,58847,50063,53292,73025,64862,54187,73258,45421,40534,75011,37751,38260,59293,49846,46420,69802,39309,54134,42864,60007,58172,24036,47746,53117,62225,63071,20132,62644,35736,73810,69873,72283,17731,69230,76854,35862,32579,73637,73492,63436,73129,71796,60591,33993,8107,64157,29075,60464,50943,69461,49338,65480,36994,74225,53347,74338,68679,53989,28803,57541,43136,71214,51659,38042,29237,72200,57420,75834,65967,64192,16839,49844,49326,55612,56705,68851,14201,71570,58637,60318,43893,46430,832,68734,72590
,,,,,,,,,,,,,,,,,,,,,,,,,,,,,,,,,,,,,,,,,,,,,,,,,,,,,,,,,,,,,,,,,,,,,,,,,,,,,,,,,,,,,,,,,,,,,,,,,,,,9723,35624,71258,35970,70495,71261,21395,26799,58914,43548,71182,75637,20671,48460,48789,39577,54023,57705,45734,26707,71274,44259,73947,76325,73905,69414,12169,40540,66454,72131,76142,11350,69591,69147,30216,61460,67173,1516,12122,34381,9465,10084,59277,63931,57531,61371,67160,43935,63260,55957,47161,14810,58215,67598,72341,68522,68785,70109,76311,47286,71796,52590,40275,47477,64073,51915,58985,9196,65475,73163,8474,24074,70464,63614,64715,44218,40660,50437,59484,239,67466,27214,52704,34601,36493,51891,41652,37896,46811,40741,71558,33142,69281,55869,55671,65086,49244,34949,75528,68530
,,,,,,,,,,,,,,,,,,,,,,,,,,,,,,,,,,,,,,,,,,,,,,,,,,,,,,,,,,,,,,,,,,,,,,,,,,,,,,,,,,,,,,,,,,,,,,,,,,,,75079,72515,62199,40720,68069,25253,70524,72950,19292,33628,50888,40600,73392,51758,71903,68370,65816,52614,10956,66610,72609,71649,68085,70558,41991,53337,35985,504,23419,56218,74984,63725,34925,16855,51619,63701,55551,46628,70658,59173,60953,50867,57707,411,59814,46807,55604,18511,56583,8551,70426,54243,68423,26731,43752,45268,32280,61169,72118,68148,40788,40858,68355,68466,51299,38953,68892,65361,67529,44999,55342,18713,57307,51759,44817,1349,73270,71607,60701,40009,73637,61126,42428,29605,50588,40892,64958,360,53825,49114,72459,29667,62942,54032,53774,1424,68971,28380,38741,41415
,,,,,,,,,,,,,,,,,,,,,,,,,,,,,,,,,,,,,,,,,,,,,,,,,,,,,,,,,,,,,,,,,,,,,,,,,,,,,,,,,,,,,,,,,,,,,,,,,,,,31945,9099,59140,10361,62410,69889,2378,42299,62579,69289,60999,62215,61705,67438,68922,19174,42054,51654,74360,39562,45705,25309,65665,66596,75610,73374,41737,39509,64542,56419,45299,59251,31907,63326,16940,25257,71233,62229,74501,68016,69180,72947,41934,25118,39834,72837,67328,67237,71884,74451,61771,20030,34779,26810,43628,32751,48363,63405,72508,37880,34036,59124,38671,60287,53196,575,42651,63297,67383,40482,70427,66863,60557,65977,47632,64726,71748,68564,67629,51845,77368,74348,73550,72741,68302,38793,57233,64108,67555,40798,53750,11040,72912,75995,67347,53893,73397,72606,58449,65857
,,,,,,,,,,,,,,,,,,,,,,,,,,,,,,,,,,,,,,,,,,,,,,,,,,,,,,,,,,,,,,,,,,,,,,,,,,,,,,,,,,,,,,,,,,,,,,,,,,,,58789,2955,64493,63378,25736,30781,58175,58136,70590,42313,36511,26922,68029,36471,70576,56291,70123,67872,58720,58167,52907,41506,71065,75427,71275,38420,28415,23337,63762,29863,61449,51328,76414,47884,44877,49144,75902,61315,69652,56415,23634,39019,69226,65058,74094,70726,59586,27593,60174,70856,68686,75285,34843,72153,75617,71209,60076,57815,66292,58357,40538,29125,45463,60677,70201,69852,65481,50931,74684,69741,52077,38733,55418,32735,26392,57174,51087,61621,50315,46977,43740,71927,51768,6019,40912,73362,71558,66889,54550,68023,40677,27822,53384,61766,20482,17619,72038,56671,61695,73922
,,,,,,,,,,,,,,,,,,,,,,,,,,,,,,,,,,,,,,,,,,,,,,,,,,,,,,,,,,,,,,,,,,,,,,,,,,,,,,,,,,,,,,,,,,,,,,,,,,,,69515,56420,31563,617,68348,32664,67057,32051,49034,17552,57964,35393,75003,71040,61099,25008,48529,63441,69688,17281,29728,40071,50784,36625,67049,59505,58849,58168,72424,73624,69258,36178,73804,24893,65732,59655,61644,64284,65282,72236,76246,71886,59106,70505,55914,28254,67695,39449,67534,62030,66542,61638,59489,71338,46957,64940,46079,9768,75171,70874,44245,56332,51201,72926,32407,28377,41296,63146,68957,8780,49329,47922,63901,54589,51429,61664,71305,72861,57607,23782,76253,73882,69025,39723,47782,50947,71924,71637,37025,41435,67169,64541,73008,69324,75726,73363,49030,41624,55622,45407
,,,,,,,,,,,,,,,,,,,,,,,,,,,,,,,,,,,,,,,,,,,,,,,,,,,,,,,,,,,,,,,,,,,,,,,,,,,,,,,,,,,,,,,,,,,,,,,,,,,,33308,72956,38214,47336,64383,45871,64862,63613,65336,37452,69453,63341,67047,73752,68022,74914,57968,56948,54471,63070,65854,43361,51346,28780,66323,74037,67347,58492,46296,47444,61697,31198,55752,61992,62613,55207,53540,54878,50766,67559,16145,16371,61718,1249,50649,45857,74756,71375,67692,60856,74903,1189,64903,71362,66896,54964,27012,37804,68073,69177,64667,66417,37454,34488,58911,57153,71665,62559,60952,1176,66936,61470,57128,56819,70521,30837,52759,26945,73097,74520,36466,18124,69118,1005,52749,27420,51718,30739,71422,63868,68710,66630,62933,63240,74829,75309,63080,19600,49676,60302
,,,,,,,,,,,,,,,,,,,,,,,,,,,,,,,,,,,,,,,,,,,,,,,,,,,,,,,,,,,,,,,,,,,,,,,,,,,,,,,,,,,,,,,,,,,,,,,,,,,,71003,51204,59052,61942,61244,37241,58118,34390,51273,63042,47816,28253,70814,19833,61674,76188,53296,54418,73987,70466,77872,65732,41777,24824,62213,70051,52128,37631,63562,233,50095,56295,70357,49697,70682,73692,71574,18491,67860,70732,65012,19391,57759,62876,72083,51711,32849,43079,73521,790,42140,37493,60062,52841,38184,218,45307,53485,43086,23300,71438,71998,73862,73300,61938,19103,47869,50482,19942,62369,70203,39459,40473,58528,70108,39395,59533,30206,53777,19169,61096,100,58086,38516,64972,42288,45840,43481,22533,53070,68301,74116,34022,35026,31736,23817,76009,34229,66228,73032
,,,,,,,,,,,,,,,,,,,,,,,,,,,,,,,,,,,,,,,,,,,,,,,,,,,,,,,,,,,,,,,,,,,,,,,,,,,,,,,,,,,,,,,,,,,,,,,,,,,,65160,21446,73978,62984,68041,55731,68713,54780,74078,65942,60290,57512,31090,15527,46852,68168,2202,289,43216,61962,51437,48301,51654,67001,57398,59474,64168,63287,27110,15717,39138,27895,60666,69760,53487,1436,62875,40459,74484,72983,51819,37191,61813,61294,34900,58624,68992,64614,52483,10066,67361,73998,2122,2907,65440,66045,71358,65951,71225,34827,71248,58753,52013,37368,61484,18984,66049,59275,13407,37700,55052,46555,71661,75160,39621,40080,34272,57213,192,1804,59873,55742,68450,59617,40870,35636,26836,64282,41832,41754,52895,45124,49014,55088,58819,70774,68980,27959,52399,52779
,,,,,,,,,,,,,,,,,,,,,,,,,,,,,,,,,,,,,,,,,,,,,,,,,,,,,,,,,,,,,,,,,,,,,,,,,,,,,,,,,,,,,,,,,,,,,,,,,,,,51507,58618,72898,72534,70183,74959,65085,60315,75428,41683,60753,66505,64256,5322,72612,70865,67769,48479,73354,62039,46943,54382,70259,52997,58522,25647,48237,34694,70715,8387,50981,41765,54184,51027,30227,62230,51981,28451,39888,37608,57728,48862,51520,62434,47356,22304,64043,52929,65157,377,59821,54314,52357,73484,68823,49614,73025,41251,70619,43427,60198,23232,74381,71999,76089,71263,29111,28456,55885,22270,70626,69442,63384,59649,60782,71315,10072,30846,69728,71512,63988,38064,17150,49301,43809,49825,75219,70767,67882,25114,9789,8500,71522,66087,65800,248,53105,64448,10104,9152
,,,,,,,,,,,,,,,,,,,,,,,,,,,,,,,,,,,,,,,,,,,,,,,,,,,,,,,,,,,,,,,,,,,,,,,,,,,,,,,,,,,,,,,,,,,,,,,,,,,,19653,511,30444,33390,47405,52438,67990,47163,73517,35399,31820,48932,73275,70256,55992,71609,71185,61998,75858,75155,61703,72053,34433,36589,73593,69499,57653,43457,39000,40024,72000,60317,34438,34169,50228,42378,76907,1722,57823,30153,72188,69370,65824,58894,70522,42005,68174,68884,72420,38635,67630,19291,19310,58798,40080,26323,54045,60405,58780,51777,72013,66165,60369,58033,58056,64899,30571,9302,59981,43112,70457,68176,70286,59056,61596,54143,74672,70856,72633,12297,40832,65792,58039,53764,60840,53467,51381,60702,42664,17581,23628,58875,71056,70428,71818,24148,67869,61867,53054,49609
,,,,,,,,,,,,,,,,,,,,,,,,,,,,,,,,,,,,,,,,,,,,,,,,,,,,,,,,,,,,,,,,,,,,,,,,,,,,,,,,,,,,,,,,,,,,,,,,,,,,62049,47002,74009,70894,43045,49011,60588,63347,54903,43841,52369,26472,62132,60392,69002,10553,60308,205,69901,47872,45206,57699,60195,516,73876,64662,62620,26948,52042,53493,58217,7220,52528,64858,73702,69678,70590,37108,61754,54123,72601,52795,70571,73564,67922,70119,65737,60482,70871,1107,33936,42546,59219,1210,58785,31498,69601,48780,52305,24749,67829,53305,68321,60469,74743,66616,67225,71736,68089,8332,70604,73559,71205,74249,49445,32663,71154,20329,56557,57852,51247,55930,65624,65407,61531,31656,63340,44382,24770,13671,31764,23394,66501,58643,68168,67245,68796,64620,74457,76493
,,,,,,,,,,,,,,,,,,,,,,,,,,,,,,,,,,,,,,,,,,,,,,,,,,,,,,,,,,,,,,,,,,,,,,,,,,,,,,,,,,,,,,,,,,,,,,,,,,,,63466,59572,74264,15688,17660,36737,72515,57642,71959,37235,68467,61100,41155,18364,59297,48428,33356,16012,29458,6066,72837,66626,42255,68121,53282,60288,59060,62253,36538,250,67743,35849,69643,37776,46953,62701,74487,68593,59205,67268,58442,67356,30268,64569,33284,58574,74932,56523,46523,33121,68590,46531,57859,46958,32668,14109,65652,388,55937,42136,39390,40571,66342,31565,41365,71801,57477,64010,74296,66233,71363,25340,68627,45624,69760,74716,68124,8881,48506,40729,63483,47683,75386,71784,30357,15644,68432,54674,71578,43959,70471,51555,68626,22627,71943,33279,72619,71013,67255,20330
,,,,,,,,,,,,,,,,,,,,,,,,,,,,,,,,,,,,,,,,,,,,,,,,,,,,,,,,,,,,,,,,,,,,,,,,,,,,,,,,,,,,,,,,,,,,,,,,,,,,74678,61858,65279,64770,73185,74793,72352,73871,25108,43124,69629,73062,70612,58845,51948,10041,52614,45979,25927,59296,76624,47529,47761,32258,73793,32956,43624,39124,46793,69231,71031,66936,64659,40194,73142,74433,76272,73821,59838,58704,73668,52587,60494,63694,67903,66991,59223,38949,43532,34612,50342,62426,46301,44337,59609,33493,71814,25889,53303,2045,73268,19253,37504,11504,68440,59153,75393,69803,72249,52359,70615,60590,70472,57274,66421,71991,33834,18133,68548,67378,55973,36879,65496,50444,72840,66805,58533,55377,53651,66722,59400,56888,53270,55380,37918,54668,32614,16980,63514,72458
,,,,,,,,,,,,,,,,,,,,,,,,,,,,,,,,,,,,,,,,,,,,,,,,,,,,,,,,,,,,,,,,,,,,,,,,,,,,,,,,,,,,,,,,,,,,,,,,,,,,53771,50810,65352,71656,70549,32993,73850,53548,38050,1817,66526,64234,72359,40946,68274,13591,53836,74388,68477,62076,43280,71796,54729,46408,71026,23002,48869,48103,30931,42557,72959,66735,63591,65126,71709,75319,34079,57731,50034,62399,66975,69972,41211,57739,71684,51409,35678,70244,61370,42396,44052,45255,75611,56491,52009,17660,48425,19538,72210,67363,41677,36889,48553,46777,71448,28102,50458,63104,70239,26120,50689,272,32516,29004,8067,26086,49501,62688,66191,51235,55304,53300,70331,30500,63053,68693,63760,35316,67900,70481,68418,27419,70344,59150,62058,46066,68342,70330,47469,49898
,,,,,,,,,,,,,,,,,,,,,,,,,,,,,,,,,,,,,,,,,,,,,,,,,,,,,,,,,,,,,,,,,,,,,,,,,,,,,,,,,,,,,,,,,,,,,,,,,,,,44681,72092,49554,41077,52839,67481,63528,28791,37727,52393,31497,24784,79582,70963,7577,4468,61656,64251,67036,64560,70102,65458,77552,76516,54075,54050,56330,31208,70622,64238,70129,71464,16367,40305,51301,50085,72441,67430,69812,62437,27208,69980,40005,56815,39600,18676,40165,28003,63618,57449,50610,46328,30966,54927,72797,69151,37607,42251,46691,46572,64788,74707,42813,42231,16565,17235,54938,61522,31420,25957,68335,74762,63007,52643,48797,34567,65416,74689,11940,187,70823,34470,69031,45524,68696,76040,56625,62280,74376,17247,70562,57840,72749,9374,57331,54271,73746,62641,43764,63887
,,,,,,,,,,,,,,,,,,,,,,,,,,,,,,,,,,,,,,,,,,,,,,,,,,,,,,,,,,,,,,,,,,,,,,,,,,,,,,,,,,,,,,,,,,,,,,,,,,,,50908,60063,14535,9263,48729,52370,61352,35306,73835,56296,42191,59026,64419,60074,72480,59411,61496,62171,42703,66693,59831,62935,59537,64999,48434,73021,64616,59840,63601,44224,61188,46874,57560,67242,64818,64097,36180,30260,73625,72596,61396,846,70636,10753,32795,46783,34324,41928,60627,66607,73333,62015,67172,70091,59322,42521,47123,36220,72926,39010,72282,37970,61678,18612,71870,67395,62179,30828,58768,62290,37393,62678,42907,60910,70647,36135,69800,61654,61938,64280,61821,54965,72871,75025,59833,52673,50299,33614,58175,63797,57140,56722,63460,56829,54807,67250,60037,63207,53836,52141
,,,,,,,,,,,,,,,,,,,,,,,,,,,,,,,,,,,,,,,,,,,,,,,,,,,,,,,,,,,,,,,,,,,,,,,,,,,,,,,,,,,,,,,,,,,,,,,,,,,,73282,41536,24525,433,44934,51834,70771,45078,64204,68431,56494,29610,51226,61667,65030,67074,38671,45885,75142,51718,72487,41219,65884,60621,70036,74440,67453,39639,51335,34915,72084,39211,36132,45966,31645,59331,43550,10297,43408,23178,53366,42718,262,9923,61142,68508,55910,62890,68349,33273,50462,43998,51348,70519,67821,56422,19162,57353,58653,39204,75752,73524,76160,69021,61866,72943,61858,70414,60279,56465,51489,55273,71155,44484,46590,62709,59106,45075,74872,73597,64074,19661,10701,7248,35250,64486,42071,49819,75204,65609,71260,74060,68645,47292,52053,35730,62758,50704,71254,8837
,,,,,,,,,,,,,,,,,,,,,,,,,,,,,,,,,,,,,,,,,,,,,,,,,,,,,,,,,,,,,,,,,,,,,,,,,,,,,,,,,,,,,,,,,,,,,,,,,,,,43465,62201,47128,60660,52987,36590,57871,72601,68674,65137,71362,14489,71198,48089,62130,51217,48048,63147,68655,71130,73089,71404,49504,17307,69838,53660,66346,72705,9291,51576,62635,54756,69251,51031,73177,55553,31036,15366,71653,66003,69298,62095,56978,180,32068,34028,64019,31915,11631,52973,56876,35480,62008,61986,38597,25981,75637,70265,55546,72885,73007,73148,63447,68879,77174,73365,68957,73898,73348,67357,45917,10892,53358,59904,69919,70560,25659,43035,46313,542,77569,61010,63110,41978,59218,9941,43140,68756,63574,36409,70703,74230,75024,30671,70201,52186,56149,22192,69969,63310
,,,,,,,,,,,,,,,,,,,,,,,,,,,,,,,,,,,,,,,,,,,,,,,,,,,,,,,,,,,,,,,,,,,,,,,,,,,,,,,,,,,,,,,,,,,,,,,,,,,,68254,59848,59253,53552,15955,29198,67427,52349,52673,61039,65002,30873,63692,50646,70338,60194,61175,60417,66173,47540,39738,23693,55769,797,69209,73556,51368,35212,71899,40872,25939,1080,75128,42693,37988,60251,72587,39663,67195,68052,41991,60663,72191,72011,73042,70426,72308,75532,57789,620,40373,36590,64349,72587,61805,65162,73932,71597,29582,18158,62803,46776,67310,61372,50113,13434,71806,67259,58710,47975,57001,10490,36888,38919,28821,717,63147,61063,66498,7651,39068,70593,74215,12352,65306,59453,63630,56260,57403,66621,46522,35775,54257,23462,76924,75596,70140,76048,57654,35036
,,,,,,,,,,,,,,,,,,,,,,,,,,,,,,,,,,,,,,,,,,,,,,,,,,,,,,,,,,,,,,,,,,,,,,,,,,,,,,,,,,,,,,,,,,,,,,,,,,,,54257,53190,61776,44937,73927,5747,19085,55593,52003,56648,71664,27585,64783,18689,64604,65543,59684,72021,51086,42844,63417,46640,15639,17258,36487,39448,15909,45481,10969,15870,36671,47012,49237,275,64661,68672,70341,51335,54084,67133,73110,72567,58604,30571,10221,7843,64797,47890,61370,57047,69661,71719,63470,58792,71143,73570,24207,29610,67078,55469,60370,38408,68704,58349,74745,64975,29481,5936,64648,63321,70405,73342,61958,65500,73883,51484,65889,54315,57879,59038,51718,60845,50980,53088,71174,8107,73462,65649,68941,57852,70481,73654,41245,70876,72714,68576,67822,27043,69329,39966
,,,,,,,,,,,,,,,,,,,,,,,,,,,,,,,,,,,,,,,,,,,,,,,,,,,,,,,,,,,,,,,,,,,,,,,,,,,,,,,,,,,,,,,,,,,,,,,,,,,,68819,42850,46594,55220,24546,66427,71118,26278,16808,8930,50143,73854,71424,45295,47423,58402,64311,18893,47569,54697,51181,29923,54334,43149,28887,29583,35550,46468,42304,49790,2171,10961,65172,68501,69593,62867,51594,50274,72746,53650,58386,31516,69551,69505,20416,44501,50439,68158,58027,35636,27902,45028,56656,8808,54085,54387,43580,61023,58117,61716,51583,67800,55123,61523,63607,64407,71727,19988,61666,52640,34088,41321,72578,70624,68277,1375,59352,67690,66529,69319,65332,10598,68056,13964,47769,46049,66702,36988,64145,67535,68804,41944,68354,67289,70143,75215,73530,75451,67074,51378
,,,,,,,,,,,,,,,,,,,,,,,,,,,,,,,,,,,,,,,,,,,,,,,,,,,,,,,,,,,,,,,,,,,,,,,,,,,,,,,,,,,,,,,,,,,,,,,,,,,,68337,71202,71509,68555,53161,64877,59665,600,64645,73319,24940,70660,70952,78342,74321,34311,50129,49277,52447,61974,59584,46712,73771,55811,47989,48622,65466,59539,67329,17721,66248,34581,35865,43225,61279,60617,72457,29247,65664,68474,47963,51111,63610,74095,75566,72839,62434,38933,43371,48586,26644,32033,74956,58665,65802,18520,72690,64979,64837,61801,60427,33107,55222,58462,71383,67031,63008,60071,68657,70424,72622,62265,68848,37200,46435,66619,56088,72866,76524,67103,71741,67007,69433,73150,46922,51234,44057,7920,73020,64354,56821,58351,66985,48917,69858,33317,63095,42340,44354,21545
,,,,,,,,,,,,,,,,,,,,,,,,,,,,,,,,,,,,,,,,,,,,,,,,,,,,,,,,,,,,,,,,,,,,,,,,,,,,,,,,,,,,,,,,,,,,,,,,,,,,72604,31953,41723,60171,74130,75544,53651,40318,63797,68928,57782,36746,37337,53077,45413,57404,68978,28025,68175,37208,31243,17329,29338,50644,77546,74542,73391,61853,67549,70635,39707,64502,263,4186,57577,69291,62571,43703,59182,29742,63822,33778,24386,47204,45344,10168,32100,60826,68008,26792,62377,2360,57259,41708,61284,65424,67360,59147,58218,46116,71057,60427,46726,51100,73447,73093,58255,52017,52968,23533,55647,54261,33154,58936,61410,63157,70815,54832,42241,47713,72441,57702,32234,68196,58792,56828,53451,64459,68693,73741,74387,61247,50626,51759,70383,23083,55718,69801,67726,50030
,,,,,,,,,,,,,,,,,,,,,,,,,,,,,,,,,,,,,,,,,,,,,,,,,,,,,,,,,,,,,,,,,,,,,,,,,,,,,,,,,,,,,,,,,,,,,,,,,,,,61163,72972,70143,70479,67220,71746,66334,73622,67995,37246,56006,481,64263,44037,65924,69017,70942,69539,41796,62591,73346,62966,54609,43412,67484,62880,24530,64554,72397,74090,50114,60051,66339,74795,61501,68969,60943,71600,60422,42280,73843,70744,70644,50276,74521,63617,16147,45721,74558,75475,76736,47970,68831,60615,70290,26992,58151,57649,45708,19231,40902,981,71079,70144,72103,63318,64058,73428,73191,49305,54736,72399,68639,47549,66629,2400,67112,63153,72096,66504,50348,41754,69314,56597,73175,71124,74252,28209,69580,24605,66915,63022,42453,30884,47329,42330,72115,9993,14698,64509
,,,,,,,,,,,,,,,,,,,,,,,,,,,,,,,,,,,,,,,,,,,,,,,,,,,,,,,,,,,,,,,,,,,,,,,,,,,,,,,,,,,,,,,,,,,,,,,,,,,,71734,72711,56951,66908,65058,73949,52559,40429,70550,60585,69201,56133,17979,6594,45399,45748,46206,55112,60954,43873,41939,57304,73120,72168,73762,73615,39167,61768,70724,43134,70955,67904,71134,75288,69681,75899,69075,59164,51873,38992,57720,46222,55216,58513,54972,37140,43046,59131,75447,70044,73766,71218,63046,54201,69461,17830,49416,6507,30093,46307,72801,65291,8721,22631,69224,47188,68724,1829,74617,50433,52361,51561,23270,18690,58896,44771,71788,46011,15783,32814,68913,35666,41606,18432,18697,378,33916,43358,71341,48782,67085,38029,66401,65012,67598,53753,73556,64820,38105,58964
,,,,,,,,,,,,,,,,,,,,,,,,,,,,,,,,,,,,,,,,,,,,,,,,,,,,,,,,,,,,,,,,,,,,,,,,,,,,,,,,,,,,,,,,,,,,,,,,,,,,59151,42865,70832,29423,43762,46666,58577,56088,75759,74618,68432,53362,26054,28480,51449,39633,66681,37917,68811,38267,10266,29336,65314,66703,21454,70486,72214,64169,71069,70573,69677,38644,70712,51774,61049,29478,48102,30467,73764,74459,66471,35353,51285,65064,75518,64440,29260,9933,61722,68001,2929,412,71358,72822,64736,34395,73624,51875,54265,46036,42037,74374,70283,2299,67255,73363,58721,62458,54126,69576,57007,37260,18111,36089,63238,41054,71903,60596,57386,35828,59359,44254,59224,42697,63466,43206,69855,28452,68928,27899,63564,73933,33403,51016,71494,68364,60115,73944,72642,74653
,,,,,,,,,,,,,,,,,,,,,,,,,,,,,,,,,,,,,,,,,,,,,,,,,,,,,,,,,,,,,,,,,,,,,,,,,,,,,,,,,,,,,,,,,,,,,,,,,,,,40182,42121,9019,62335,78280,74758,60069,60180,14423,8731,49949,67191,64250,70028,61460,37821,30828,50419,54084,67757,42444,53809,72678,71908,27886,42820,67291,63356,39030,40008,59276,65248,30223,72676,49369,55971,70379,33705,53338,29188,61129,49820,65518,29048,42955,18130,63514,60539,64998,15823,62675,69894,71918,65780,47984,75611,70481,32670,56870,38180,70141,60206,72670,71481,69245,27933,69643,74455,58879,53867,40810,58982,59954,49868,14741,211,53286,60127,46387,33468,29754,17011,61110,57724,68601,65895,36399,32552,69950,67511,73842,71985,72621,52029,67343,56960,69473,64484,46383,37568
,,,,,,,,,,,,,,,,,,,,,,,,,,,,,,,,,,,,,,,,,,,,,,,,,,,,,,,,,,,,,,,,,,,,,,,,,,,,,,,,,,,,,,,,,,,,,,,,,,,,72670,55670,73599,72376,54722,1034,25792,43826,61463,55886,73718,28422,67658,65610,45286,51041,56361,38342,25357,17840,65393,43741,67029,12373,57094,47714,37082,28157,66237,50258,69704,17841,54990,47653,48783,55252,73892,67374,66332,67304,52296,33407,59610,60142,76187,74430,77143,72569,69884,71273,25924,31206,28988,46712,50096,60510,21392,42657,68607,17471,73081,70657,24883,419,59031,67364,71292,58408,63723,40743,51538,49622,59810,35524,66750,72000,72248,64365,26329,37012,67423,71237,66397,65355,39921,42838,69978,69839,61998,39944,34589,48426,58091,68058,64965,54722,63562,55792,75472,72651
,,,,,,,,,,,,,,,,,,,,,,,,,,,,,,,,,,,,,,,,,,,,,,,,,,,,,,,,,,,,,,,,,,,,,,,,,,,,,,,,,,,,,,,,,,,,,,,,,,,,55982,37028,73604,16523,73934,40214,72714,71890,71095,57780,57421,61758,65801,29508,69737,11935,64126,53490,59238,75095,43581,39487,68508,59050,71185,20358,72761,55998,18494,6573,73588,69082,66457,66644,32151,66582,42424,8294,53147,15459,55752,54782,72820,28457,74867,64886,58603,57335,57395,64416,62230,1781,47685,5693,58883,540,47958,55562,65533,25904,68762,44230,55703,1000,72064,27430,65171,71908,37801,31207,75262,64801,57416,25603,48722,56111,72668,70534,76315,70940,57257,49046,69226,76451,45834,41650,59638,31105,74836,75577,40304,8822,65412,72650,71957,68294,54152,37952,73087,70474
,,,,,,,,,,,,,,,,,,,,,,,,,,,,,,,,,,,,,,,,,,,,,,,,,,,,,,,,,,,,,,,,,,,,,,,,,,,,,,,,,,,,,,,,,,,,,,,,,,,,42861,1589,68036,56402,46050,59959,69778,71670,52381,68836,52293,59874,35367,9312,54127,19963,39272,52336,51701,58797,62516,70739,11336,28824,32964,42706,70686,70110,33720,56633,58744,57582,67397,74289,56325,68787,61264,32781,71201,60948,66964,10646,71118,61322,61425,41424,72450,71491,72679,71698,57852,69397,66412,3603,71410,41726,74653,29277,70022,69121,69916,33432,65956,34877,60246,65422,39146,25323,37427,44925,43177,30461,19812,54083,71612,61813,50171,37027,69269,70960,63162,72549,51965,64754,69652,71005,68565,43459,60883,45279,51354,1001,49033,40590,57766,42351,59999,64761,76168,53720
,,,,,,,,,,,,,,,,,,,,,,,,,,,,,,,,,,,,,,,,,,,,,,,,,,,,,,,,,,,,,,,,,,,,,,,,,,,,,,,,,,,,,,,,,,,,,,,,,,,,49588,69404,58331,48612,67871,68399,74437,69938,50170,59380,64423,20659,74878,60902,69256,15994,54997,48365,68331,887,72460,55392,73666,75760,66136,57481,52883,40268,48352,33610,44173,21687,24669,47406,73113,57349,70738,58933,44139,48470,43383,58550,72233,70407,39786,56401,70578,66392,56837,791,58038,65950,70008,70520,52088,53169,71061,71203,77029,48132,71939,9726,64120,68287,24786,53272,18821,37890,50337,53595,70239,33240,59682,57604,68644,70704,69543,58514,8536,48497,58801,51768,25248,63062,56679,61814,68698,54161,46679,33691,70890,44243,57380,52750,68345,61631,75316,59809,55223,42333
,,,,,,,,,,,,,,,,,,,,,,,,,,,,,,,,,,,,,,,,,,,,,,,,,,,,,,,,,,,,,,,,,,,,,,,,,,,,,,,,,,,,,,,,,,,,,,,,,,,,74053,74096,73287,68078,70795,61262,51181,46497,66011,68430,33052,2820,70525,40156,66816,70309,59126,9840,66189,44973,15957,15889,68207,11744,60376,10962,60658,26906,32268,29558,41139,60795,51838,38310,70714,24267,54020,59543,44323,62061,74818,70575,6926,17794,41315,59714,65940,14636,67854,8377,59587,34358,57391,37026,68070,7845,59935,64704,71336,39237,64218,25994,37168,57839,60886,48858,34952,47795,73956,75687,68965,8689,69020,70860,73009,9638,49474,48141,72174,72633,76447,55380,64926,24207,71699,68009,57620,60648,69004,68123,68157,60683,45902,67329,50059,56814,67763,65550,58149,396
,,,,,,,,,,,,,,,,,,,,,,,,,,,,,,,,,,,,,,,,,,,,,,,,,,,,,,,,,,,,,,,,,,,,,,,,,,,,,,,,,,,,,,,,,,,,,,,,,,,,64692,26444,63875,76799,41138,39289,42746,59593,25353,37158,63327,60142,63294,65718,55365,48451,71644,32323,70589,74660,59314,44492,74922,52089,11798,126,43511,48592,72498,50725,55894,64318,45726,63254,15592,35224,71484,51557,71111,41910,19399,59584,67883,51860,48173,64452,58757,72544,35622,62327,49851,50531,70266,70968,66426,66880,59805,51246,71442,72209,57128,52456,48549,57402,72540,41982,40606,25283,68759,45604,67580,50302,62794,68610,18396,59422,68860,59787,67748,14083,65834,73563,31566,42100,23564,47294,71438,68732,70467,50485,66025,1942,41389,67843,56183,69019,66260,15505,37834,70666
,,,,,,,,,,,,,,,,,,,,,,,,,,,,,,,,,,,,,,,,,,,,,,,,,,,,,,,,,,,,,,,,,,,,,,,,,,,,,,,,,,,,,,,,,,,,,,,,,,,,67483,40881,74661,64171,46082,57484,66720,60913,43803,54921,69637,27967,63044,45407,66285,64220,76915,62117,54163,59096,71572,28982,51668,29479,56657,56852,34051,23959,53341,62095,49378,28137,29683,49755,31011,32476,71107,65798,58467,39814,60920,49550,40163,63776,67127,58085,74449,58521,42939,45933,57989,1413,67135,23697,34947,28644,48576,73690,71836,63034,67759,36278,61629,69499,74827,30894,72086,47284,72544,40238,56723,51663,24374,54257,75005,69445,69489,66210,54604,58528,73689,70549,35633,1717,71814,70543,40982,28121,72505,69872,26555,20261,40711,40152,51729,51451,67336,38625,36382,44821
,,,,,,,,,,,,,,,,,,,,,,,,,,,,,,,,,,,,,,,,,,,,,,,,,,,,,,,,,,,,,,,,,,,,,,,,,,,,,,,,,,,,,,,,,,,,,,,,,,,,67246,43424,73046,72769,37965,60235,48440,65231,26848,35819,64500,71912,73144,57953,58292,42918,57318,1073,70689,73360,25514,44479,27277,29004,72402,70587,63147,231,33471,16650,68614,16214,41256,66788,66814,20716,34729,31958,58024,59174,43184,73575,62274,68328,42919,52066,72342,7508,76010,70980,73723,65030,33895,62295,65707,58484,39548,51063,24361,60613,32409,56432,65133,9352,69534,54314,43337,42009,67510,36154,50251,67779,65613,55820,53037,52997,68774,64913,40307,22083,56949,59704,71558,63601,73407,69880,73796,71310,45935,36780,70332,62172,70688,73994,67558,61689,53810,55887,72949,62822
,,,,,,,,,,,,,,,,,,,,,,,,,,,,,,,,,,,,,,,,,,,,,,,,,,,,,,,,,,,,,,,,,,,,,,,,,,,,,,,,,,,,,,,,,,,,,,,,,,,,27512,70409,67333,9413,68031,1301,71869,69582,72495,45276,61928,56228,43451,39349,58761,10237,58105,64139,53197,15114,65955,11710,49618,58277,67225,62420,70397,62313,65952,66381,51061,55359,57797,55114,39981,67760,72982,60073,57239,51778,58572,67345,53428,16109,48709,50880,62757,63620,925,200,59230,27647,72448,66888,65680,63863,66016,25314,69381,74431,34331,43490,63786,63866,73161,76003,53845,43294,69990,62597,36377,4272,66829,11724,67605,70963,75367,51342,70417,61151,69063,28538,20939,68552,55784,46845,67027,71177,73330,73099,44703,65930,74611,72416,62336,10824,65415,53216,56116,55264
,,,,,,,,,,,,,,,,,,,,,,,,,,,,,,,,,,,,,,,,,,,,,,,,,,,,,,,,,,,,,,,,,,,,,,,,,,,,,,,,,,,,,,,,,,,,,,,,,,,,76207,72524,64524,62591,65125,43031,56575,1319,72882,16969,45377,8505,72453,58299,23735,23539,50872,42513,33016,24189,70498,71306,60341,55561,71584,67976,40934,66575,64344,9444,14144,30318,58229,1719,63546,71364,29133,21641,70438,61397,73139,64351,69462,58351,68348,7655,49080,62798,71673,67482,63976,40705,60840,52564,59443,23766,65277,28343,63262,54387,65012,63868,40132,44444,69053,36600,72650,48998,65047,35035,67637,64965,37796,21414,72760,59032,73690,66858,57551,53366,43463,70444,52107,62400,65431,73071,37169,70559,57549,51493,72007,60888,71674,2325,73191,68890,8120,8997,61721,67629
,,,,,,,,,,,,,,,,,,,,,,,,,,,,,,,,,,,,,,,,,,,,,,,,,,,,,,,,,,,,,,,,,,,,,,,,,,,,,,,,,,,,,,,,,,,,,,,,,,,,61891,26542,29541,52460,68234,34697,72368,44376,29044,15876,58640,49296,27409,56719,37102,31172,71551,15705,74184,57780,67978,65856,63043,23694,62705,55159,74820,71134,66931,57614,71394,14030,70677,49928,73103,57328,45269,40180,69964,59931,66570,71678,75796,58744,47219,48377,60007,22737,66055,49276,73920,55965,47807,33498,52345,74460,62509,24951,58042,50271,62639,70220,41511,34017,55542,50182,57865,68027,75030,39621,60493,21428,65413,68622,67501,60280,70276,57816,34328,75866,69990,51141,58081,35568,55062,76459,47218,61467,62946,38613,61617,62120,73968,63038,76227,60216,3338,7957,74669,52609
,,,,,,,,,,,,,,,,,,,,,,,,,,,,,,,,,,,,,,,,,,,,,,,,,,,,,,,,,,,,,,,,,,,,,,,,,,,,,,,,,,,,,,,,,,,,,,,,,,,,71976,30178,45262,47382,69708,73147,33226,75292,65356,2283,64942,47568,59969,37031,57683,53803,60504,50436,34813,63979,62678,69172,39299,18202,57249,29704,74708,70559,37990,48353,22489,48979,76070,71632,72111,68990,67596,69691,71333,63787,60861,68640,55155,52252,72401,69467,72303,56022,55011,31595,60197,37843,59762,60495,54021,1729,65375,49137,52210,57876,60696,36006,45481,47564,70993,60136,70216,56672,51623,47943,16100,19434,38600,37793,71936,72264,57679,72727,68655,48519,68273,39359,66241,46106,64759,43614,68387,61547,53494,25703,68807,71948,75514,37118,46541,417,61406,48352,70376,42208
,,,,,,,,,,,,,,,,,,,,,,,,,,,,,,,,,,,,,,,,,,,,,,,,,,,,,,,,,,,,,,,,,,,,,,,,,,,,,,,,,,,,,,,,,,,,,,,,,,,,9449,7496,74185,48668,67750,70724,45451,53772,44709,45581,71802,71723,42655,64820,48707,37861,73175,55201,50475,59449,67491,62339,71877,64985,73912,77561,62432,1403,54403,59739,62990,61637,64579,65261,41390,50179,68919,38662,67379,71809,71276,69262,71504,74561,58172,50331,73839,63363,68906,60411,75638,44667,58454,59499,72336,56793,51928,62949,52253,70242,29624,67228,62840,67681,32795,67824,74046,70091,52000,10708,76361,68594,55692,24675,60751,71008,64730,1114,72850,73743,68727,2875,66962,64698,68433,70111,47725,44368,46566,505,55599,263,68033,15700,49027,39451,51908,65239,70899,62264
,,,,,,,,,,,,,,,,,,,,,,,,,,,,,,,,,,,,,,,,,,,,,,,,,,,,,,,,,,,,,,,,,,,,,,,,,,,,,,,,,,,,,,,,,,,,,,,,,,,,56397,21858,60674,43419,49441,55140,51747,33036,70974,62347,72695,60061,58061,41076,52783,16241,66601,66529,35472,51728,69168,64443,67268,32131,67849,22266,69133,28749,58236,49828,58926,40152,67153,52065,46462,64495,46263,55689,68987,67680,58502,29185,60286,44147,51531,54396,62992,24019,71056,61422,48543,55893,43005,41562,68215,41665,66869,70610,54242,48332,72281,42472,55175,59360,45979,74377,54788,48541,72766,51844,8600,11033,56200,39038,57888,55518,39322,25012,44390,40544,70458,69156,69752,59739,65135,57742,58230,52939,63446,54210,47859,38709,60652,51033,42676,54132,50283,5482,68480,61667
,,,,,,,,,,,,,,,,,,,,,,,,,,,,,,,,,,,,,,,,,,,,,,,,,,,,,,,,,,,,,,,,,,,,,,,,,,,,,,,,,,,,,,,,,,,,,,,,,,,,71256,53042,66726,46875,72661,69285,17961,24216,38036,53207,17296,63256,77361,59942,72704,56543,46662,46713,58670,55629,52962,69473,53889,65156,56932,69872,45454,52051,64003,54151,68039,28857,67200,59622,71987,70108,70797,70093,26934,23396,42909,41975,26715,68082,44920,42017,47870,59773,28858,42894,68983,73236,19305,15701,72291,73323,70029,70467,43049,70658,57169,65676,69185,53984,49525,44937,65869,55006,38369,45776,47204,52121,58989,37797,71474,64134,58058,66636,63405,20746,69757,41759,70654,70455,41234,64079,9214,31180,58289,70674,55850,47284,63894,45526,41756,36411,53159,11213,72076,65560
,,,,,,,,,,,,,,,,,,,,,,,,,,,,,,,,,,,,,,,,,,,,,,,,,,,,,,,,,,,,,,,,,,,,,,,,,,,,,,,,,,,,,,,,,,,,,,,,,,,,42397,59462,76266,65964,72823,17018,70724,69292,49301,76051,73324,71516,60857,64308,71793,73489,53417,52840,71803,8804,56679,20001,58417,52326,1553,385,73981,56121,52643,42432,74930,66191,59704,41324,60797,26240,69081,32063,67355,40343,62329,55897,72097,72439,52170,8542,70453,63550,53147,76739,63108,33748,74437,74265,71806,67206,28563,66109,70798,65351,74699,48909,13691,63089,66736,60348,68652,73951,44262,39196,54337,42224,60479,67769,53707,61100,59511,66698,55674,45886,66126,64347,73941,60074,65398,50109,31254,47483,72650,71308,41556,7659,48685,71947,74494,65419,69940,60542,66616,67534
,,,,,,,,,,,,,,,,,,,,,,,,,,,,,,,,,,,,,,,,,,,,,,,,,,,,,,,,,,,,,,,,,,,,,,,,,,,,,,,,,,,,,,,,,,,,,,,,,,,,72238,63955,63594,49574,69577,27742,54541,40967,66771,62805,21811,38083,52976,43817,71152,65223,66877,24284,69474,40374,54021,33477,62177,7414,55913,51017,63372,64038,53154,10338,45068,52877,67722,43729,73804,56779,3047,40372,68900,59361,67942,65292,64292,60009,72326,65669,72607,57289,71903,69574,36769,41389,70328,12831,59255,64758,64380,66451,72484,43079,67455,53831,60182,37947,65639,73225,10802,860,21825,34483,70764,33436,68408,42430,27528,17253,36752,60261,68586,38034,71463,13346,34369,31165,46949,53250,15244,33749,67377,75976,34617,17477,57731,54114,68659,65298,54754,75152,52343,2124
,,,,,,,,,,,,,,,,,,,,,,,,,,,,,,,,,,,,,,,,,,,,,,,,,,,,,,,,,,,,,,,,,,,,,,,,,,,,,,,,,,,,,,,,,,,,,,,,,,,,8478,45972,64686,63056,46128,63856,62456,331,73906,71302,68465,63187,74259,61190,10494,157,56719,63202,29854,40836,26961,126,74924,70533,75171,72675,41301,31174,41606,57182,79055,71185,67051,50790,57960,45606,71108,70200,73554,9654,67555,72167,71617,29047,40626,35655,55688,33627,67156,1435,69393,76461,35611,24219,65338,357,71707,67048,75433,51733,71210,71115,20466,42057,62854,12705,66290,41558,58269,46009,53640,41039,26142,29502,70494,71362,65818,19764,41694,50428,45807,44673,47415,60754,71162,58218,41464,73734,67219,55570,66254,60369,40899,43918,59718,29005,71133,31106,65723,55690
,,,,,,,,,,,,,,,,,,,,,,,,,,,,,,,,,,,,,,,,,,,,,,,,,,,,,,,,,,,,,,,,,,,,,,,,,,,,,,,,,,,,,,,,,,,,,,,,,,,,32644,49633,70613,9075,69798,62460,71710,67302,68152,67690,2181,50086,65966,74098,60907,33842,56017,49458,51143,32807,75846,30984,75988,75760,71693,35847,73546,59347,72350,69213,19403,748,57289,31426,55952,63632,21637,51415,52920,41430,65845,64308,72954,64824,67394,68757,65876,63478,54734,74567,67087,73647,66291,67636,31844,45803,62275,41329,64752,54914,51505,72059,27045,60663,58211,59404,48984,10934,70123,67369,56117,52624,74815,66210,18527,19947,65111,29454,34928,38576,70356,67601,55736,63208,76620,74866,58145,40471,73865,43920,56379,2911,62655,69852,53649,65480,50588,1181,41942,41541
,,,,,,,,,,,,,,,,,,,,,,,,,,,,,,,,,,,,,,,,,,,,,,,,,,,,,,,,,,,,,,,,,,,,,,,,,,,,,,,,,,,,,,,,,,,,,,,,,,,,51360,58402,69856,49565,57485,39429,63557,55169,61636,66968,66749,8341,56144,32611,59717,71773,38230,58818,38220,64565,29663,47012,51874,63589,72987,73146,39536,69861,67615,70442,70254,46107,69739,50090,40704,35282,54959,59618,55771,28458,72182,69062,34504,38848,5585,1689,72176,66433,70251,36474,61384,20279,55636,30835,32771,281,73542,51430,24989,24981,45144,11279,61939,61063,66875,41838,72478,73119,67724,43072,71337,69969,37812,30820,48841,24444,76528,42610,60298,56645,63675,46868,72012,67206,68121,55071,66914,38330,74693,58276,56318,759,52187,49941,46155,12809,47501,40615,69261,59875
,,,,,,,,,,,,,,,,,,,,,,,,,,,,,,,,,,,,,,,,,,,,,,,,,,,,,,,,,,,,,,,,,,,,,,,,,,,,,,,,,,,,,,,,,,,,,,,,,,,,42884,31819,68625,61800,17880,181,4219,66283,40096,34150,74616,47722,73379,74188,49509,40404,74060,69873,70722,67798,68894,70103,39164,47655,68143,53788,71691,67031,71627,54250,64476,56821,57051,30272,65051,38635,68370,25901,50425,470,32481,60588,64611,42631,28918,691,70590,51664,38121,46183,56693,35658,69789,16874,75708,49070,43902,64670,71631,69466,59900,38317,64795,28473,71297,35448,72429,63428,49612,53694,62453,63558,74933,67792,60457,8996,22361,28009,71916,63906,68932,69952,14139,67275,73428,55306,73428,75052,58254,73616,64793,8316,72578,43011,58922,60102,71402,73382,64540,62197
,,,,,,,,,,,,,,,,,,,,,,,,,,,,,,,,,,,,,,,,,,,,,,,,,,,,,,,,,,,,,,,,,,,,,,,,,,,,,,,,,,,,,,,,,,,,,,,,,,,,40108,44323,76170,66597,68186,61359,71195,61738,68246,44807,72635,30961,70158,56522,75672,52232,58925,66316,72581,69898,67029,36410,51765,34747,50585,70077,69155,67458,47847,51245,67940,57336,69003,40959,55306,8765,50606,52745,72136,47356,74455,48977,68024,62894,59960,34808,54034,76032,60294,56023,71849,71478,47324,23920,66694,69877,76369,60764,49562,43316,72898,64968,27874,3993,69955,48580,50481,53576,54588,17557,69345,53982,61046,70055,65065,28882,56142,25773,57962,34655,58317,44107,62691,68814,70228,53983,69772,61895,64392,17045,47538,66028,71589,30586,67435,54572,68974,41482,56409,17190
,,,,,,,,,,,,,,,,,,,,,,,,,,,,,,,,,,,,,,,,,,,,,,,,,,,,,,,,,,,,,,,,,,,,,,,,,,,,,,,,,,,,,,,,,,,,,,,,,,,,64331,66591,70364,74899,74747,68587,70979,65279,56906,32457,69464,47628,59198,58864,72890,67714,68145,69901,62454,53611,69873,34897,52082,52118,29460,38376,60272,73260,71849,70830,77026,65452,61644,62381,52786,49905,57199,33698,62921,51048,43108,51280,65909,70920,37611,40500,33791,30877,57013,38922,55967,51078,44676,29123,75237,65216,75465,72378,66295,15091,53746,34334,66995,47694,50616,58756,66089,56659,59851,52134,60053,41464,42805,9571,70248,56620,26026,44127,71470,41611,71625,63679,55132,51072,66714,73518,49062,61148,15284,24569,44274,574,50007,65178,74266,18126,49413,50568,45151,53520
,,,,,,,,,,,,,,,,,,,,,,,,,,,,,,,,,,,,,,,,,,,,,,,,,,,,,,,,,,,,,,,,,,,,,,,,,,,,,,,,,,,,,,,,,,,,,,,,,,,,24810,28507,77186,65758,73161,66274,64701,44973,63331,17433,67368,65453,72885,65203,72919,66065,61073,33440,64418,61074,54884,29306,67170,65340,56649,70183,41915,55040,52271,32332,55656,65577,36174,2385,24874,62243,59284,1263,69646,63498,68038,18598,71873,19349,73023,47633,68047,67266,68450,28168,71923,70963,31556,18597,51338,2727,69749,49800,64810,70873,62565,60576,71149,41967,71109,70291,60437,68637,1799,203,55406,52775,64351,70527,71134,60886,60052,65204,72394,72779,66115,58282,66601,71232,72399,73788,64463,53720,58693,60049,42776,57952,70797,60669,65750,17604,72397,68543,67327,46704
,,,,,,,,,,,,,,,,,,,,,,,,,,,,,,,,,,,,,,,,,,,,,,,,,,,,,,,,,,,,,,,,,,,,,,,,,,,,,,,,,,,,,,,,,,,,,,,,,,,,73356,4525,62412,70292,74489,59224,55016,68056,69140,26061,64131,70045,63875,62812,52393,49039,64856,36327,58853,71638,56781,1133,77379,64409,64694,26603,72078,66551,49488,63746,71434,68212,33151,72270,72163,41891,43406,31318,62865,43428,75259,64339,26181,27551,57950,38514,69375,47010,73128,75207,53717,62757,61565,13857,70196,36040,70797,33756,41348,1514,66903,59962,59841,66678,67569,66105,70142,51682,63161,47407,70842,2238,58938,43149,29441,35568,73518,74539,56630,57090,59446,20759,72452,54864,35643,33670,59039,44777,78105,68823,73301,47322,44625,62183,76430,68364,69663,62776,38071,57436
,,,,,,,,,,,,,,,,,,,,,,,,,,,,,,,,,,,,,,,,,,,,,,,,,,,,,,,,,,,,,,,,,,,,,,,,,,,,,,,,,,,,,,,,,,,,,,,,,,,,46679,73677,68571,67284,52993,50386,71431,65337,66849,852,50933,37095,75122,67449,55772,63193,41614,28052,57868,48036,70649,50236,61175,8829,56698,52926,55048,43019,68904,50810,9819,1087,61136,32682,24059,12901,75640,73316,65514,69787,61596,60974,40102,61715,72307,44252,67937,35083,66926,52906,68681,9638,49842,34652,56008,56706,38617,39018,70184,61892,71604,43449,52841,39351,60524,74194,76006,74340,68661,34295,59321,1405,45467,34926,24969,33997,69171,51659,54296,29861,65093,64533,60907,56191,31085,52378,59011,12286,64271,27398,50781,46243,71133,67714,58250,30366,49002,51323,62211,64451
,,,,,,,,,,,,,,,,,,,,,,,,,,,,,,,,,,,,,,,,,,,,,,,,,,,,,,,,,,,,,,,,,,,,,,,,,,,,,,,,,,,,,,,,,,,,,,,,,,,,67814,75892,55970,40586,70549,50771,62152,29146,74200,69614,50968,63972,74043,71116,67305,67131,67511,70145,66058,36366,21294,1383,60475,34226,69490,51728,66713,67360,43189,50526,71487,24181,48280,54053,71179,53232,34938,33341,2305,36613,70502,18639,64862,59678,59431,63438,59732,11609,66674,22752,69464,52956,70947,68409,48793,37175,68957,62645,38581,9489,57132,49103,35028,63694,33644,32047,59346,10321,33680,17702,56564,73064,70830,66320,44125,67471,76882,73603,57755,73499,22036,25170,63568,43554,51513,62734,65816,31804,49379,25939,73404,74468,40907,44261,70615,53325,52574,35298,41314,64885
,,,,,,,,,,,,,,,,,,,,,,,,,,,,,,,,,,,,,,,,,,,,,,,,,,,,,,,,,,,,,,,,,,,,,,,,,,,,,,,,,,,,,,,,,,,,,,,,,,,,73521,62765,62266,41529,10698,58556,8033,58042,61622,65443,56513,30249,67863,67548,70719,61549,59149,34705,58188,70293,21743,60686,53263,71557,64485,76086,73567,50613,69902,40799,68455,54299,68702,33990,75886,57440,71843,7628,72581,31912,43427,63953,50173,16075,63167,58450,69915,73160,50764,41947,44441,74624,63258,60858,47609,31919,73998,72837,58570,21922,9764,18938,62683,17390,57749,60622,72797,65543,68026,46077,69219,66318,52145,51838,56007,22545,69456,58040,75343,65192,73151,53125,63406,30106,77137,71858,51368,58218,55804,52174,61659,60671,72615,45093,59235,66233,51995,66655,60559,29067
,,,,,,,,,,,,,,,,,,,,,,,,,,,,,,,,,,,,,,,,,,,,,,,,,,,,,,,,,,,,,,,,,,,,,,,,,,,,,,,,,,,,,,,,,,,,,,,,,,,,63527,25608,57815,31974,44507,46027,63300,24563,55078,60037,74362,32700,70950,70044,49543,67876,62623,22234,56286,61295,56713,52620,72307,28849,39009,29076,51958,57918,66535,61089,71355,68508,8822,49738,64529,75621,28860,64279,33901,17692,41039,43751,75240,72148,69167,25327,72876,29748,46198,68100,52843,72814,54974,17770,63778,42520,71731,54496,48592,1071,68546,68122,30379,26293,66192,32452,32905,39468,65958,7754,61920,71245,57747,53392,9968,22335,72260,44695,44113,45737,52575,143,63009,72581,54166,1065,67233,57301,73782,64176,42515,39974,61402,69313,60186,39109,72224,76102,55040,21710
,,,,,,,,,,,,,,,,,,,,,,,,,,,,,,,,,,,,,,,,,,,,,,,,,,,,,,,,,,,,,,,,,,,,,,,,,,,,,,,,,,,,,,,,,,,,,,,,,,,,75155,71832,23728,66804,73398,64340,60721,16953,53114,45592,57857,65805,68306,44584,71238,30111,68125,50115,71921,65415,59035,66267,36990,32190,27642,69363,22798,66398,37120,68614,20905,46728,44615,72360,25200,35537,63025,32835,68407,61583,29022,1101,64875,70293,40790,35181,52709,32772,63091,69824,48205,35336,34505,2719,58222,38440,64822,59359,52507,37687,66869,40576,52703,56230,50815,42503,47006,50865,76860,71710,60491,65220,26123,4398,58429,61720,49609,62208,58463,8690,61145,59962,63862,52843,72704,74983,62628,58259,58261,35389,59347,57169,69535,20850,54198,28770,52640,63032,39987,53496
,,,,,,,,,,,,,,,,,,,,,,,,,,,,,,,,,,,,,,,,,,,,,,,,,,,,,,,,,,,,,,,,,,,,,,,,,,,,,,,,,,,,,,,,,,,,,,,,,,,,68534,65659,3178,39954,55377,29933,70413,63866,47312,48405,22358,22784,71984,74256,30008,33565,52001,67920,68703,76649,71302,65661,56383,66594,46254,46406,7824,14896,66641,28363,56724,35989,73078,44914,52549,67074,69619,50871,65124,35806,74033,67986,64590,64417,67159,71514,56788,28648,32662,34793,19525,236,61073,56048,1497,25542,29836,61610,67677,55136,60686,69449,73970,50749,58081,75494,71949,55459,66860,50269,35592,50755,61959,331,47363,28271,72617,24722,61237,27133,67107,51159,70438,48428,63637,67447,42357,41546,71878,39453,44849,39095,52793,23617,69497,50312,68948,72040,44983,70239
,,,,,,,,,,,,,,,,,,,,,,,,,,,,,,,,,,,,,,,,,,,,,,,,,,,,,,,,,,,,,,,,,,,,,,,,,,,,,,,,,,,,,,,,,,,,,,,,,,,,58386,29068,70101,71530,69595,72539,69628,62297,59693,21711,68874,41879,57221,71821,62148,39507,74249,74313,71496,42758,52046,44099,68278,62839,33710,42484,71625,66407,63111,47225,61218,69858,10989,781,71306,75719,72408,73521,70266,66262,62116,28349,65370,70640,68287,22610,70569,2716,51976,44975,40747,9600,70907,1234,69181,41657,67808,51851,55736,392,57885,53255,67123,60671,66851,30333,65118,55130,52660,43375,71210,30726,70063,33180,65254,69121,52765,72736,45955,10995,33639,54046,59885,494,63398,45686,43981,57057,74719,70904,40948,47884,31290,66557,69137,61396,41874,13481,72834,41262
,,,,,,,,,,,,,,,,,,,,,,,,,,,,,,,,,,,,,,,,,,,,,,,,,,,,,,,,,,,,,,,,,,,,,,,,,,,,,,,,,,,,,,,,,,,,,,,,,,,,40945,25393,62612,28389,70316,41980,47635,40347,74138,49683,48749,24094,70971,23334,449,1225,64264,66592,73304,69058,72021,70221,59337,67173,60011,49837,49351,37871,57734,56985,50880,71131,74089,64027,34195,36603,67782,49344,70045,66705,43720,32790,57315,56602,26061,63968,48799,35504,54504,53274,70135,68141,71063,54852,72195,62204,50006,40498,43533,42260,71712,75247,37278,26183,67027,8191,15597,23503,61801,47837,68110,68026,74010,72659,28073,43807,52943,27602,56858,49098,48193,3058,63851,54194,35708,31879,70450,51740,2255,25925,65736,24306,72713,32603,47446,65514,67131,73981,54319,64599
,,,,,,,,,,,,,,,,,,,,,,,,,,,,,,,,,,,,,,,,,,,,,,,,,,,,,,,,,,,,,,,,,,,,,,,,,,,,,,,,,,,,,,,,,,,,,,,,,,,,63784,71090,44955,43786,69844,26180,49286,62877,62855,48894,76407,71122,68286,48203,74079,54008,58055,52074,41741,31798,72477,55279,68470,67195,38743,23764,60638,33281,67795,24378,58099,60253,57508,49113,36959,10653,69593,50203,31469,15015,57247,70868,65676,62621,57346,32897,48648,41196,45095,68538,67981,70842,50553,31750,70222,22261,73806,73763,56029,1055,65276,57499,40591,43202,43988,27347,55384,203,67793,59344,66267,67105,70690,28981,24778,12779,46168,71201,35200,49679,36445,57170,64267,51471,54238,40158,74085,75957,74877,70614,58155,35212,74178,73027,63042,63757,66167,24154,32124,50054
,,,,,,,,,,,,,,,,,,,,,,,,,,,,,,,,,,,,,,,,,,,,,,,,,,,,,,,,,,,,,,,,,,,,,,,,,,,,,,,,,,,,,,,,,,,,,,,,,,,,30411,58106,70690,54950,73806,66881,55879,45873,61262,42574,38939,65168,17558,23152,54186,63027,52592,52043,35189,31419,1842,559,69360,46539,66480,34659,58120,11894,69541,65567,38147,18874,66447,68590,52924,64770,44093,70457,65805,63021,60302,73409,30964,26878,57366,59674,68188,62425,73296,56030,64347,40717,7701,57916,48690,34470,17107,41078,66691,53430,60501,39492,45209,49562,51717,56785,51521,52008,59656,45966,73551,71627,71160,75412,66140,62911,69015,44219,65175,69790,51399,57910,74100,73706,62056,71934,54733,67608,72464,75614,27483,32659,50340,50102,66274,72932,23734,42924,65858,60077
,,,,,,,,,,,,,,,,,,,,,,,,,,,,,,,,,,,,,,,,,,,,,,,,,,,,,,,,,,,,,,,,,,,,,,,,,,,,,,,,,,,,,,,,,,,,,,,,,,,,68794,41527,57726,43433,59345,42936,52112,32787,69624,23593,41593,246,58425,28243,47906,58489,45881,16429,64528,72841,72804,56296,60469,12297,72525,63943,31192,30610,52610,59337,75725,76482,60597,59363,62470,57422,58961,43259,70853,45345,60365,17599,56902,75908,63603,38181,70761,12787,70836,32361,65299,71162,55366,43098,36349,49660,74272,75034,49707,54278,62061,58583,56413,57332,6816,27037,60812,62922,64387,62882,46935,8037,21076,10381,53332,62380,27351,853,70410,59632,57295,66890,59725,70645,58421,42045,42131,475,40923,34922,69724,3455,47356,58906,36660,57085,65275,63435,41715,38596
,,,,,,,,,,,,,,,,,,,,,,,,,,,,,,,,,,,,,,,,,,,,,,,,,,,,,,,,,,,,,,,,,,,,,,,,,,,,,,,,,,,,,,,,,,,,,,,,,,,,65501,71007,70198,27390,69754,72320,44474,36857,75022,74584,52253,39318,1394,335,70238,38892,46462,62785,72649,73694,71983,65686,24514,16658,60977,31330,50789,64031,64839,49157,68338,62115,52529,1073,27875,58109,27523,16726,27490,75036,47760,57896,74280,73291,64907,60626,64118,63882,67973,63836,64265,64770,27484,54826,39187,10699,60582,72979,56180,64508,72640,70939,65208,33234,24442,59328,62487,74828,61132,67436,72752,73201,35176,54484,48977,45249,33202,61535,41104,55947,70889,70204,68612,65241,75785,66823,56509,58760,45453,40209,47957,43371,47775,48584,75505,68616,71840,28207,59253,34795
,,,,,,,,,,,,,,,,,,,,,,,,,,,,,,,,,,,,,,,,,,,,,,,,,,,,,,,,,,,,,,,,,,,,,,,,,,,,,,,,,,,,,,,,,,,,,,,,,,,,70796,13406,63835,63689,73309,75575,64285,68653,64805,62236,70533,72477,38444,47779,66174,57597,72331,72328,74827,70108,72422,19033,75156,74451,41507,2533,71422,72040,69184,71122,54373,46339,64678,69839,41039,26015,58522,58952,44860,2795,73218,75183,55590,59932,58719,29744,70135,70882,67201,14154,69923,69842,61113,297,30186,30989,29264,40566,51632,74610,64023,38688,35345,48409,71836,60933,26789,63045,35176,58077,68072,43352,72109,58624,47823,16004,68093,73829,73418,38256,36237,51573,73044,62397,71222,56898,32765,40304,67707,66508,74673,68427,73839,50430,65542,31607,46473,44057,30737,27093
,,,,,,,,,,,,,,,,,,,,,,,,,,,,,,,,,,,,,,,,,,,,,,,,,,,,,,,,,,,,,,,,,,,,,,,,,,,,,,,,,,,,,,,,,,,,,,,,,,,,31225,59633,61109,60292,74458,57582,71919,73246,71454,71447,70837,68841,73145,75829,63424,66150,56855,61717,18619,15530,60152,60693,73383,50838,70539,65435,51513,66930,23961,47988,33201,8514,33867,40207,54404,39903,45443,32587,64996,54498,75441,69947,57631,68561,68429,60492,28765,71751,74092,54560,72287,72766,33159,36707,49178,32321,63791,71817,60703,70388,66562,2258,74583,68222,68969,50131,27329,64635,60440,62200,37234,44924,71923,43800,70193,71864,55434,56274,20450,46292,30690,58200,60374,39926,59308,70963,62925,35893,69954,54773,63340,46404,70038,48236,70819,66724,73679,67876,65500,67903
,,,,,,,,,,,,,,,,,,,,,,,,,,,,,,,,,,,,,,,,,,,,,,,,,,,,,,,,,,,,,,,,,,,,,,,,,,,,,,,,,,,,,,,,,,,,,,,,,,,,67675,554,55148,50578,34525,27604,71321,68763,71214,12715,63553,889,36357,28489,61410,39208,69475,46229,22201,27602,36043,35655,61659,63469,73111,60903,30161,31452,68778,63143,74748,62739,66774,74701,67706,69388,63831,41186,65829,11727,33795,52460,69990,66515,70833,51238,50059,57287,68938,44839,56541,68055,45674,57284,71329,27906,68303,57200,64263,71911,74932,70087,62483,65855,64642,10539,45395,67806,64641,63033,66150,56424,44449,46984,71285,11344,51735,39274,71736,74474,67114,68333,29010,1846,74801,22797,48349,49295,64109,61865,44505,58040,72577,48186,68688,16270,67332,69254,72321,69878
,,,,,,,,,,,,,,,,,,,,,,,,,,,,,,,,,,,,,,,,,,,,,,,,,,,,,,,,,,,,,,,,,,,,,,,,,,,,,,,,,,,,,,,,,,,,,,,,,,,,61339,24973,43320,42413,71204,71883,67918,10538,54901,140,62754,41290,66921,25785,48547,68194,52400,38107,69537,72555,40491,26188,51762,29212,74937,74295,54631,68541,56848,65179,49300,50517,48885,41563,64029,68112,50791,42887,71442,42732,46457,65482,60436,47424,60770,47343,56051,48557,71004,69934,71097,66601,65910,33359,58452,36419,73953,38644,66626,49059,51357,70515,54027,30758,28629,34034,72973,33001,52660,64336,75704,68804,63056,35707,65409,67661,50842,469,63604,57826,63310,66130,65705,33602,30408,42537,73261,45088,71814,53578,69806,66905,65948,46771,48841,69600,53656,46230,70180,10813
,,,,,,,,,,,,,,,,,,,,,,,,,,,,,,,,,,,,,,,,,,,,,,,,,,,,,,,,,,,,,,,,,,,,,,,,,,,,,,,,,,,,,,,,,,,,,,,,,,,,43715,47940,70859,52301,70136,48993,68755,64380,56287,44556,69074,66899,69267,59939,45984,42267,34596,20089,57323,52720,74733,76270,45512,31929,38267,35249,48479,46134,74895,60849,34396,1654,63812,51733,70585,71128,66013,14567,65227,71978,50503,1071,75224,73547,59310,63352,70379,63372,64413,62851,58909,57944,69198,67971,57845,57571,54074,30100,74313,71556,53157,61595,51947,21136,23221,39385,74279,49757,71971,28866,69527,46300,68441,73959,68956,57349,74944,76518,9833,11717,62777,51236,64515,54126,68764,57265,57587,70714,57428,71045,55276,19647,50998,30154,24916,8630,57636,34923,69138,70903
,,,,,,,,,,,,,,,,,,,,,,,,,,,,,,,,,,,,,,,,,,,,,,,,,,,,,,,,,,,,,,,,,,,,,,,,,,,,,,,,,,,,,,,,,,,,,,,,,,,,69962,46624,44066,55111,70987,55044,38452,72034,45795,67973,55328,57348,58648,8903,70202,68906,61945,74164,67459,63241,63737,1766,61852,46673,34927,55815,69599,63353,36815,16083,58339,67404,49188,31808,62637,57285,72769,57257,59298,37321,69131,23643,66840,9335,65825,24458,73707,62284,67889,67546,73672,42308,51613,57702,76205,40290,70757,18397,47863,52457,57605,32464,60186,61084,57947,47748,40251,49680,73189,51761,60014,49247,33762,30886,62831,58293,38722,34907,17789,30566,69017,68096,69349,59994,71338,60515,56976,38379,64634,44745,25708,1153,68574,66025,60385,22671,64387,67091,68725,32371
,,,,,,,,,,,,,,,,,,,,,,,,,,,,,,,,,,,,,,,,,,,,,,,,,,,,,,,,,,,,,,,,,,,,,,,,,,,,,,,,,,,,,,,,,,,,,,,,,,,,71263,47646,74234,55233,44461,11388,63973,62182,62219,68225,29555,15303,75594,44365,66843,14565,37886,1260,29012,19456,63117,68391,67239,67200,70692,69467,53620,14001,66677,29797,55083,42884,69022,71229,62133,46430,71671,72646,71608,69056,57847,35791,57874,38878,4285,11076,56873,60026,17931,60609,76426,73124,72183,30656,46585,36755,55691,56572,36813,56379,41261,44337,48345,28842,63647,56396,41072,24520,41028,41996,72065,3623,74046,12544,70835,70694,58787,58158,70302,71095,27582,48988,48693,31233,74097,66481,58038,67942,70319,68443,36160,15812,31689,59211,52977,9587,68512,2047,27568,25186
,,,,,,,,,,,,,,,,,,,,,,,,,,,,,,,,,,,,,,,,,,,,,,,,,,,,,,,,,,,,,,,,,,,,,,,,,,,,,,,,,,,,,,,,,,,,,,,,,,,,60764,53847,69533,57397,50638,70233,75267,72119,70974,49953,66319,49422,70429,23498,22683,16187,59852,60520,69591,45642,61942,50566,63824,67282,60770,47247,71476,58353,66492,70071,59438,59622,51803,50991,44324,43493,49177,45578,56387,70598,76392,57121,24526,66430,70697,38683,57051,56331,76250,23872,12673,200,49351,15349,41398,49206,59894,16848,74555,41617,41250,32329,70897,73931,74251,31747,59113,469,71195,65076,70267,73921,30115,58973,62628,65146,71048,35346,16068,10255,69598,47818,65550,43569,55838,49170,75329,56379,71804,70517,53377,43572,57661,54248,63010,59324,37770,16089,59150,41303
,,,,,,,,,,,,,,,,,,,,,,,,,,,,,,,,,,,,,,,,,,,,,,,,,,,,,,,,,,,,,,,,,,,,,,,,,,,,,,,,,,,,,,,,,,,,,,,,,,,,53379,16073,47391,49366,73866,53893,58495,27881,68178,67876,48852,42962,61005,33403,34762,15992,65846,61153,42095,30269,44457,27186,36231,37192,39458,1445,68716,48996,72058,70487,29843,37822,71049,74038,67947,63173,63762,54431,74154,55971,64747,56778,47804,44981,71008,65997,42598,13463,66925,3344,57022,49130,66590,49035,58012,40272,45253,73514,73473,8791,42989,65131,35562,58270,70839,60144,64086,66740,3086,38104,71780,66650,47757,57050,75484,76160,62549,65089,73133,25601,57534,50790,62113,62951,62146,59391,35590,60246,65389,65441,61593,61530,39767,64084,49657,63140,59304,70576,70674,65915
,,,,,,,,,,,,,,,,,,,,,,,,,,,,,,,,,,,,,,,,,,,,,,,,,,,,,,,,,,,,,,,,,,,,,,,,,,,,,,,,,,,,,,,,,,,,,,,,,,,,61366,41064,66123,69551,11018,10454,56175,30017,35470,28122,66239,42511,64152,66453,26040,48156,42156,58821,60613,10460,71402,72537,67860,6361,67817,7655,46634,42374,51714,31781,70086,46526,42347,37309,71645,68735,52338,40711,62413,46324,67537,65269,73737,75973,59131,16680,57544,1047,71705,72246,65907,21241,55063,21891,44922,54302,70806,70003,65223,53554,72707,65620,66495,72029,62830,69696,73680,71838,49973,16288,72722,66282,71747,49066,72400,36335,59815,70194,71772,47372,21813,30505,72391,57523,50769,8636,62375,53351,71575,59451,65865,41436,72667,67955,45889,34356,70619,61994,69106,61851
,,,,,,,,,,,,,,,,,,,,,,,,,,,,,,,,,,,,,,,,,,,,,,,,,,,,,,,,,,,,,,,,,,,,,,,,,,,,,,,,,,,,,,,,,,,,,,,,,,,,74712,31828,38248,53875,46415,42355,75134,63275,59075,62266,37726,71526,72810,62978,68598,65677,75587,52722,10134,38242,30097,46550,72580,61097,68009,60901,65574,70498,28598,1389,64196,46490,41088,50093,69079,74804,57311,70681,58963,380,48416,71687,63437,62032,69925,7535,43050,10061,67433,54177,36527,74549,78025,59037,72071,72001,52253,38271,49413,50534,74492,53954,47617,61785,42353,17071,73950,69155,72599,49678,57531,24434,69701,58728,50283,54259,68131,56841,44687,54007,72651,73932,66437,67448,65594,67814,59321,46778,17867,438,74439,58772,41594,536,71366,61533,50360,39971,18366,2991
,,,,,,,,,,,,,,,,,,,,,,,,,,,,,,,,,,,,,,,,,,,,,,,,,,,,,,,,,,,,,,,,,,,,,,,,,,,,,,,,,,,,,,,,,,,,,,,,,,,,63404,68417,64984,75360,68088,28820,47686,11242,60387,40629,74605,75207,64073,69195,70594,71566,28658,36685,35687,12036,71521,71926,39890,47956,68054,32318,71729,47278,74298,71753,13642,7794,42554,39253,72257,75204,69856,68623,69518,62624,68094,74191,60974,61238,70806,38841,68564,69821,75324,67631,35025,59414,48087,71096,55870,53690,65276,66181,75219,61749,68346,14382,42645,25094,56985,61736,71055,52862,73100,58300,25848,24984,57308,75052,53399,49671,50949,57238,70725,40031,63905,65530,72973,66668,56504,49353,74894,55950,66714,28416,62733,75027,67598,19723,12672,973,52646,60136,70105,10899
,,,,,,,,,,,,,,,,,,,,,,,,,,,,,,,,,,,,,,,,,,,,,,,,,,,,,,,,,,,,,,,,,,,,,,,,,,,,,,,,,,,,,,,,,,,,,,,,,,,,60880,58728,63694,32258,43997,46749,71471,25086,60854,63774,65592,65942,37635,59698,59339,65110,58356,33673,73291,32991,57261,40597,34238,32905,62286,71202,55756,8628,73173,32826,48562,63157,45901,65899,68073,29173,37894,40287,31771,26728,65150,20254,59352,45681,53639,51639,71565,61874,64667,60617,66489,70923,53714,31070,70321,69444,67503,72853,64509,69025,71656,71986,72826,48756,59927,44993,13725,54862,72769,42858,49037,42588,71492,62307,44582,1322,67824,58799,53318,24188,71234,70059,73747,59376,33181,46872,69537,60277,52886,69880,76706,67607,75268,1204,60274,47548,29408,24089,73827,68824
,,,,,,,,,,,,,,,,,,,,,,,,,,,,,,,,,,,,,,,,,,,,,,,,,,,,,,,,,,,,,,,,,,,,,,,,,,,,,,,,,,,,,,,,,,,,,,,,,,,,64688,45869,62930,40783,58374,21578,19766,28630,57716,53583,67665,64317,16758,1399,58534,42843,58707,69275,30438,68801,57070,29260,63765,71985,70360,67263,70946,67977,35026,44021,70301,67014,67614,56039,63395,46974,71596,58969,45566,37230,67365,51759,22633,71556,39817,19479,67196,67413,21064,70771,54414,47895,60423,68512,51253,4612,59434,48673,61448,23235,25032,35428,24503,37905,11676,31096,47688,66873,65794,71824,57025,65301,46828,8559,59340,63179,61875,60793,24556,16812,50946,293,71840,64485,73602,38830,73551,59037,65228,43088,50042,37464,74553,76890,28527,12764,57224,47912,72705,56246
,,,,,,,,,,,,,,,,,,,,,,,,,,,,,,,,,,,,,,,,,,,,,,,,,,,,,,,,,,,,,,,,,,,,,,,,,,,,,,,,,,,,,,,,,,,,,,,,,,,,64511,74419,39815,40852,68771,59439,3188,8243,65747,53190,45757,19991,40949,42428,31514,6520,67058,37045,50747,51000,71566,69737,63014,42176,71722,71134,65835,73100,71922,64560,34209,18420,77153,39665,7807,22443,59850,61325,59479,44401,46341,293,43951,51496,65823,42025,73343,71570,40969,36540,75336,61074,50197,29802,67100,54635,55503,65256,34382,43118,70033,49029,73176,67468,67401,38236,47630,26981,72754,31675,68642,69933,73000,75663,72882,69173,54363,55147,72973,60161,60819,37755,41796,48875,70694,52794,77724,72336,58753,59660,50695,23184,65396,70874,60410,20049,52796,61906,62538,48459
,,,,,,,,,,,,,,,,,,,,,,,,,,,,,,,,,,,,,,,,,,,,,,,,,,,,,,,,,,,,,,,,,,,,,,,,,,,,,,,,,,,,,,,,,,,,,,,,,,,,73325,30242,62940,44589,57639,65539,60444,72314,71750,52187,60310,61843,44055,44110,62325,64591,73246,37584,51124,35044,74914,77023,51114,45585,47263,56640,28893,31995,50479,55754,37315,53476,77983,65874,59788,48952,61695,58029,51372,62131,59287,68986,63097,60608,72040,73476,68824,65355,68095,58778,30466,45917,49009,60534,61561,40625,68013,57688,58642,20215,32539,71703,78720,68578,64508,59947,58543,51276,40590,60769,75619,74453,67686,44973,23054,389,57946,67091,70167,71374,53858,19522,68021,55996,71196,37834,37474,41156,44922,69532,69116,69338,70521,68198,46277,25203,37461,50614,62882,72969
,,,,,,,,,,,,,,,,,,,,,,,,,,,,,,,,,,,,,,,,,,,,,,,,,,,,,,,,,,,,,,,,,,,,,,,,,,,,,,,,,,,,,,,,,,,,,,,,,,,,71372,66439,29767,50894,70862,35480,28561,26526,2833,606,45098,58496,47091,28129,50033,34329,72916,69941,60385,61447,68091,61386,66328,70073,73157,74133,70436,61274,41958,51522,60277,47628,46443,73050,55134,61424,46360,28022,73011,26175,61745,59695,69175,28642,67475,66939,23695,34454,68222,69263,32371,29786,65506,18433,55910,1442,69190,31015,51573,51626,42350,57908,71488,56006,60429,1160,65901,41544,69723,67842,73093,71804,63179,50532,71232,62824,71305,68924,38055,68409,62655,41222,69227,21568,24591,21029,72138,54403,76912,72767,75550,43968,73247,69934,62417,57030,67639,69867,43286,40291
,,,,,,,,,,,,,,,,,,,,,,,,,,,,,,,,,,,,,,,,,,,,,,,,,,,,,,,,,,,,,,,,,,,,,,,,,,,,,,,,,,,,,,,,,,,,,,,,,,,,70206,39342,67219,26585,73737,74878,47124,31049,69029,56877,17088,23644,27619,29527,61244,45904,63266,57272,21648,41471,60959,17417,67944,65771,66924,65622,36667,29990,26274,57691,69359,73601,67852,46048,68463,68105,42619,52650,45884,43351,17796,56050,73226,40508,4000,399,72234,53083,65065,59151,63305,62565,65477,64284,21155,39031,62272,20345,63044,51373,34308,39270,65171,51536,70836,69644,71881,63707,67825,43433,35512,66417,57885,47422,57208,55778,60507,66537,66456,49683,63412,40297,72140,1281,39740,49335,51001,50253,72638,67049,63154,60088,69029,74455,66396,65159,72668,42557,49620,35292
,,,,,,,,,,,,,,,,,,,,,,,,,,,,,,,,,,,,,,,,,,,,,,,,,,,,,,,,,,,,,,,,,,,,,,,,,,,,,,,,,,,,,,,,,,,,,,,,,,,,54217,30397,70344,56922,66650,22266,54170,22026,70441,62712,57814,56962,66889,61179,22971,57482,77542,54420,61227,43194,60194,64328,42824,353,30742,12489,73859,72153,57750,63710,46496,66102,58644,61443,34156,7839,38321,577,74641,39766,71768,75527,70738,67922,61402,26881,57779,63153,62618,64036,61411,39391,7764,25980,67202,48749,70589,68085,64710,66663,76137,71892,58531,72610,47453,10340,57598,51673,71743,52898,63675,65899,53546,37625,76921,71029,35095,59981,7644,17092,70986,43165,72493,56487,56607,56695,38095,30941,42219,43958,65392,56360,64622,60520,59040,638,39562,25077,67696,32514
,,,,,,,,,,,,,,,,,,,,,,,,,,,,,,,,,,,,,,,,,,,,,,,,,,,,,,,,,,,,,,,,,,,,,,,,,,,,,,,,,,,,,,,,,,,,,,,,,,,,70551,41571,62632,51205,64778,52085,62100,73154,68094,47639,52142,69622,10354,46808,47519,60880,58940,60272,70020,63908,70393,31915,57124,63376,56249,75517,65935,32065,58587,64973,66612,59017,70751,57859,71223,26498,73368,64019,74388,53754,37315,37295,63024,69249,72008,74322,67383,69806,67214,16076,53749,16341,67470,49448,54041,25487,49956,55406,55322,56424,70794,67713,73996,68853,58184,61762,62090,71105,43056,29298,63817,71432,64396,67805,73856,67995,65505,64247,62413,22397,42301,53649,8845,61096,61269,17411,65213,55015,75203,68129,55388,69881,60211,28730,61545,49030,69058,72072,27419,35704
,,,,,,,,,,,,,,,,,,,,,,,,,,,,,,,,,,,,,,,,,,,,,,,,,,,,,,,,,,,,,,,,,,,,,,,,,,,,,,,,,,,,,,,,,,,,,,,,,,,,59043,63495,56441,529,70446,29488,64980,46916,29417,22588,67722,66630,42063,52639,53163,43008,54667,36047,1019,978,72105,28840,60244,62866,38349,51055,55511,55351,67627,35657,61170,30412,72058,72874,52441,46324,66978,37821,71982,49437,51208,34320,24414,11481,69978,72342,49695,64148,60713,56376,39455,36105,51048,49721,53358,59205,42207,52502,64879,27355,31315,28564,72088,22568,57949,30976,69348,43952,59506,67456,59433,16920,71711,30053,55545,62299,67468,60031,68998,52830,69436,50980,72945,72536,70471,70422,67090,35126,72523,68624,61768,53038,74693,69699,65896,64589,72771,76162,62744,40209
,,,,,,,,,,,,,,,,,,,,,,,,,,,,,,,,,,,,,,,,,,,,,,,,,,,,,,,,,,,,,,,,,,,,,,,,,,,,,,,,,,,,,,,,,,,,,,,,,,,,67422,70256,70891,17103,16885,50195,67323,68553,58699,18903,308,18246,65177,64888,56542,40605,70894,45411,35263,42281,59918,65577,43018,68550,23421,175,66462,63534,72959,64072,45688,47717,44247,46768,67304,71845,66131,28845,40091,64734,70249,62695,45977,68437,65632,46057,46786,51446,64853,21625,73687,32753,40012,68933,65277,46816,71969,63754,14308,58887,24622,712,59322,27850,71589,63538,59662,52022,74678,37884,52048,1818,72463,66092,32751,19313,71718,61284,71448,71263,65802,25955,67464,67795,58008,34423,56133,57487,54765,38301,47596,44909,55310,42702,74319,71329,64045,46380,53881,54223
,,,,,,,,,,,,,,,,,,,,,,,,,,,,,,,,,,,,,,,,,,,,,,,,,,,,,,,,,,,,,,,,,,,,,,,,,,,,,,,,,,,,,,,,,,,,,,,,,,,,72497,54334,45963,28741,50499,14929,73508,19008,70779,47296,45447,44940,56356,60488,66348,70401,40638,62857,64476,55121,75371,59207,70551,40781,72280,69900,67489,44372,41298,61750,39746,45026,71861,67517,71306,18318,73235,54850,72671,66564,52736,54329,56772,13334,41275,61662,66900,51083,63789,52960,58753,53235,29823,9657,42458,41526,73593,55341,67820,4275,32286,27446,72993,66351,54070,72154,65168,55962,66314,70782,62214,53953,70938,68823,72125,68783,63001,56097,71086,68850,28236,311,65624,11322,71437,58249,73819,64772,52601,35901,69332,58950,47078,70301,47759,72855,41976,17952,38228,59238
,,,,,,,,,,,,,,,,,,,,,,,,,,,,,,,,,,,,,,,,,,,,,,,,,,,,,,,,,,,,,,,,,,,,,,,,,,,,,,,,,,,,,,,,,,,,,,,,,,,,48804,71268,55996,56135,66966,25899,23413,41056,70014,60895,72998,52192,76076,75325,57536,23079,52192,54170,72870,71952,17870,29990,52980,4353,46046,29226,47733,28266,55925,39976,60515,9265,70851,69558,49877,40653,29831,24507,10062,20945,71335,60445,65717,43703,67611,46011,66839,57421,41805,45320,54993,63683,76535,75039,1598,1128,61840,49109,67044,38869,46718,39542,48987,51830,56941,66310,73792,62969,73688,49528,42343,31073,71641,73865,70799,44743,68535,31644,59867,66618,58727,10656,71449,63503,40218,63636,60418,48498,62077,50503,63204,66099,60847,64199,69975,9731,47000,58297,76849,71707
,,,,,,,,,,,,,,,,,,,,,,,,,,,,,,,,,,,,,,,,,,,,,,,,,,,,,,,,,,,,,,,,,,,,,,,,,,,,,,,,,,,,,,,,,,,,,,,,,,,,43646,33972,70268,27905,72756,28153,70166,26818,49312,51133,57082,61152,74500,59058,71374,69336,71200,74044,73315,69868,46056,43121,72812,60775,72510,70222,71535,50074,49504,56869,40604,45711,49453,71143,72813,56274,59594,61592,69901,34662,51561,70701,71623,71350,54663,68193,66306,48792,61635,38595,59115,441,49875,51844,74057,72387,67041,52300,29481,58292,41757,36946,72543,35544,66264,1746,50194,63418,71210,16091,58216,70977,45244,61777,74881,18488,32498,21459,67831,32769,73968,72649,23943,20918,54235,42370,65885,34412,64638,50594,53155,41454,58259,49193,66847,55738,73330,30039,68078,1431
,,,,,,,,,,,,,,,,,,,,,,,,,,,,,,,,,,,,,,,,,,,,,,,,,,,,,,,,,,,,,,,,,,,,,,,,,,,,,,,,,,,,,,,,,,,,,,,,,,,,72413,56745,70386,35326,68708,29723,49674,46580,70644,64951,39818,47426,60184,50894,50642,67378,29627,7323,48016,52354,71926,69906,54038,50848,59253,62158,29210,11379,51261,42569,66823,69469,49574,62408,72872,60509,60231,65040,38600,20618,70439,54810,49845,58624,61865,62946,45699,58610,72023,48612,46323,56294,62748,66317,39309,23547,71161,62309,60724,54581,69372,58819,66461,18441,68746,72918,9155,15648,37898,26854,52035,54064,62635,72505,47407,23605,64270,20960,61999,7748,70296,49143,51177,39599,33005,44628,71933,24279,35053,31098,70459,60947,36597,59192,45877,22307,43950,60432,44046,61407
,,,,,,,,,,,,,,,,,,,,,,,,,,,,,,,,,,,,,,,,,,,,,,,,,,,,,,,,,,,,,,,,,,,,,,,,,,,,,,,,,,,,,,,,,,,,,,,,,,,,45233,49101,45250,29319,71644,56371,39184,27127,67127,70891,69762,54328,58721,57638,73500,73955,71231,71455,57510,46794,39306,30629,70977,26358,69533,65345,73261,63793,67650,63991,68966,74506,20535,24576,67348,71261,69240,45726,45151,73878,70921,71479,57741,30801,70902,72776,63817,71294,53646,9127,73473,61939,24031,34319,38785,57887,32404,66064,49826,32787,75413,60668,59908,69890,71775,70700,33530,10016,65119,63228,71193,70064,70432,57400,65817,37429,64775,50849,41690,39706,10194,13200,75300,66511,52733,58611,49482,37260,14072,27791,74966,72974,60108,57376,73886,36122,32942,52967,59254,53307
,,,,,,,,,,,,,,,,,,,,,,,,,,,,,,,,,,,,,,,,,,,,,,,,,,,,,,,,,,,,,,,,,,,,,,,,,,,,,,,,,,,,,,,,,,,,,,,,,,,,42624,16401,74603,74041,67188,63410,68307,61262,66278,71057,65966,62733,74938,61655,62986,59751,54348,5062,54558,34581,64458,67967,67521,10594,61802,54365,63863,4147,69749,44838,67572,12976,77575,75949,62181,44472,70866,66542,65443,42115,63846,42184,64653,66704,73202,65005,58473,695,76255,63497,42409,71848,64552,30392,60219,44830,43347,54968,65224,39593,56948,40421,37867,60833,61019,55781,51587,66331,32734,54587,43036,26675,63762,70564,63319,55433,63234,53805,71906,75025,60272,41596,46023,66784,56086,50347,66929,40462,52457,24409,47571,39726,22256,52212,50037,37207,17651,63535,59602,63788
,,,,,,,,,,,,,,,,,,,,,,,,,,,,,,,,,,,,,,,,,,,,,,,,,,,,,,,,,,,,,,,,,,,,,,,,,,,,,,,,,,,,,,,,,,,,,,,,,,,,58776,66548,68257,70672,72539,49239,51095,64259,50469,57456,47146,69096,69964,64043,72719,70032,67523,46888,57547,14296,42720,41631,48908,73831,75267,43721,46955,55550,75760,71166,69232,34927,44035,39527,71022,16796,48080,69836,71494,39216,39235,33414,64388,1407,16451,10071,37057,33574,21238,27197,58815,53909,65094,52126,66739,49763,67626,49160,34162,53632,10149,937,64546,63835,64918,27538,70104,62814,71414,66559,70226,71547,46535,44985,74867,73203,73638,75311,10991,10156,60110,22680,60473,46456,57337,41787,52533,60379,59948,41439,17710,29695,70269,52470,63662,62962,74241,63828,69796,34963
,,,,,,,,,,,,,,,,,,,,,,,,,,,,,,,,,,,,,,,,,,,,,,,,,,,,,,,,,,,,,,,,,,,,,,,,,,,,,,,,,,,,,,,,,,,,,,,,,,,,60419,63107,43206,55678,63311,54095,60957,64420,73275,74031,70155,44119,65713,73708,68494,59200,50860,42724,66559,1218,62145,20919,63525,982,35891,25221,31872,33644,73791,73339,40692,31373,68774,61269,57788,10154,64731,65429,66067,69366,68758,71933,66086,19920,45045,62752,40945,54037,73343,45264,72523,55231,57546,47555,45119,37348,49025,41402,69188,11695,67654,46604,37074,21763,71057,40363,54733,15698,48759,63354,51742,44158,67735,63492,41044,60576,63434,48695,68946,52002,46483,62897,73816,67411,71835,40489,63706,68322,60228,19632,74967,67893,65570,55174,65637,63854,67961,34581,56585,31655
,,,,,,,,,,,,,,,,,,,,,,,,,,,,,,,,,,,,,,,,,,,,,,,,,,,,,,,,,,,,,,,,,,,,,,,,,,,,,,,,,,,,,,,,,,,,,,,,,,,,30688,74437,66874,68082,48098,47336,33891,12380,58018,27259,66538,10671,60592,36534,56127,17122,51278,35155,62400,67389,31637,69749,73551,69367,71426,72167,53058,61720,22783,34951,55087,66056,62827,67206,70595,76908,53560,32400,67978,58239,50330,53398,69122,65461,57872,47493,39794,42848,16773,34562,70548,26021,59465,53521,71680,75588,62056,62490,8529,37761,65278,74499,44998,60350,75045,65677,60823,64887,69880,51217,66335,60548,71829,71901,49594,55383,16162,31905,44310,57071,71657,65562,20796,39982,50562,48799,24125,452,49784,30242,35494,24414,69175,69633,16077,435,72079,49261,73131,46425
,,,,,,,,,,,,,,,,,,,,,,,,,,,,,,,,,,,,,,,,,,,,,,,,,,,,,,,,,,,,,,,,,,,,,,,,,,,,,,,,,,,,,,,,,,,,,,,,,,,,52775,69522,71468,22917,57771,17883,54758,48324,62026,11506,41597,49872,27141,61407,100,621,54745,14840,73395,72640,79100,43067,54159,40866,65352,63524,34604,64767,59219,60317,20875,58317,59055,35999,67058,61896,72433,72492,46208,35447,61296,65737,55819,61433,74709,17017,33989,15109,63464,47102,49472,17110,65615,12812,68407,63943,66671,48243,55383,15516,69257,70785,35020,39462,71012,26339,34029,5713,70933,32680,70632,70476,19145,1584,74727,64113,66440,18470,61645,71431,66971,22045,65886,19464,46175,42708,68709,72971,64309,72542,64895,60779,70263,62621,58942,40053,51444,19680,61903,1397
,,,,,,,,,,,,,,,,,,,,,,,,,,,,,,,,,,,,,,,,,,,,,,,,,,,,,,,,,,,,,,,,,,,,,,,,,,,,,,,,,,,,,,,,,,,,,,,,,,,,37998,11117,65632,69401,37020,45903,56921,51397,70017,61385,53934,48240,66443,45719,73677,52820,19758,61676,69620,50308,15385,23143,68358,4215,64397,49663,71915,45415,45351,59504,884,454,12134,1170,56404,73194,33841,1384,52681,56099,76813,64977,72862,52239,50246,26045,68547,8559,55773,52094,54427,65191,41908,33089,31222,31988,60305,62937,60463,55551,71465,51369,59890,44323,69944,46948,73026,50752,25735,56384,67443,4029,74721,74178,64303,60272,77110,28408,65741,32658,64924,9375,53382,59692,68143,26030,78569,19938,68067,40713,71208,21668,71090,68337,74241,31722,36062,1221,49643,68901
,,,,,,,,,,,,,,,,,,,,,,,,,,,,,,,,,,,,,,,,,,,,,,,,,,,,,,,,,,,,,,,,,,,,,,,,,,,,,,,,,,,,,,,,,,,,,,,,,,,,41048,60048,64453,60465,78380,68886,62116,65654,52000,71439,59217,32830,68806,63363,63035,44309,71349,68228,68294,30792,41929,29742,60965,45722,64172,57777,56178,48864,54427,57366,65979,63975,31885,26658,54783,43924,39689,59541,42886,52185,46663,572,47235,64019,68051,61361,66951,71671,75101,71175,66445,70854,69396,72718,73687,36066,66311,71410,65237,36205,9415,9592,43012,50484,68761,60818,40240,18053,18705,62810,61898,39948,36224,23300,17730,12374,43637,7612,64994,73086,32698,60457,53302,53879,65241,54286,68907,73139,8714,951,49323,52735,57718,48673,67670,13729,66264,72475,41228,24714
,,,,,,,,,,,,,,,,,,,,,,,,,,,,,,,,,,,,,,,,,,,,,,,,,,,,,,,,,,,,,,,,,,,,,,,,,,,,,,,,,,,,,,,,,,,,,,,,,,,,69932,54757,69671,22703,22040,28637,61537,57724,58933,75234,17555,548,72854,11070,65761,57278,75756,60166,65661,67670,17875,42682,69821,38197,49670,43837,67545,33069,59372,49751,73150,66714,62588,50192,54173,56454,70455,39483,61637,70574,57021,46842,71790,57822,73275,72168,61554,4697,67224,11921,66991,30597,75685,44688,28728,58644,48542,56762,58121,50951,47820,53509,42584,53105,56360,15642,36895,18528,73188,65487,64797,15663,54154,16053,66447,61298,42624,13805,61873,59118,7771,20072,68273,22401,28910,67616,69410,69471,72702,71158,66309,2988,21579,2188,68736,490,73425,73375,57375,72116
,,,,,,,,,,,,,,,,,,,,,,,,,,,,,,,,,,,,,,,,,,,,,,,,,,,,,,,,,,,,,,,,,,,,,,,,,,,,,,,,,,,,,,,,,,,,,,,,,,,,57919,29539,40974,34792,19690,66844,70077,57596,71349,68560,51854,39809,41950,44367,71796,70231,69635,722,61183,65581,51411,43339,51765,56778,50548,59773,46965,45345,66092,38457,51902,62952,68710,23180,54198,50433,69597,40586,68353,11852,48626,18590,34574,19903,51013,59612,62322,55812,59899,45678,69029,61571,69842,73205,50709,56889,64335,55606,68662,44092,43376,61975,39026,54188,73076,70350,65610,66916,70585,51132,27366,36914,38187,57684,72151,61891,57982,57886,66129,39397,57931,45304,68624,68975,40118,24443,73205,64163,38337,30337,22011,10514,20274,70233,53307,24498,43587,8494,65511,71692
,,,,,,,,,,,,,,,,,,,,,,,,,,,,,,,,,,,,,,,,,,,,,,,,,,,,,,,,,,,,,,,,,,,,,,,,,,,,,,,,,,,,,,,,,,,,,,,,,,,,54944,23128,58388,52462,63637,27303,54848,54423,73727,52163,62526,43856,60801,63184,70106,47940,35303,62369,27964,58282,36654,49447,51546,17727,68396,11406,60637,28488,41825,44517,49086,61043,62333,58568,30886,28824,22149,54341,57729,24488,48793,60767,66528,63510,64305,68396,51290,70177,38646,53460,32092,52333,70306,41830,66688,70907,44776,53887,52838,63043,65694,58217,70003,72740,62303,55018,10715,366,70663,74126,37599,53855,61628,48818,72279,55639,77579,68268,51371,49042,43169,63089,63152,12932,73278,68212,59202,62153,61627,74664,71940,75809,66583,37927,54789,59539,75685,52421,65842,63817
,,,,,,,,,,,,,,,,,,,,,,,,,,,,,,,,,,,,,,,,,,,,,,,,,,,,,,,,,,,,,,,,,,,,,,,,,,,,,,,,,,,,,,,,,,,,,,,,,,,,65910,41638,49693,53432,46504,69603,72805,54575,51668,71740,62494,64608,74697,62059,20701,56673,66634,69120,68075,37883,63355,61946,44895,39257,57509,55893,67923,57374,67541,9855,39346,16773,43954,766,64390,33326,71731,40205,58566,61165,68171,35604,28683,524,67090,63518,65512,1384,37650,32234,71178,70497,73217,61964,74102,71950,74325,12607,68045,37531,55374,61620,51175,30971,40310,31922,42237,56842,36562,26647,69210,66182,58338,62333,52365,42629,63055,41294,70502,68861,69039,70033,64969,956,53609,54050,65523,53901,65130,58692,56576,71762,77938,71500,62719,59283,54345,41733,65628,65586
,,,,,,,,,,,,,,,,,,,,,,,,,,,,,,,,,,,,,,,,,,,,,,,,,,,,,,,,,,,,,,,,,,,,,,,,,,,,,,,,,,,,,,,,,,,,,,,,,,,,74058,70052,67967,28265,63513,71177,62608,62123,62883,49872,62905,972,50146,44633,42806,50553,55849,49905,74378,45981,72969,18505,54534,62434,61142,60197,28081,27214,69003,71225,50364,13769,46688,41004,72006,69861,56157,69534,32743,19549,37642,16450,67334,27634,69027,68780,67878,37179,69206,53843,74300,55078,71411,31720,54379,268,42925,67030,72458,46994,72496,58908,53702,66845,70511,63432,74074,20361,72765,52413,57880,47274,61840,63753,59736,56562,72226,61815,53950,43878,76163,15989,59457,46066,69404,13913,34401,25110,58124,65076,50733,69821,63648,4836,60006,50048,10984,56742,44186,53624
,,,,,,,,,,,,,,,,,,,,,,,,,,,,,,,,,,,,,,,,,,,,,,,,,,,,,,,,,,,,,,,,,,,,,,,,,,,,,,,,,,,,,,,,,,,,,,,,,,,,46526,51290,68323,62562,33086,67073,24899,65304,30053,9335,25805,60065,70504,70043,48795,36139,73916,52702,47101,40469,27658,17965,58207,36461,42631,43464,63298,55905,73681,61954,63384,68978,71609,53083,75643,71309,57421,65662,44453,50816,72361,32787,70390,77020,67283,34540,22911,29788,63382,70001,71541,61387,72847,67227,71432,56059,45000,50554,61886,59008,74334,42825,55975,52802,69518,59999,71632,38103,72348,35012,65374,62595,63182,20962,60441,60004,55673,29250,56259,50574,72389,75735,63571,641,69491,71246,73229,73478,67844,70264,39455,30399,61265,47317,62047,49768,69276,42740,54453,56714
,,,,,,,,,,,,,,,,,,,,,,,,,,,,,,,,,,,,,,,,,,,,,,,,,,,,,,,,,,,,,,,,,,,,,,,,,,,,,,,,,,,,,,,,,,,,,,,,,,,,54018,52914,51534,54082,67902,30717,69351,28444,70543,68346,36003,54493,54135,24737,48852,53044,41728,39581,54677,259,71282,71234,68020,72604,70670,36902,40931,61546,45159,54423,64401,37329,38798,28272,30046,7248,60606,8045,36532,37313,73206,18971,64960,44867,68675,62123,18373,28272,40899,57934,53955,74025,70211,66032,72227,50183,72238,25128,54808,48705,70864,38981,71241,52649,46541,42639,23372,34773,66930,17865,63098,25250,73888,72170,63203,21910,49576,56199,65515,51263,64207,71446,30650,66925,73712,74565,64935,54068,57203,38780,61219,71382,68351,70404,38355,29461,50680,63176,56901,52866
,,,,,,,,,,,,,,,,,,,,,,,,,,,,,,,,,,,,,,,,,,,,,,,,,,,,,,,,,,,,,,,,,,,,,,,,,,,,,,,,,,,,,,,,,,,,,,,,,,,,40018,22122,71565,53702,69328,1254,47190,19241,66948,72641,41479,58474,72320,56014,20136,40552,62916,30880,39050,65289,68567,47017,52482,30691,69874,68363,49741,47685,43716,46498,67911,61244,37485,71274,61687,53108,40334,10406,39123,2872,61588,33060,54992,22409,52762,5061,61750,8627,70959,56687,69648,36949,68687,31620,43659,72174,33469,22499,11226,2395,74642,52587,75827,18981,63295,43976,42928,62897,69294,33912,45735,46879,62298,56843,73239,76061,48869,66317,74233,52743,29147,48302,61403,63695,42660,45552,59660,59783,34785,21109,45672,60647,58070,74152,70200,45915,69237,48492,30516,24629
,,,,,,,,,,,,,,,,,,,,,,,,,,,,,,,,,,,,,,,,,,,,,,,,,,,,,,,,,,,,,,,,,,,,,,,,,,,,,,,,,,,,,,,,,,,,,,,,,,,,25656,15851,60206,42645,58406,51191,44302,63377,69768,15945,65279,59430,12719,207,51321,68795,22777,25053,70336,40969,48682,42070,70965,75368,74550,62337,59678,57830,70457,62885,67911,8319,55458,40774,67326,69900,65197,64270,34033,62516,72689,71901,37979,59867,71036,43359,73155,75143,70065,62499,68853,29604,58390,56009,64659,72533,69001,1792,63814,28536,72641,60772,71718,67984,65476,69960,64671,33191,49248,68596,14479,455,57814,33627,66382,66304,71667,66663,66949,72762,29491,32773,69436,54696,33370,39120,31460,1398,55987,57704,68649,48757,73050,73228,24209,61726,71753,70812,71993,38179
,,,,,,,,,,,,,,,,,,,,,,,,,,,,,,,,,,,,,,,,,,,,,,,,,,,,,,,,,,,,,,,,,,,,,,,,,,,,,,,,,,,,,,,,,,,,,,,,,,,,64739,17391,50395,66462,9187,10626,68552,40781,70729,45099,50124,847,59414,5226,62295,1486,33739,15942,65829,49987,69589,54372,53255,29176,67415,41702,62905,71841,54944,55145,73736,73307,8823,69516,68245,71828,46397,33462,59970,588,33228,3707,41913,23653,50908,74132,75504,63893,72262,46572,74119,70591,58761,55286,50367,66627,43576,44733,34539,34821,48546,45551,69619,63914,52135,21901,68243,19064,69689,68622,36204,65103,39669,69568,59086,69998,46508,27818,64286,70820,37248,36447,74080,950,56061,69396,63277,60111,48659,37406,69749,43129,76873,65972,53243,11417,65359,16001,25604,23746
,,,,,,,,,,,,,,,,,,,,,,,,,,,,,,,,,,,,,,,,,,,,,,,,,,,,,,,,,,,,,,,,,,,,,,,,,,,,,,,,,,,,,,,,,,,,,,,,,,,,68354,43841,70618,58490,57591,50059,40356,66269,61245,35549,56344,50007,59265,38032,58377,654,34662,66038,73246,46411,20210,315,46245,55728,66752,9933,67251,64884,20937,33021,61419,24757,63267,32089,68453,10102,16204,856,59580,2512,73013,71692,73302,69810,59884,23053,66309,49781,49724,31788,67359,67309,69389,38156,68496,65264,48534,46717,48278,51181,73747,26226,50414,215,66866,74867,40825,47543,59928,71000,16896,8071,54916,28630,63179,74822,71097,69737,73639,75810,63703,53157,48274,64921,38526,941,63082,72459,73469,68041,67858,69176,76420,59278,68375,33770,73352,73163,56374,23137
,,,,,,,,,,,,,,,,,,,,,,,,,,,,,,,,,,,,,,,,,,,,,,,,,,,,,,,,,,,,,,,,,,,,,,,,,,,,,,,,,,,,,,,,,,,,,,,,,,,,20155,37844,52821,8576,65134,61020,38799,49131,31863,27404,17811,19250,70920,67798,70877,50799,67353,56192,55582,62618,63464,56049,56730,58215,30609,54396,69858,44674,65304,69101,58960,54653,33504,39869,59374,66012,61511,70028,76288,72867,68731,39814,70776,39897,62268,66856,72417,67507,72015,67041,17476,20273,44895,53068,34347,60720,72737,71661,60381,59033,48276,60707,11749,29785,50545,35035,37708,281,38069,19629,54419,54586,35316,16980,36776,37131,20756,45516,43467,42619,72316,26514,66677,53214,63622,58201,69271,74337,58182,43786,33699,48515,50027,55847,71580,62956,12350,68242,55797,17378
,,,,,,,,,,,,,,,,,,,,,,,,,,,,,,,,,,,,,,,,,,,,,,,,,,,,,,,,,,,,,,,,,,,,,,,,,,,,,,,,,,,,,,,,,,,,,,,,,,,,9798,23756,76490,73166,2645,468,54506,69537,47747,45055,72151,58289,73535,76020,31398,18028,67613,62614,29194,43575,59615,50829,17509,1510,74027,46144,64849,68922,71247,66955,18035,35010,63439,53406,76354,65961,66418,15245,74395,69901,31575,48876,59598,15925,72381,65528,59459,45493,1038,17649,29764,872,67512,35118,48286,46048,56522,61017,71501,77644,55395,35190,38688,8916,50697,31918,68401,64045,56640,52148,60620,47639,61312,26287,52382,830,64685,41116,63066,3492,19267,18833,37004,40167,64651,60619,75789,48859,64626,45471,71551,48648,69344,33828,68106,68604,56365,30195,27520,16689
,,,,,,,,,,,,,,,,,,,,,,,,,,,,,,,,,,,,,,,,,,,,,,,,,,,,,,,,,,,,,,,,,,,,,,,,,,,,,,,,,,,,,,,,,,,,,,,,,,,,35816,44951,65649,25843,72425,49882,57668,65079,68581,48408,67018,75878,70182,57830,29896,27412,76708,40601,63127,62186,14928,39812,68575,64725,60981,31292,69552,53141,65554,23243,56143,20406,18520,68966,69580,25523,60701,257,73197,71598,31618,37137,59222,64134,66186,41753,63481,73190,72883,69022,17567,8264,32302,11038,63052,60231,74574,63116,29836,51290,68252,73204,64310,43832,53585,54791,66382,51277,41890,269,33337,56063,62087,2173,70020,74547,59017,39983,45074,53930,60330,21499,47711,9686,64785,53621,58276,48022,26587,31311,9494,9052,37802,50874,67069,65755,59632,33352,40208,38206
,,,,,,,,,,,,,,,,,,,,,,,,,,,,,,,,,,,,,,,,,,,,,,,,,,,,,,,,,,,,,,,,,,,,,,,,,,,,,,,,,,,,,,,,,,,,,,,,,,,,26910,14938,42491,33008,75824,44774,58893,527,58270,55636,44545,9142,43034,65453,34723,60283,76176,16224,49099,37783,69783,67982,59661,68067,62344,69928,36748,66236,65096,58241,23389,44547,49557,63321,62521,72315,53954,65266,31553,43813,53979,57181,45823,68011,65722,70905,50043,41602,43989,1946,62120,47036,78344,70608,60409,58450,29724,28786,63061,67150,25239,8643,61896,60841,59101,61021,77792,65979,47022,71934,74008,73991,34826,8426,53275,46483,69548,24435,74680,68725,65976,50909,38318,32545,70428,61226,58656,60095,34001,52621,73297,66853,63995,916,42703,25797,57666,36996,68057,41443
,,,,,,,,,,,,,,,,,,,,,,,,,,,,,,,,,,,,,,,,,,,,,,,,,,,,,,,,,,,,,,,,,,,,,,,,,,,,,,,,,,,,,,,,,,,,,,,,,,,,64592,28186,63277,44402,67421,66806,70633,72089,53231,49794,26803,675,8670,28158,28225,61247,41331,39858,53343,54302,10297,9573,70215,62159,39389,39245,55577,50891,69911,69091,66709,51037,69491,63873,57157,69855,60042,17968,63525,51810,68075,30926,43532,46597,60548,63123,54923,262,63833,1462,40683,11992,50021,42154,68948,35764,51001,30896,29819,36498,65253,68305,63642,69405,67303,71216,70415,74249,64877,32953,14603,7831,69197,43353,24816,62580,75690,60423,37108,44656,60701,51922,72412,71385,72008,51362,71613,67495,41824,49731,65906,47815,76967,71055,74066,74177,51114,45497,76094,65877
,,,,,,,,,,,,,,,,,,,,,,,,,,,,,,,,,,,,,,,,,,,,,,,,,,,,,,,,,,,,,,,,,,,,,,,,,,,,,,,,,,,,,,,,,,,,,,,,,,,,76574,73184,70667,75587,57932,53324,71634,64495,71956,74707,42638,22006,47318,49513,59613,36118,56739,63424,67226,50683,73102,65082,73459,45218,53103,66604,66240,42392,20764,581,54758,68464,57282,31039,62914,52192,68712,53107,63563,39795,69791,18964,32778,42693,66130,903,45082,14140,71069,54991,69748,51159,73327,69508,38480,30765,63340,25144,67820,51425,33515,54651,25577,15178,49338,39369,49934,46032,42823,75594,61549,69210,49220,72645,52546,44598,72815,70058,61768,50538,51854,54323,61164,31934,56845,66124,68876,62088,53656,48397,73779,53865,55739,36272,69399,71714,50924,65504,70941,12731
,,,,,,,,,,,,,,,,,,,,,,,,,,,,,,,,,,,,,,,,,,,,,,,,,,,,,,,,,,,,,,,,,,,,,,,,,,,,,,,,,,,,,,,,,,,,,,,,,,,,71279,30168,58550,41894,57256,35046,26425,58956,66491,68914,56784,44899,55503,59695,60827,17455,77163,65981,67846,50955,68556,50618,72774,70429,44849,41512,48486,24180,69371,39450,71943,68605,63736,60360,42359,48834,24117,39900,43951,51768,58316,835,72504,62043,65663,72828,54301,54742,67848,55907,71398,72110,42402,48185,66622,62755,44917,598,74417,69323,62561,22970,73587,74820,69315,17145,67178,70745,27653,52780,59188,38257,75373,53401,30193,24010,66793,76154,69548,32077,71650,71109,75729,65911,67036,65869,27284,42562,58730,44292,46453,71115,61359,50294,71618,71286,69518,1674,60838,54079
,,,,,,,,,,,,,,,,,,,,,,,,,,,,,,,,,,,,,,,,,,,,,,,,,,,,,,,,,,,,,,,,,,,,,,,,,,,,,,,,,,,,,,,,,,,,,,,,,,,,32551,67265,65477,39507,65428,46106,38408,66339,36665,71310,46546,8350,14040,6337,9528,66910,71718,70125,42380,56293,69123,25793,28489,6933,62946,64813,61810,11311,14039,22254,75986,71137,60444,68551,63645,50440,62029,7922,10691,35989,46823,59460,69862,60847,73801,61253,27294,58264,33123,6770,64323,66734,51880,59732,26847,41785,70292,22724,67387,40038,74738,65101,72377,59245,74488,53281,72280,65135,50266,49064,75711,68696,74417,64127,51404,48093,52706,44003,69211,65905,59914,61518,74412,67753,71510,63884,61618,47443,72933,16496,49665,37689,61405,72924,53435,45311,72658,74191,64894,41767
,,,,,,,,,,,,,,,,,,,,,,,,,,,,,,,,,,,,,,,,,,,,,,,,,,,,,,,,,,,,,,,,,,,,,,,,,,,,,,,,,,,,,,,,,,,,,,,,,,,,60850,37882,69827,75261,53734,681,66239,67811,62221,57514,44741,9735,30756,39848,64161,39398,62884,54168,62319,30207,71152,73804,71136,9558,74837,68571,73881,40489,72670,57326,44908,31841,67724,53419,62959,30683,47918,14809,70032,51598,64978,68038,68562,64634,61120,69304,68465,75681,48648,34732,48468,54793,48792,70072,44346,48630,27545,64828,30172,43516,68626,61753,69773,71968,23290,56340,69757,73015,15714,72712,39552,38933,65400,57943,67357,51753,69155,41350,69903,73709,16488,70332,35220,51165,71312,53277,71889,71715,56733,3982,69328,70288,41063,37316,66324,44558,48717,10553,67484,50722
,,,,,,,,,,,,,,,,,,,,,,,,,,,,,,,,,,,,,,,,,,,,,,,,,,,,,,,,,,,,,,,,,,,,,,,,,,,,,,,,,,,,,,,,,,,,,,,,,,,,68397,48935,61588,62420,12132,31155,65021,60603,56451,63952,43415,67730,50177,41332,40417,26425,16864,35616,42651,58455,43443,52659,66816,42315,54350,44947,75819,72308,74025,70889,68978,51836,72762,48962,69293,48227,66270,45745,24384,660,68258,46594,25334,35537,66789,61173,37638,56591,66182,37829,60251,66308,67552,65053,38486,22240,53334,63715,70440,69184,69608,59101,61634,47194,70834,55896,59091,65409,73147,59635,57886,50983,67610,7189,67560,71784,54079,41387,38182,38619,60700,30848,67950,69866,56447,40429,70862,68210,23127,100,72631,62055,57252,53184,62433,66942,52187,65443,67933,49698
,,,,,,,,,,,,,,,,,,,,,,,,,,,,,,,,,,,,,,,,,,,,,,,,,,,,,,,,,,,,,,,,,,,,,,,,,,,,,,,,,,,,,,,,,,,,,,,,,,,,64761,64090,50862,31404,70519,62680,37815,18325,74980,73584,43374,998,45893,68422,69267,71298,63731,60185,71816,71633,60869,53892,47294,53058,59556,24146,53409,53422,58526,9716,64317,22405,55543,57276,31484,61786,33986,67287,47916,60929,67738,692,69868,52029,74012,68509,46453,1074,66681,73557,61020,61289,49945,43573,43537,55153,16463,14570,40717,46195,43470,64275,43794,61976,60769,38648,43435,18986,46580,60542,39121,49478,34401,8483,72691,35502,68160,70924,65306,38143,67662,11916,17011,25438,67338,72551,69281,67585,74493,52018,49994,54926,70928,54680,59685,70108,35738,29591,55193,43444
,,,,,,,,,,,,,,,,,,,,,,,,,,,,,,,,,,,,,,,,,,,,,,,,,,,,,,,,,,,,,,,,,,,,,,,,,,,,,,,,,,,,,,,,,,,,,,,,,,,,72304,72966,39031,68930,70528,52863,43473,41478,70423,59844,45222,16590,45418,39102,75519,55121,58532,54739,46284,43825,65629,43359,73006,70747,48890,15989,68881,48523,61374,23304,1874,285,11396,1492,67972,71473,59341,49317,20414,10736,68667,67165,57939,29871,68585,30002,67816,71898,70630,30839,60725,67933,57023,30997,33615,3145,72539,70589,54897,68269,56688,66216,60997,69649,71150,46074,66375,67653,35369,48740,66807,50973,72882,75385,65770,53988,66730,63092,75627,69571,71090,70522,63750,22398,68375,69043,63946,40956,62807,72029,16310,27877,71296,71788,70700,26935,54124,25311,55117,70461
,,,,,,,,,,,,,,,,,,,,,,,,,,,,,,,,,,,,,,,,,,,,,,,,,,,,,,,,,,,,,,,,,,,,,,,,,,,,,,,,,,,,,,,,,,,,,,,,,,,,43935,49732,58265,32113,65484,67882,45465,61497,73521,51002,73618,58094,54179,37164,72739,49137,62612,62115,76838,73832,52989,32794,59784,598,74217,46433,66060,25434,57544,50436,74112,64362,74258,46626,69460,44309,74654,77319,74314,34243,48150,61411,31813,29068,65777,40764,46562,61397,45350,67365,55954,17216,50000,44697,41201,49739,68858,30508,68858,55327,56126,39434,56056,65118,59233,11747,43386,13889,71563,67995,72736,70858,52757,60762,66298,38821,62312,40168,38447,51893,52090,54869,44684,67600,30676,35448,51198,16395,53060,46317,42964,1779,46122,50620,46010,41041,75677,15338,66820,19415
,,,,,,,,,,,,,,,,,,,,,,,,,,,,,,,,,,,,,,,,,,,,,,,,,,,,,,,,,,,,,,,,,,,,,,,,,,,,,,,,,,,,,,,,,,,,,,,,,,,,73477,71268,52254,43305,68863,65090,23747,33660,51640,75463,955,904,66765,56842,43078,41761,73006,61941,67775,10362,67820,39382,54822,62053,36976,27233,49165,12193,54278,55408,50789,30275,39827,53996,47545,70548,53379,34220,77720,74406,70886,23464,23181,24949,67934,72758,12941,68308,70390,59589,46566,62225,61785,17084,43476,335,61674,53244,36659,27951,69105,58161,72081,11189,71047,61841,66855,3982,74831,70475,72407,20045,42004,51864,51678,13226,42598,31403,70422,74896,59127,43963,57970,50132,50866,62995,57549,60218,69744,28475,51128,54472,73853,22987,56834,35699,39622,17570,69562,73517
,,,,,,,,,,,,,,,,,,,,,,,,,,,,,,,,,,,,,,,,,,,,,,,,,,,,,,,,,,,,,,,,,,,,,,,,,,,,,,,,,,,,,,,,,,,,,,,,,,,,40969,43869,54438,36555,48585,28077,74312,21071,32261,50813,46280,60874,35377,9147,46943,59566,69274,70031,56518,56610,64212,65403,70663,44779,47666,20977,65377,64348,69488,73619,57097,15816,44807,52665,71209,32279,63919,76704,531,22441,47212,54008,46568,1155,67412,30493,57996,43897,70658,37645,71367,64451,73786,65599,43485,53295,71324,43777,953,252,65635,58855,61128,47968,51041,17528,34202,20317,57283,58537,23480,9092,63289,24081,71507,69219,57308,70945,71050,47780,53089,63320,57977,47574,63347,70107,60360,46025,50692,47805,69065,40838,32797,62374,72455,70811,72578,74024,65116,71522
,,,,,,,,,,,,,,,,,,,,,,,,,,,,,,,,,,,,,,,,,,,,,,,,,,,,,,,,,,,,,,,,,,,,,,,,,,,,,,,,,,,,,,,,,,,,,,,,,,,,69946,24020,34102,50327,53527,64129,55741,12279,68497,59351,74131,71387,71344,8827,31620,28769,64989,69852,71398,59722,73854,65163,76957,75493,63252,65773,60106,48846,29183,9491,17852,28013,65194,66733,72026,35809,63432,69245,48979,36214,65146,52266,75989,58296,63655,56326,47592,64633,73033,36776,63471,57352,70048,49788,69768,58850,70502,47443,47713,31438,70405,42329,64891,63949,74680,46523,39714,18828,47391,59136,53926,62810,58479,54258,73129,75059,67649,67180,73007,64532,28940,48526,62583,8719,72001,66959,50046,34218,73753,62713,69848,11536,38541,17408,67174,9161,48521,43554,60593,63153
,,,,,,,,,,,,,,,,,,,,,,,,,,,,,,,,,,,,,,,,,,,,,,,,,,,,,,,,,,,,,,,,,,,,,,,,,,,,,,,,,,,,,,,,,,,,,,,,,,,,70309,41541,61621,43834,55786,33900,50383,24484,3685,75135,49014,45694,45713,37638,29070,54154,22426,19510,71133,48086,49217,24183,68055,30804,29857,29424,74403,67434,69074,66350,72469,59983,70616,48307,33262,46432,72396,65312,35093,47951,52207,52022,48473,800,71500,53034,39113,35915,71151,67111,66092,58949,60050,45851,71774,72949,69659,29784,49212,23347,66359,68690,33061,25861,50805,68822,61474,11740,72503,25706,66712,54698,60605,47478,55519,60901,67171,60966,66999,37769,23315,33592,62842,70524,21809,33817,514,8188,73026,73903,42778,59587,66090,68476,58924,51968,68467,27350,46062,36527
,,,,,,,,,,,,,,,,,,,,,,,,,,,,,,,,,,,,,,,,,,,,,,,,,,,,,,,,,,,,,,,,,,,,,,,,,,,,,,,,,,,,,,,,,,,,,,,,,,,,71637,24043,65100,27514,71481,40920,39306,59952,71192,63602,20167,65884,62254,64617,17465,21440,17300,69623,66506,47807,68269,57093,59779,36697,70180,55706,71817,19825,23982,44984,42304,62834,58681,9984,31617,34463,47923,39837,69975,58678,48344,41391,70108,71127,22108,23233,46786,65001,69806,74405,67359,29548,65519,8410,64919,39798,73260,72770,69333,9846,32432,49769,70582,75011,77016,60614,34216,74302,71347,69609,13924,72909,56699,50894,50870,41687,16149,36124,45174,1169,23775,32825,56200,51050,69959,49552,70176,72387,63916,60757,49296,68291,68261,67397,67823,70968,74604,71111,64043,65357
,,,,,,,,,,,,,,,,,,,,,,,,,,,,,,,,,,,,,,,,,,,,,,,,,,,,,,,,,,,,,,,,,,,,,,,,,,,,,,,,,,,,,,,,,,,,,,,,,,,,69530,42984,70660,47841,62498,51366,66720,74011,73620,32532,60705,67741,74514,72364,60285,28254,60254,55253,59046,63253,64308,29153,39652,50417,14460,67336,67576,54385,57127,53938,71618,56563,55331,33265,62227,61422,62781,14828,27190,39937,69817,43194,60296,52849,56198,59457,53528,57227,47912,38637,72097,37647,60248,37070,29223,10946,54301,30136,25422,13599,69668,70376,32324,26641,56227,74479,61003,60021,45104,35536,48393,35965,19485,66014,65476,25546,72151,46388,66934,52478,52190,35358,75638,75552,53760,55468,70603,72369,62012,61704,8441,30950,67211,41907,64255,61703,55312,59736,62905,1443
,,,,,,,,,,,,,,,,,,,,,,,,,,,,,,,,,,,,,,,,,,,,,,,,,,,,,,,,,,,,,,,,,,,,,,,,,,,,,,,,,,,,,,,,,,,,,,,,,,,,57215,57791,73603,55901,21503,28652,47151,478,52179,64403,68630,47688,63665,48156,53194,72574,64672,63854,9398,11604,71435,53838,77429,73418,3497,1527,49745,53550,70417,45028,61510,46734,67733,66979,23429,23632,71630,66515,49900,49987,24077,68290,50914,51582,66596,11665,60064,9662,62635,25547,72262,52281,33714,58260,60603,62259,73167,41354,52477,58591,74598,74434,47135,32442,67923,50299,54353,47499,70706,51192,65460,47056,46547,30366,65469,32454,38289,15149,34727,38325,67429,74357,72654,16551,47371,59689,49140,53813,65218,50603,66758,32634,25752,58688,66335,51794,74739,29347,48255,27611
,,,,,,,,,,,,,,,,,,,,,,,,,,,,,,,,,,,,,,,,,,,,,,,,,,,,,,,,,,,,,,,,,,,,,,,,,,,,,,,,,,,,,,,,,,,,,,,,,,,,62924,68711,73164,70188,67193,67159,65801,49894,49045,54171,66495,13262,25928,62595,35647,21184,49839,58999,73190,48237,59576,58337,42096,43394,66018,44409,54158,72213,63586,50992,66216,55841,17232,23268,73830,38442,64186,17499,53354,63429,56800,51458,10680,31468,71561,66270,56015,44184,22564,8584,67087,10664,75779,39895,69642,58026,66201,18439,52517,42462,59539,22329,30864,73215,57753,74215,63722,68383,50341,58880,60132,2019,63105,1456,43602,32462,64877,64761,41709,42736,71599,68987,49815,10150,23504,29020,71963,60423,63546,54031,60091,65295,54322,53780,51162,75178,43724,36261,65103,46912
,,,,,,,,,,,,,,,,,,,,,,,,,,,,,,,,,,,,,,,,,,,,,,,,,,,,,,,,,,,,,,,,,,,,,,,,,,,,,,,,,,,,,,,,,,,,,,,,,,,,67413,60896,52544,56815,26723,8953,62053,68447,34079,55092,63055,65299,62225,58168,59171,18771,39084,54034,49113,38391,58804,53357,62969,61815,55320,58191,72012,8557,58917,53173,68791,64653,54246,59329,72001,73851,39721,34485,73886,70122,45862,68650,15278,17003,72227,69738,66510,48259,60601,73465,59110,49581,74478,59671,31454,10381,65424,60791,61851,13019,46298,59276,8873,16630,69706,66128,45298,49452,64476,32665,55906,36492,70144,71316,56955,17216,33005,62841,69473,37131,62765,34537,72582,18480,70473,29518,52996,47595,40735,20189,61524,1032,69777,27875,30540,66413,77580,39504,52725,35680
,,,,,,,,,,,,,,,,,,,,,,,,,,,,,,,,,,,,,,,,,,,,,,,,,,,,,,,,,,,,,,,,,,,,,,,,,,,,,,,,,,,,,,,,,,,,,,,,,,,,64102,19723,35145,49536,16609,9498,53082,62182,59225,69613,55530,58344,32164,58983,45193,25460,41735,34847,65580,68776,64937,67486,63572,32111,65238,59822,57262,51721,17072,76836,54969,57484,59154,46629,71394,39972,62333,68475,65966,65573,69633,75986,57226,59899,37878,39398,50243,49868,69457,62456,33543,8084,71675,71121,47875,56991,65732,61876,30346,39651,44900,31762,29516,35716,70661,63941,56016,52244,69926,10170,71726,53281,11673,46161,50382,51051,27358,34426,54494,65767,63498,35204,65590,57648,60257,15538,69971,73438,74983,72473,18345,23565,66810,48232,62264,37474,64105,42246,70492,11900
,,,,,,,,,,,,,,,,,,,,,,,,,,,,,,,,,,,,,,,,,,,,,,,,,,,,,,,,,,,,,,,,,,,,,,,,,,,,,,,,,,,,,,,,,,,,,,,,,,,,61427,59029,55611,39731,68879,46365,54152,48750,73306,70680,70382,58634,65248,52437,51849,60066,24231,45069,55369,24554,65698,68652,53588,60886,73294,63719,45687,33025,44051,38655,60794,1363,68273,63179,23005,238,67937,42304,59542,44664,72818,70263,18972,9994,51784,39797,64266,33619,60991,55666,40607,38452,10340,16341,25639,68695,988,944,26238,39165,66203,73334,50636,52273,64022,57141,15652,21282,46587,64263,65347,62076,71568,70909,58925,32850,75157,73775,65333,59426,73657,65659,67707,37851,34352,72969,68623,49353,59686,37043,6937,16665,60848,52339,63034,9086,71011,59080,65463,26576
,,,,,,,,,,,,,,,,,,,,,,,,,,,,,,,,,,,,,,,,,,,,,,,,,,,,,,,,,,,,,,,,,,,,,,,,,,,,,,,,,,,,,,,,,,,,,,,,,,,,58103,38535,69315,73524,68784,40965,75686,73440,43200,48672,66460,50048,55374,12223,76712,74420,34441,63468,68133,61697,60533,31379,61915,69688,79364,70491,29477,69809,29440,1512,70054,61147,54202,17597,60802,56720,65307,71355,29318,38498,35731,28483,58623,51292,72479,59665,68201,56281,73020,72073,62699,74239,58037,64347,36641,67188,48953,58759,43379,35748,69703,66155,26311,62683,37956,69861,62784,70809,72320,27319,42801,61467,71928,27770,67962,42337,58500,70951,74297,71740,69627,17339,57691,53454,62193,61300,71720,61025,73813,61382,70011,64453,60256,49450,52806,48424,71373,67414,27105,18229
,,,,,,,,,,,,,,,,,,,,,,,,,,,,,,,,,,,,,,,,,,,,,,,,,,,,,,,,,,,,,,,,,,,,,,,,,,,,,,,,,,,,,,,,,,,,,,,,,,,,48226,48472,41164,60142,63001,25462,71949,60512,21712,42065,53115,71797,49464,15108,46773,29315,66711,63045,55815,39698,62430,36748,61625,69839,67691,561,65669,61376,17355,25249,63827,65531,67531,17871,67864,74295,60723,57342,53306,3748,69275,37205,47621,50529,40813,48341,65618,67189,70050,71596,55186,55073,67445,74324,71512,32510,66815,65292,69805,65603,4485,45625,64538,65816,72898,70235,32631,40633,67258,54554,68891,65208,71944,63973,69399,9531,66090,10868,35458,26270,63401,19927,14788,16568,22392,15946,51544,8775,73776,73706,61667,50563,61824,71949,71855,69151,64663,13599,42735,39684
,,,,,,,,,,,,,,,,,,,,,,,,,,,,,,,,,,,,,,,,,,,,,,,,,,,,,,,,,,,,,,,,,,,,,,,,,,,,,,,,,,,,,,,,,,,,,,,,,,,,65470,47701,59676,44093,10593,68257,67371,71325,17028,49332,60076,42666,29365,15138,49719,31450,71016,36881,49422,56394,47511,69712,70043,17181,59968,61399,60778,33872,29508,791,29396,65174,69976,74336,63497,28714,67970,9266,58301,47616,72872,75656,51319,52241,74505,13149,73169,69794,55251,49360,65829,70166,68732,62645,36178,21812,73095,45037,69204,75822,68837,23543,71036,52151,66040,54349,67286,67643,34372,38338,74032,43620,53703,54127,69553,16079,66618,49114,34695,64942,65835,20263,58199,72945,49594,69454,22340,39039,21561,38482,61266,63885,48740,67905,15626,24709,54171,54618,40381,49981
,,,,,,,,,,,,,,,,,,,,,,,,,,,,,,,,,,,,,,,,,,,,,,,,,,,,,,,,,,,,,,,,,,,,,,,,,,,,,,,,,,,,,,,,,,,,,,,,,,,,50034,58685,3625,895,59230,58756,72015,66927,59324,30342,62551,8367,66594,71353,48214,24884,46959,45809,67298,38311,41712,45621,56260,66568,45096,1261,59664,52708,66955,47970,60386,35085,60078,46550,66925,27879,69564,57217,39522,52355,54224,41005,71278,71315,63159,58364,69546,55926,75754,74986,51658,47727,9153,9533,56944,20890,69103,49543,60125,61497,72085,54721,62700,10570,46203,44870,52142,64029,75758,66139,65686,60257,70328,70008,29600,10356,18661,379,71924,10610,65800,11393,55718,67528,44535,62299,34792,62786,41441,928,56021,27123,46098,45599,48892,64272,68980,58268,47412,66345
,,,,,,,,,,,,,,,,,,,,,,,,,,,,,,,,,,,,,,,,,,,,,,,,,,,,,,,,,,,,,,,,,,,,,,,,,,,,,,,,,,,,,,,,,,,,,,,,,,,,70669,52966,67370,17839,70642,32054,75079,70783,70360,36029,13539,58934,59387,64004,44560,42180,42142,55834,73611,63325,23097,18675,63988,41445,71194,67304,18108,45230,77083,70192,52877,68352,70958,58698,40894,34270,69389,38858,68791,16706,60405,73969,56826,18204,62173,10382,52222,38886,70323,66163,29691,50122,66509,59866,69090,74666,69273,70800,66789,41090,34944,33405,37418,29341,45836,61128,68987,64343,70840,51272,63921,62645,71380,48199,38582,67593,71955,29921,73428,70394,71443,63652,74341,29569,60486,58345,53948,24760,33010,32869,66027,68761,71577,69424,57037,70358,23826,38929,19614,41604
,,,,,,,,,,,,,,,,,,,,,,,,,,,,,,,,,,,,,,,,,,,,,,,,,,,,,,,,,,,,,,,,,,,,,,,,,,,,,,,,,,,,,,,,,,,,,,,,,,,,53906,30983,55661,48304,12160,50564,66197,49887,70213,60707,30171,378,73404,32991,60036,48429,67773,67500,70300,39360,72195,68577,72960,70482,4325,13997,50938,66412,35584,8277,67519,41160,63788,50515,72938,75107,72268,69365,70031,44829,59874,47819,64704,44900,66599,28404,56921,45803,62526,59245,19698,3252,42448,63413,70161,63769,13777,39207,73290,71958,73069,41741,13655,46975,62793,63668,59540,15421,69336,69480,76145,31351,62134,71359,56604,46384,50660,32259,16980,61231,75769,16305,59106,59505,43002,22242,66813,22437,34347,53829,25505,17053,46925,60092,67755,56963,62502,11165,66701,58665
,,,,,,,,,,,,,,,,,,,,,,,,,,,,,,,,,,,,,,,,,,,,,,,,,,,,,,,,,,,,,,,,,,,,,,,,,,,,,,,,,,,,,,,,,,,,,,,,,,,,52559,52854,72455,72767,66649,987,71210,72882,68482,365,21833,55434,42644,64366,63618,57620,57147,60084,72866,48384,74026,58755,53631,16581,58065,58892,73174,63061,67460,47619,64003,38208,72145,63846,65216,44739,68512,57664,58090,44915,60279,67781,77191,71416,45019,18821,70805,49806,64159,53230,73751,40984,52908,55929,56198,51583,46983,26603,68335,61788,55578,23756,68749,59466,28311,63605,52413,52029,71545,70260,64845,69177,71308,63163,70658,27568,57186,56068,17544,27605,73487,69123,73660,59875,65571,55576,72935,784,59506,68175,61253,58950,61000,49924,45985,42704,64762,72610,71999,54880
,,,,,,,,,,,,,,,,,,,,,,,,,,,,,,,,,,,,,,,,,,,,,,,,,,,,,,,,,,,,,,,,,,,,,,,,,,,,,,,,,,,,,,,,,,,,,,,,,,,,54762,56158,39633,48996,71868,72101,74948,54499,70642,55141,24019,28464,50757,62822,54454,47351,66903,66980,48124,62619,50065,34755,60603,53196,72466,68658,57912,72730,72019,48543,64777,64158,55244,65132,70455,17956,73025,69846,69653,70737,32791,38628,39837,7708,48891,47028,51580,55750,55169,200,37454,16474,59886,62973,51807,60606,51596,47463,47123,73531,66889,46239,69518,65466,51603,331,65098,49612,56959,17140,65815,15776,67773,39216,72740,70571,40882,36559,58525,907,25413,65157,40840,65628,48681,47978,43384,40441,70038,58446,58394,51149,39746,16038,65719,9195,63392,64571,62050,53656
,,,,,,,,,,,,,,,,,,,,,,,,,,,,,,,,,,,,,,,,,,,,,,,,,,,,,,,,,,,,,,,,,,,,,,,,,,,,,,,,,,,,,,,,,,,,,,,,,,,,64093,16796,69991,43075,66207,46530,74698,75515,64707,67317,60365,66524,64493,53859,73667,49301,66699,27712,63446,52386,49799,33388,63614,19462,26990,1637,61729,51166,68517,28429,74120,66566,62782,3550,52856,47521,65402,53748,64519,46449,60807,32082,74305,65799,46049,25135,65318,78193,62978,12000,64899,59303,33065,47166,62918,69520,49532,37788,57191,31570,71210,63948,67914,63913,74995,66936,73214,68866,71752,70657,75687,72570,58380,17222,65328,63310,63402,63396,66632,70714,48238,3824,59562,1192,36769,35880,48221,52463,68227,9836,25727,13942,73954,40675,45035,38611,27811,22040,44467,55588
,,,,,,,,,,,,,,,,,,,,,,,,,,,,,,,,,,,,,,,,,,,,,,,,,,,,,,,,,,,,,,,,,,,,,,,,,,,,,,,,,,,,,,,,,,,,,,,,,,,,64330,1229,41041,16730,69342,66744,71365,64103,62629,53860,43226,51401,65037,4232,57103,173,73425,69976,75038,70267,16700,64581,63377,70876,55880,17075,72987,66472,22059,39955,72089,66272,47503,26558,71179,61677,70103,42641,57399,30297,43569,10037,55975,64790,50644,53922,35121,47634,61875,53473,34319,54900,70864,59050,72453,71511,61028,68735,74364,65437,67259,72788,72490,71060,61288,57232,56100,49647,49753,62273,70728,50892,57961,65439,38207,59251,18129,25753,38563,42908,60327,28341,69343,70476,69670,67847,44562,41532,202,2228,64676,66813,15094,24162,62046,57323,65115,28246,36839,32936
,,,,,,,,,,,,,,,,,,,,,,,,,,,,,,,,,,,,,,,,,,,,,,,,,,,,,,,,,,,,,,,,,,,,,,,,,,,,,,,,,,,,,,,,,,,,,,,,,,,,76833,74764,52038,67323,59541,7817,49444,47010,74817,68481,74906,67795,21644,38455,66156,65551,33606,34526,71263,74528,65683,74177,35544,20183,49581,43056,54371,55985,76068,64160,38137,48784,70513,67965,73437,73537,73262,73708,67693,47526,59255,60021,55465,27648,74932,71458,65577,65778,56544,66173,60961,52109,69086,49809,66156,25845,63499,72755,57214,70285,65460,27838,40709,44278,60804,67034,21124,19839,50870,53483,76441,67390,71133,908,3300,1338,71398,70262,50784,55334,50836,36403,63789,34520,71935,54704,31530,28258,54691,70260,61343,55136,67684,58960,71228,66977,41124,57788,65236,71081
,,,,,,,,,,,,,,,,,,,,,,,,,,,,,,,,,,,,,,,,,,,,,,,,,,,,,,,,,,,,,,,,,,,,,,,,,,,,,,,,,,,,,,,,,,,,,,,,,,,,71009,57325,22986,55597,2508,3016,71209,68502,27559,40185,72757,64356,32795,40563,65203,22724,67136,33276,39866,28304,62341,60203,47885,48572,73938,66840,72264,71956,64074,23828,71623,39119,74299,44885,27440,1263,73341,73432,65984,8728,61972,29150,62750,41430,72520,26954,53426,62217,61877,53887,64527,67271,40977,8530,58990,7783,71852,68396,41036,40118,49341,54053,51765,40407,37737,50894,72232,48783,72654,69582,71891,22904,70006,65012,68030,44208,68286,70036,49523,36054,29369,29459,71939,42199,63309,58922,10907,8717,54284,56636,73696,48728,39491,371,62924,63265,5817,594,61973,70670
,,,,,,,,,,,,,,,,,,,,,,,,,,,,,,,,,,,,,,,,,,,,,,,,,,,,,,,,,,,,,,,,,,,,,,,,,,,,,,,,,,,,,,,,,,,,,,,,,,,,58319,55931,78531,72028,25558,15166,64036,72369,45424,77510,51604,13731,22200,44626,69819,63640,61195,64230,31615,9375,37496,11183,61343,60112,60559,57820,19251,249,67795,212,57412,124,57695,35131,72994,66573,57167,66476,70519,70957,71864,47767,47283,64535,71837,66160,63011,57905,40897,36391,65289,55557,52475,70499,58864,70372,70471,71104,69631,42643,61213,51551,77027,60520,53123,2725,68322,67569,33287,59949,67846,70655,68794,70174,74965,52654,67891,50832,61939,69134,51792,19640,75723,25881,75302,75073,72130,46255,58100,64794,44358,30129,65874,71795,69737,23566,72179,74532,73613,74691
,,,,,,,,,,,,,,,,,,,,,,,,,,,,,,,,,,,,,,,,,,,,,,,,,,,,,,,,,,,,,,,,,,,,,,,,,,,,,,,,,,,,,,,,,,,,,,,,,,,,26196,8121,60695,31001,28416,44597,36029,43249,75418,57635,68334,1126,51049,71606,65147,9342,50285,45197,68796,38769,47111,50864,73291,71296,62287,47363,66869,860,64196,51147,69883,42853,68897,38689,61279,49472,56879,18919,54874,51340,69484,51016,45834,65506,54232,46765,56462,59938,74247,48030,42894,53678,59022,60535,47471,33001,67233,47990,61651,41192,67631,52269,49772,73963,70746,70645,19786,68845,69176,57985,67761,74794,66732,29287,66300,32015,34848,40783,70129,16120,28626,60839,72336,44059,56189,55802,74205,9699,73386,74862,72432,52020,39055,39797,73433,1590,75588,76039,70461,68590
,,,,,,,,,,,,,,,,,,,,,,,,,,,,,,,,,,,,,,,,,,,,,,,,,,,,,,,,,,,,,,,,,,,,,,,,,,,,,,,,,,,,,,,,,,,,,,,,,,,,71438,51759,69486,76367,61358,10140,64321,61971,75279,73754,43064,57866,69224,512,26495,24847,67695,64990,48209,66204,49119,73854,55901,38689,64106,52524,53670,1454,71753,71525,40072,47772,54193,42680,62981,18204,74671,58084,64937,51437,66807,68401,58451,28232,70400,13197,23558,67583,56147,57394,54667,40518,71358,59204,67386,49746,73287,73223,73287,57609,53501,52602,71342,70591,43085,52095,75185,69853,72153,60140,52690,55650,18069,269,72301,69493,35004,35754,52188,62494,38235,58347,68212,37253,69347,76822,77118,73211,57645,35875,74693,74106,64026,67074,56100,8968,61360,67467,67286,38409
,,,,,,,,,,,,,,,,,,,,,,,,,,,,,,,,,,,,,,,,,,,,,,,,,,,,,,,,,,,,,,,,,,,,,,,,,,,,,,,,,,,,,,,,,,,,,,,,,,,,11232,45069,53805,67642,72681,62466,46273,25402,35625,23665,66807,64132,74785,49351,74214,74479,53124,72753,67090,64838,64307,10093,12611,39483,73559,39556,48985,39219,65622,69025,16422,32224,67658,28387,47946,72547,24493,68323,66301,8910,49157,63827,53289,27917,14052,9892,23563,22436,65917,16798,62839,53217,71606,70161,70220,68553,51180,75506,70858,62745,53549,7171,59235,64275,66452,53743,65280,10101,70318,63600,67358,17243,32265,205,61752,618,63006,6870,40634,53576,76499,75420,28498,66633,51711,65045,62159,69795,20619,54329,63287,64895,52492,68319,43130,2103,60379,71741,52333,61870
,,,,,,,,,,,,,,,,,,,,,,,,,,,,,,,,,,,,,,,,,,,,,,,,,,,,,,,,,,,,,,,,,,,,,,,,,,,,,,,,,,,,,,,,,,,,,,,,,,,,34591,70829,28959,70280,73109,68314,35404,30165,27977,34091,70252,50012,63923,24434,28550,40885,50253,46002,56741,62741,70336,38379,71923,41279,74732,8153,41578,45780,59203,55432,60021,43513,70164,16636,73329,65744,59410,52635,50600,67775,47740,8526,67326,25408,44783,63055,73586,59064,55677,31120,74696,38919,68791,6358,72375,35304,57808,61142,62308,67010,31481,46660,31744,38225,47245,45135,64274,58753,73147,68651,55425,36336,65927,63524,74011,27704,65239,3694,69690,69594,72692,69802,58908,32468,72542,60534,68864,59685,40862,35391,67346,60016,70896,56284,68255,60525,67228,67993,66793,59186
,,,,,,,,,,,,,,,,,,,,,,,,,,,,,,,,,,,,,,,,,,,,,,,,,,,,,,,,,,,,,,,,,,,,,,,,,,,,,,,,,,,,,,,,,,,,,,,,,,,,56766,54639,65719,72812,26639,16455,64844,58425,55610,60617,48910,27072,73156,70742,16634,9563,59771,59241,73748,30854,56193,50636,73975,13856,30695,9617,68800,68247,50605,38484,24464,25302,33172,44849,66432,38603,63544,63444,30705,64835,71305,75377,54498,42219,61430,66971,43262,22663,62823,22935,51109,64622,72015,71114,75161,58157,36374,14066,58241,61215,55434,35405,67114,29477,67701,48497,57372,316,7707,22850,73322,68840,68338,63230,71310,76814,62745,72480,75586,68723,59783,40480,59559,61205,72839,70782,72136,74993,70641,63502,72303,70080,76103,74100,69605,71862,72832,68347,69844,52868
,,,,,,,,,,,,,,,,,,,,,,,,,,,,,,,,,,,,,,,,,,,,,,,,,,,,,,,,,,,,,,,,,,,,,,,,,,,,,,,,,,,,,,,,,,,,,,,,,,,,69818,36279,55920,33981,75696,64735,69106,30806,44090,44154,48385,1029,48416,57063,73657,18230,63641,58463,73976,75577,52336,56479,64959,60403,10830,48814,70480,67170,63149,68811,52033,60416,76024,73769,67620,53954,55842,35129,67379,18827,60204,55167,39332,17054,34564,52194,61524,70406,67456,21822,68870,67364,30740,49469,35755,42775,71952,71502,50965,54874,46155,819,69463,51674,57846,46891,77644,69056,72853,3440,49193,239,10953,55320,27154,70649,58013,71205,66138,54126,28329,2666,25089,19239,59744,48818,69220,68415,62809,65767,74761,28474,47551,43607,74834,61357,57831,45445,49693,54841
,,,,,,,,,,,,,,,,,,,,,,,,,,,,,,,,,,,,,,,,,,,,,,,,,,,,,,,,,,,,,,,,,,,,,,,,,,,,,,,,,,,,,,,,,,,,,,,,,,,,64287,41742,67942,67959,74996,64893,72277,29647,46834,17666,3263,9719,71542,70667,60720,8583,8802,11023,67911,69602,43234,331,64566,39230,74767,67125,1916,1866,41686,41902,53515,68773,66823,48030,71214,37207,48371,47292,71574,46406,62570,52654,50035,66181,64301,55812,69148,23707,48270,324,24790,49711,39556,39639,46538,48040,69143,60291,36874,47585,68414,11698,24485,16313,53467,28356,65516,63340,67862,54898,51778,75622,62971,52314,46132,58471,28829,10605,61626,63539,55009,53372,60319,59886,37748,49630,68772,49649,56072,62536,70545,45611,51277,58309,69874,51916,75049,45775,51187,60525
,,,,,,,,,,,,,,,,,,,,,,,,,,,,,,,,,,,,,,,,,,,,,,,,,,,,,,,,,,,,,,,,,,,,,,,,,,,,,,,,,,,,,,,,,,,,,,,,,,,,37432,63115,74476,60818,70451,70570,71235,67869,60286,64204,74510,71759,17317,66332,56297,31116,55413,21949,18952,28240,37073,54772,23253,63707,57388,43313,28636,19212,45362,63836,49454,46999,55556,10746,71175,12001,60513,37573,48579,56216,18997,1016,74089,74843,70269,28717,72905,53051,2407,5485,72617,63675,70204,46261,72036,63823,72025,62313,69590,57822,19265,44506,1409,312,47598,60754,68282,51447,67731,69424,54012,61320,60193,67026,75486,23553,68837,40249,42430,57526,21764,31886,53491,65441,64837,19402,61059,51576,77500,50349,65133,65836,49628,40232,41963,2217,61189,70023,58056,59763
,,,,,,,,,,,,,,,,,,,,,,,,,,,,,,,,,,,,,,,,,,,,,,,,,,,,,,,,,,,,,,,,,,,,,,,,,,,,,,,,,,,,,,,,,,,,,,,,,,,,51628,54112,66125,14930,54044,65480,21512,66296,72628,42540,53967,8289,43778,43246,72189,68992,67382,69973,61180,52261,59184,43605,67233,14866,50136,46337,28554,28486,67303,32255,65028,68949,73130,71047,72193,74146,66226,51554,67650,19673,60704,71966,69384,62708,53958,22237,43234,61007,73832,28045,61822,44602,65363,67198,69256,47877,72764,44425,63576,63742,56788,39994,72796,60962,26922,41049,63598,61500,64114,58005,35539,46938,71130,43115,30674,11341,44406,8206,68871,45321,35056,328,66758,40134,64287,66608,43417,62230,54938,61212,22022,43078,72310,73710,49177,13807,52927,52792,47410,47464
,,,,,,,,,,,,,,,,,,,,,,,,,,,,,,,,,,,,,,,,,,,,,,,,,,,,,,,,,,,,,,,,,,,,,,,,,,,,,,,,,,,,,,,,,,,,,,,,,,,,60720,56339,63990,51357,21364,348,59594,46098,13812,580,67147,75992,72781,73471,71406,42854,67053,42714,38032,69559,66699,50599,69144,47824,42446,31868,72752,72422,59384,37373,36964,42893,72336,2157,66632,66617,33544,35524,68112,61480,70518,71586,71852,63734,69465,68739,72610,67402,67437,15839,70255,55520,53432,59113,55232,30725,34752,56833,32578,40399,71833,50503,60493,36645,75848,47308,65771,62151,59635,40076,36681,44646,69033,35879,42838,34551,47180,40889,28394,47996,60414,71533,69360,70479,41188,25276,70843,72889,40424,41514,43070,63970,59478,53029,59968,64975,71363,50383,50370,53796
,,,,,,,,,,,,,,,,,,,,,,,,,,,,,,,,,,,,,,,,,,,,,,,,,,,,,,,,,,,,,,,,,,,,,,,,,,,,,,,,,,,,,,,,,,,,,,,,,,,,70747,8159,47931,39232,76133,46643,57066,48873,54093,55746,70920,69324,26939,801,75878,53113,69719,23132,71885,71195,45473,61471,68233,69290,28806,52183,74422,70958,74413,54693,64389,27344,43338,4551,68494,38934,60200,63088,48536,26557,60717,42571,54640,58968,72484,42128,21738,2290,48792,71531,39675,50117,50797,71867,2542,279,68606,68501,75564,47855,73531,51947,71787,55087,26258,16850,72309,50822,59290,48061,59296,65523,54404,47909,71181,54868,65095,71174,36667,58278,56752,63205,59490,57092,64613,13993,54790,30255,62577,47458,68746,24703,62494,46156,69904,44274,71459,69247,67918,32531
,,,,,,,,,,,,,,,,,,,,,,,,,,,,,,,,,,,,,,,,,,,,,,,,,,,,,,,,,,,,,,,,,,,,,,,,,,,,,,,,,,,,,,,,,,,,,,,,,,,,51780,18288,32839,60821,51703,49146,63251,64355,47861,10161,70507,67688,57786,64377,51845,36702,75718,65187,67230,72940,64972,32126,46496,51059,75001,57518,39865,56043,69401,36448,56654,235,64331,56668,59962,62262,69705,73912,61690,59105,71092,25954,74581,45792,61072,69375,65800,54576,66612,44454,57218,39364,63854,26121,72715,65466,64301,30937,57260,71747,76822,72883,63491,75567,70864,56230,61408,63050,67902,50300,58965,37452,50640,62011,45709,16623,75740,69972,57597,45736,65332,8694,56734,9962,48679,73231,59054,24060,75685,39360,32131,66161,42972,61913,63884,73381,65263,57855,76897,69065
,,,,,,,,,,,,,,,,,,,,,,,,,,,,,,,,,,,,,,,,,,,,,,,,,,,,,,,,,,,,,,,,,,,,,,,,,,,,,,,,,,,,,,,,,,,,,,,,,,,,70461,35898,72330,44464,60653,60482,71185,71070,44778,38653,47396,69920,59631,39687,66916,36013,65039,65420,69060,31533,65742,60095,53173,43637,19117,37784,61934,46672,64333,65285,59599,557,53378,41759,66436,41148,71573,36679,59736,56062,69240,61352,35316,42803,41808,40971,18508,19579,68669,71477,55918,58433,68273,69888,58459,47075,70618,70791,66121,21110,72398,56512,48000,27809,28348,26204,70666,78246,73345,75082,74223,69954,58208,53019,45631,59725,40410,44489,67010,34463,72737,74821,51078,55370,25081,33536,71107,23267,67524,70337,60466,60269,46336,47807,62930,54238,55388,12517,69496,71833
,,,,,,,,,,,,,,,,,,,,,,,,,,,,,,,,,,,,,,,,,,,,,,,,,,,,,,,,,,,,,,,,,,,,,,,,,,,,,,,,,,,,,,,,,,,,,,,,,,,,55709,57836,73683,68318,40210,39683,25576,42132,56956,63801,25279,34668,66334,19824,54436,69396,45606,48480,69988,57204,63520,70574,66147,74144,73512,639,31890,43417,57958,9166,73280,70126,63086,52712,71404,64552,71659,56884,73298,58756,70454,33800,50282,28551,42100,55998,69907,73078,74463,74908,67453,50894,59709,206,71665,52778,68233,302,46003,74004,57790,41030,63964,16945,60366,62626,18545,14769,58245,65019,66913,53811,65396,45833,73785,71881,70872,50177,39847,34943,52558,38875,67976,11925,62600,67937,26421,39325,40300,1055,48467,70362,70967,69952,48548,50721,70088,61849,72637,63518
,,,,,,,,,,,,,,,,,,,,,,,,,,,,,,,,,,,,,,,,,,,,,,,,,,,,,,,,,,,,,,,,,,,,,,,,,,,,,,,,,,,,,,,,,,,,,,,,,,,,67172,11874,50869,68742,73724,44909,69473,55584,74074,53937,52163,65202,53007,6572,55187,51781,58034,61032,64451,73788,66105,19750,72200,65133,66669,67985,40515,14963,43093,725,62942,63958,67941,60112,50770,42856,28611,25570,64502,47325,74091,53146,61375,36359,68649,48263,68816,53617,31955,124,48339,54631,36629,57476,70512,70572,61786,43967,47492,29001,70966,70013,65960,69925,30750,61132,30332,39547,65491,46431,25154,56906,71282,46152,30840,33103,50077,55481,55674,67866,7785,16237,48737,100,43801,53316,69285,8525,39646,19689,38529,42424,69581,62921,70859,68940,57397,55115,64242,46130
,,,,,,,,,,,,,,,,,,,,,,,,,,,,,,,,,,,,,,,,,,,,,,,,,,,,,,,,,,,,,,,,,,,,,,,,,,,,,,,,,,,,,,,,,,,,,,,,,,,,57484,52457,1050,915,62225,24822,69697,73657,37082,21124,75210,68853,69106,58125,71784,47907,24694,27037,14182,1124,53479,30167,45333,26408,41522,10365,32778,23086,30881,28556,26867,30800,29313,41151,68688,34125,23760,57995,71208,65717,72670,70662,73905,71815,62671,43599,57011,41163,50449,16318,64748,38651,33891,22007,70758,70593,61063,43117,19248,57387,71074,41942,71895,12842,70018,28554,62343,65671,50417,54539,75204,57624,75579,64996,35857,3714,63765,54582,71784,44635,28863,52140,27917,37559,73250,53338,68939,15415,71315,61330,67635,10209,72131,67539,62948,9500,71389,65941,71542,42887
,,,,,,,,,,,,,,,,,,,,,,,,,,,,,,,,,,,,,,,,,,,,,,,,,,,,,,,,,,,,,,,,,,,,,,,,,,,,,,,,,,,,,,,,,,,,,,,,,,,,59515,58121,20768,6549,68674,68139,68118,68337,71498,48476,60299,69740,23496,48867,51083,41741,70396,29406,22019,41733,40750,8830,73965,42856,64181,578,63805,55390,61853,50987,63824,63260,75396,53191,19901,46997,63005,63873,57797,787,74833,34795,69349,38573,64321,62572,50969,41770,67950,42172,57653,44184,70281,54486,69695,54596,37322,26445,66639,44595,58018,59749,67698,65329,9995,45887,50415,49903,73590,50034,64510,41015,57112,23549,67064,67963,52824,60610,66736,74030,40639,699,54873,2935,66927,68380,74195,50110,35302,52356,18508,16417,73721,19398,58406,66770,74830,73930,288,2063
,,,,,,,,,,,,,,,,,,,,,,,,,,,,,,,,,,,,,,,,,,,,,,,,,,,,,,,,,,,,,,,,,,,,,,,,,,,,,,,,,,,,,,,,,,,,,,,,,,,,71631,48149,50539,62542,65429,25319,77300,74417,57861,64395,50285,70721,44978,38954,60696,59859,44516,63540,66642,16598,57400,40252,22792,46477,51117,47410,67043,10782,54235,46751,78382,66839,51304,11294,46975,58808,72347,59725,51450,14067,64935,411,73417,60696,74820,49147,72016,56198,45249,68077,74475,73124,61291,46965,69271,72864,56455,49640,37392,72519,68367,70462,41047,39201,68002,55076,73484,20513,68754,72689,50346,55800,58553,52044,60434,45494,73891,72805,50734,68771,69757,52773,74833,44884,42992,48833,33426,54181,72395,66785,49966,56413,75210,51140,68138,65744,75587,72438,73287,16168
,,,,,,,,,,,,,,,,,,,,,,,,,,,,,,,,,,,,,,,,,,,,,,,,,,,,,,,,,,,,,,,,,,,,,,,,,,,,,,,,,,,,,,,,,,,,,,,,,,,,66261,43450,74899,64681,34743,16489,57123,42074,49759,56794,64029,63994,66484,69362,72896,72430,68541,54462,56733,57847,64461,73680,66006,49432,48641,57685,35052,14912,38761,54090,33261,9266,61672,72283,53014,70402,55369,70611,53957,47884,48457,28229,61648,25076,43167,26064,70775,70324,72974,57682,52587,66595,60253,72039,74212,26755,71064,59222,22144,10488,65383,63351,72477,51800,64938,29080,52709,48392,70170,38759,38567,40074,58058,47357,50247,30211,17599,24100,69384,60533,68135,51953,70686,11824,70996,71767,32915,45918,29901,70564,19727,19401,19190,303,61700,51798,37279,27545,31988,15695
,,,,,,,,,,,,,,,,,,,,,,,,,,,,,,,,,,,,,,,,,,,,,,,,,,,,,,,,,,,,,,,,,,,,,,,,,,,,,,,,,,,,,,,,,,,,,,,,,,,,66203,68828,51635,22030,38251,5820,61871,69507,53446,55617,68767,62605,66343,56566,25969,46705,45376,31468,65749,65038,26015,35005,73625,77460,62835,39587,5366,1762,75489,62757,48774,77737,30793,16058,70993,72347,69516,72256,8853,14611,39891,64820,34715,29908,67403,53128,62920,70311,54657,27998,73239,72631,63028,53112,68589,28635,48876,42586,72771,70125,27770,31990,39024,41433,47444,61527,69912,51996,69837,16715,66457,30360,43085,43254,42813,39749,59256,54293,34325,72086,73227,69580,58324,50328,70709,33980,63183,71624,59248,21219,31193,551,63209,61981,58523,52714,74474,75294,72812,71935
,,,,,,,,,,,,,,,,,,,,,,,,,,,,,,,,,,,,,,,,,,,,,,,,,,,,,,,,,,,,,,,,,,,,,,,,,,,,,,,,,,,,,,,,,,,,,,,,,,,,55467,32189,70855,59123,70367,25638,71904,47372,45316,66851,49434,46462,57360,46933,72790,23154,70459,68154,29566,13132,52736,58469,63251,496,75530,69070,71198,28235,65338,50430,32582,58149,49721,62857,47140,59702,56771,62298,52028,60731,53503,49143,60606,55670,38023,74279,905,13331,69665,3016,47627,19985,64464,9815,66482,65734,61350,75454,73600,59173,41748,21152,42658,62851,70274,62184,71772,39827,52294,9384,51543,67473,53220,31676,28902,55525,39927,25585,35324,23986,48115,39904,59005,52315,38617,30913,75295,56016,63359,30276,68993,872,62570,74320,71330,9688,70510,66751,69791,22974
,,,,,,,,,,,,,,,,,,,,,,,,,,,,,,,,,,,,,,,,,,,,,,,,,,,,,,,,,,,,,,,,,,,,,,,,,,,,,,,,,,,,,,,,,,,,,,,,,,,,37677,32296,61443,56917,70121,9212,75429,44500,67004,55521,74447,49540,64541,33050,70548,31817,36457,54989,69008,17094,74590,59130,54363,902,46992,58272,58165,24601,70948,45018,45058,50614,43521,41956,69711,57359,73100,71033,33384,12100,72637,25287,40164,24147,53521,16572,40195,3154,71499,29968,72979,39507,66758,59468,63422,64591,70670,64572,71195,67596,68020,18222,9500,9883,24050,14686,61061,52342,61748,55845,73671,59135,29901,2179,72720,67064,48194,1163,69716,57072,53319,50787,59073,70888,71478,53254,39872,66320,56597,934,67890,58012,52221,53379,68413,17659,61154,662,67662,73132
,,,,,,,,,,,,,,,,,,,,,,,,,,,,,,,,,,,,,,,,,,,,,,,,,,,,,,,,,,,,,,,,,,,,,,,,,,,,,,,,,,,,,,,,,,,,,,,,,,,,73887,77516,54980,27960,67918,66965,53654,7742,63166,8511,76300,73432,69177,12094,68962,37369,72795,22508,67703,62729,72770,68948,76228,23322,70821,40951,70492,18358,69318,26202,44489,51802,71077,54028,71559,44130,39633,61625,71968,55021,73343,45002,49203,61045,74150,62264,72917,70071,71283,52756,50850,30467,75318,56267,72337,70585,69425,51761,59248,63370,42801,32802,48478,41187,60919,71904,68693,51698,50782,56763,56862,67637,66929,66888,43488,12959,30103,758,67181,72752,70216,27438,66384,15543,71238,55133,59506,48703,72138,73263,50178,57531,48919,15494,46323,31035,73065,24660,47829,39618
,,,,,,,,,,,,,,,,,,,,,,,,,,,,,,,,,,,,,,,,,,,,,,,,,,,,,,,,,,,,,,,,,,,,,,,,,,,,,,,,,,,,,,,,,,,,,,,,,,,,59756,53799,63894,271,63617,69561,59146,8223,64607,69415,53294,7927,58408,67352,37784,28093,62658,59422,67524,58501,69380,37226,45166,40250,72416,53242,71865,67748,32100,55606,68676,54008,50037,43045,57501,50827,9443,22133,29309,31053,57790,31514,66885,60915,72827,45314,48256,63676,62582,34357,58412,71283,18445,45013,28290,58367,59287,45596,66565,37231,57030,43540,45167,61276,60504,69024,49228,57111,63328,72306,74358,75295,32645,11004,52482,39731,71061,42413,61311,64904,72795,15857,55685,65783,72461,19039,46606,9502,38470,39112,69533,76026,74672,22005,24276,9819,45465,50810,53813,43848
,,,,,,,,,,,,,,,,,,,,,,,,,,,,,,,,,,,,,,,,,,,,,,,,,,,,,,,,,,,,,,,,,,,,,,,,,,,,,,,,,,,,,,,,,,,,,,,,,,,,29884,15176,33516,53290,32298,10105,69592,53675,68669,70242,61676,59620,72061,24071,32942,63491,37690,54793,72631,44137,66810,23643,72170,68343,57087,66337,63679,43364,73457,74247,52133,11123,40783,59691,22947,39872,42875,17269,75810,73188,75151,55767,70143,44181,44256,56575,65385,70904,75380,73071,43565,32132,29076,64954,74897,73138,67865,27343,37865,45679,70721,33049,76621,74853,45758,45449,47045,13457,69685,72419,70069,71116,72035,44718,66040,31976,23810,19269,67573,58295,73112,73273,63880,544,43243,54506,65877,48222,69378,43262,50038,50795,33856,12887,74530,41006,45688,71128,71808,64437
,,,,,,,,,,,,,,,,,,,,,,,,,,,,,,,,,,,,,,,,,,,,,,,,,,,,,,,,,,,,,,,,,,,,,,,,,,,,,,,,,,,,,,,,,,,,,,,,,,,,56471,59114,67757,63976,65513,52721,56226,76605,57775,33276,74253,68294,59289,67018,66337,39381,24595,64628,74776,73801,36261,27132,49616,65613,21190,49263,62249,63264,37658,26191,51416,53579,65365,16002,72564,59077,34285,54566,67843,64026,68068,60278,43578,21609,72411,68195,54608,29049,62246,67354,31994,36019,42461,19867,71723,28370,70435,51927,41781,51185,52873,41808,70817,67911,65483,59413,74278,46307,8389,22054,62827,49045,56621,40570,33027,44228,74570,68033,73432,69359,22753,287,49456,57960,67725,54103,41948,44427,73907,64060,75780,53645,37281,70004,69579,53466,57248,68825,60888,50626
,,,,,,,,,,,,,,,,,,,,,,,,,,,,,,,,,,,,,,,,,,,,,,,,,,,,,,,,,,,,,,,,,,,,,,,,,,,,,,,,,,,,,,,,,,,,,,,,,,,,62095,5773,74632,59422,69835,65798,46373,53713,73266,45411,72070,40670,62426,60514,71068,64474,64728,61712,318,22622,72301,66280,52420,39983,61474,68349,38239,2888,64009,69884,68127,50381,40248,50697,23408,68593,73583,66399,73562,23414,79758,73175,68765,51630,57924,15743,57694,67479,65212,72506,68836,72211,57046,26036,64126,19839,69513,28821,68076,71172,72982,22484,27940,27807,43477,43515,72238,67487,71711,60492,71391,9935,76199,64243,61052,14965,31678,67951,54762,42167,66582,38010,63340,54795,70616,46975,64629,34152,69354,50747,77094,76155,25312,30834,64282,49879,51253,36212,41687,40985
,,,,,,,,,,,,,,,,,,,,,,,,,,,,,,,,,,,,,,,,,,,,,,,,,,,,,,,,,,,,,,,,,,,,,,,,,,,,,,,,,,,,,,,,,,,,,,,,,,,,73723,68220,75582,50541,60753,62687,70280,22324,16985,804,54296,28609,41187,67059,75222,20290,68290,49500,70083,75602,71559,67447,48304,66744,61231,74165,75736,65546,62165,17302,43128,53406,16012,6459,60387,46061,27738,68362,26034,34239,62866,58071,56087,63745,66529,35645,57635,63885,64081,57835,48453,68159,24870,59844,50844,52822,67017,24696,31739,7645,16242,15485,50856,57855,74133,62911,18603,327,73576,69855,22047,46219,22680,13448,58312,58284,74183,57588,65210,24615,74393,68479,74333,73619,39970,9228,15552,35417,69343,22892,60868,1380,73911,54534,17836,26204,50066,64917,73141,54679
,,,,,,,,,,,,,,,,,,,,,,,,,,,,,,,,,,,,,,,,,,,,,,,,,,,,,,,,,,,,,,,,,,,,,,,,,,,,,,,,,,,,,,,,,,,,,,,,,,,,60728,7278,55598,31040,60833,52034,63718,6042,73560,53189,46917,48350,53896,52588,46264,41395,64011,63334,46147,30679,71793,26673,39969,28324,35747,58177,48761,70277,12925,11797,43256,46234,61825,64359,60388,53285,56371,3836,62887,25242,39857,49047,46054,34378,33422,15083,31982,32638,59887,13658,68838,67710,70703,16177,71771,27655,60259,65657,71550,33605,49815,58793,70959,55832,67092,36939,7951,68214,45488,67568,69020,24821,65524,52451,68664,70847,70413,49399,32934,28381,67151,68651,28551,62166,53026,44182,51364,63873,60304,68329,52072,60927,35686,34942,69139,66403,71559,59906,53227,57112
,,,,,,,,,,,,,,,,,,,,,,,,,,,,,,,,,,,,,,,,,,,,,,,,,,,,,,,,,,,,,,,,,,,,,,,,,,,,,,,,,,,,,,,,,,,,,,,,,,,,37932,57323,72905,67724,60432,58146,55933,26869,75114,71845,53950,67027,60344,48248,75850,73588,45979,32759,51367,72451,50498,67561,73582,71820,72251,58922,25472,26390,59398,41532,71397,23206,59258,47782,74816,42733,69775,41229,48138,59766,59541,66158,60519,69218,16351,31969,56984,45108,52206,52404,62976,64562,65699,30562,36812,38271,51519,36344,74260,75171,69770,57181,61918,45436,54305,55998,64713,46137,50992,50658,69641,1234,40365,58885,57022,55161,66595,74527,53446,32700,64421,56648,44623,42233,73373,72475,59732,57424,68446,72547,65934,16069,70643,69745,73821,38953,69943,64553,23811,61189
,,,,,,,,,,,,,,,,,,,,,,,,,,,,,,,,,,,,,,,,,,,,,,,,,,,,,,,,,,,,,,,,,,,,,,,,,,,,,,,,,,,,,,,,,,,,,,,,,,,,54508,28225,75580,58720,70738,66606,49127,58878,71663,57019,65251,58115,37888,54439,70133,48528,61205,24636,47816,53942,66205,70106,21958,36963,57147,60539,70845,70737,69756,55679,70780,27868,57245,55034,71756,69554,71502,68956,9868,53874,36402,44608,56875,29213,55175,194,66240,17125,31486,46260,70632,59839,72993,74885,58274,59542,40289,45380,72524,51348,47109,1375,59778,61362,69631,70152,62218,52235,73407,75735,56524,60285,62092,63875,62388,62443,35616,63920,65469,54213,46336,30695,57218,38128,46985,45871,69729,66533,33537,4175,13623,31637,64194,67002,61848,61106,53325,43538,64512,72964
,,,,,,,,,,,,,,,,,,,,,,,,,,,,,,,,,,,,,,,,,,,,,,,,,,,,,,,,,,,,,,,,,,,,,,,,,,,,,,,,,,,,,,,,,,,,,,,,,,,,74104,61137,49363,38224,34193,36498,45384,61821,38025,67207,70375,65815,34671,36449,66113,7923,64778,64624,40112,19932,64701,64198,77055,74669,56225,6284,71710,70081,20472,16649,66649,65229,59962,65336,56188,36714,68330,57107,64389,58448,69585,58680,57258,62639,66652,56681,55088,42999,51407,13089,23960,51483,37370,2108,54129,24934,64902,55783,42027,41986,62482,62690,71625,32411,65225,65019,47224,100,66531,64529,67230,1708,55519,49082,65587,65346,48289,35379,69709,70610,60605,30747,67665,47670,74231,72948,55768,10032,57761,51136,54712,61504,9490,56698,52167,64168,71478,49758,37157,48272
,,,,,,,,,,,,,,,,,,,,,,,,,,,,,,,,,,,,,,,,,,,,,,,,,,,,,,,,,,,,,,,,,,,,,,,,,,,,,,,,,,,,,,,,,,,,,,,,,,,,56520,72943,74258,71691,57378,37513,67123,64561,74905,29549,68826,77284,73544,71363,73846,39237,50111,70269,39668,18989,54871,37059,45126,33989,50450,35869,58570,60501,53100,55806,71867,49932,42932,26582,69583,63833,56230,1541,71057,73953,69707,72839,51072,20316,72135,60638,70124,33204,70560,40126,65357,227,44612,64985,66491,52004,70269,62400,21752,67456,38916,27277,50861,39350,68434,54824,72508,32414,19032,31310,72420,53858,47176,41837,35076,57912,52726,59910,57401,63009,52642,72304,74009,62909,32137,57700,61498,61903,42360,59566,72855,73049,59234,57800,63495,35724,61324,45509,70341,50766
,,,,,,,,,,,,,,,,,,,,,,,,,,,,,,,,,,,,,,,,,,,,,,,,,,,,,,,,,,,,,,,,,,,,,,,,,,,,,,,,,,,,,,,,,,,,,,,,,,,,52296,64473,71159,56805,30954,51617,74997,69854,45640,48851,73143,68543,28042,26242,40059,60141,62249,53246,74049,76427,21104,19827,25241,39696,51346,41700,54527,49222,41986,36641,9253,70908,41974,74966,72699,48216,72598,39840,66639,46500,74931,69469,53015,65839,63031,24639,65793,57831,44024,38699,63609,17153,59370,51678,61289,184,73739,31830,17052,69057,63733,28847,70584,41926,67426,49703,73418,68443,69060,53787,70212,67558,53117,64703,41002,58650,73232,51085,65387,45352,75698,66699,65236,8344,32852,8856,75169,64842,68183,65193,76461,75966,75221,28971,73797,57491,63596,51565,20228,32670
,,,,,,,,,,,,,,,,,,,,,,,,,,,,,,,,,,,,,,,,,,,,,,,,,,,,,,,,,,,,,,,,,,,,,,,,,,,,,,,,,,,,,,,,,,,,,,,,,,,,66711,10421,70183,12689,66791,56870,59819,59426,62752,42331,10500,12064,60487,60878,4290,490,58837,32852,70473,73961,11238,41260,74579,51366,54582,64184,70018,15564,71100,73139,73460,74456,75339,63443,66661,73990,54871,38347,47149,34793,59148,23926,70883,64762,45472,63905,51382,44601,72206,71828,49715,47615,73125,64883,60109,51563,68422,53099,74307,60175,53800,36195,36157,51248,74459,65595,53161,71674,24766,18269,69405,31975,34154,51310,73225,64065,68018,63857,64025,65273,58454,10668,17067,18133,48630,18579,74490,59866,55596,71039,66815,65681,61101,73659,69207,46359,68292,68141,380,8358
,,,,,,,,,,,,,,,,,,,,,,,,,,,,,,,,,,,,,,,,,,,,,,,,,,,,,,,,,,,,,,,,,,,,,,,,,,,,,,,,,,,,,,,,,,,,,,,,,,,,73339,72829,52835,60174,70365,71119,41139,67607,49668,55861,75259,74919,61745,72197,42125,66154,62969,46788,54789,38610,63888,36731,63638,51028,70231,51156,59484,48753,54691,64162,70647,67548,75990,67857,48189,48669,59647,32362,58718,40214,76331,70852,44090,468,69904,68137,70785,66388,74897,60711,72494,69339,69184,69378,14530,53078,71577,65319,71448,61122,60629,58660,54524,57394,59945,61661,69408,29111,56663,26094,70461,76844,50622,31509,74975,76378,77757,63130,49634,40182,74019,63846,2898,260,22549,42367,34143,55944,71470,29747,67954,7141,26751,57916,32889,40571,57704,2284,51876,60720
,,,,,,,,,,,,,,,,,,,,,,,,,,,,,,,,,,,,,,,,,,,,,,,,,,,,,,,,,,,,,,,,,,,,,,,,,,,,,,,,,,,,,,,,,,,,,,,,,,,,42137,36994,62422,64040,67507,19379,57632,62059,50002,24827,16516,18938,72925,74278,57436,52024,63247,43186,40809,29819,69383,63441,73985,73013,73857,48836,50498,38888,57978,61116,40797,74101,68432,46539,71756,73062,65570,59724,38881,28297,57280,46684,32421,48639,71841,49271,65742,49631,60992,55168,63850,45070,42696,64526,62486,49660,68152,49133,63372,61258,70116,72132,52182,36973,69671,37756,56225,55847,60183,37976,72146,66820,66379,36563,68034,72359,67994,71944,19738,69611,58556,21416,75944,73077,51862,51501,73561,69285,75237,7411,62975,66932,68854,69341,51290,41764,25956,41110,58412,50110
,,,,,,,,,,,,,,,,,,,,,,,,,,,,,,,,,,,,,,,,,,,,,,,,,,,,,,,,,,,,,,,,,,,,,,,,,,,,,,,,,,,,,,,,,,,,,,,,,,,,63231,51039,24184,69829,70523,65245,68597,40768,67546,66128,17183,169,6918,18015,73750,9988,55734,61398,72316,73217,48814,8406,16822,9120,53710,457,37215,60177,45071,70046,66988,56731,69256,69221,38498,63774,69685,29804,71089,69117,39682,50016,66974,36479,71411,65379,57999,53717,74240,72487,68906,54686,38693,29386,29960,63527,64700,31439,69292,70257,67002,24109,71348,68794,60372,49442,58060,47304,46166,71983,72840,51062,42130,24583,71116,64567,58650,46630,14751,1755,61911,45211,68484,75990,24086,352,74121,32052,71231,73957,47038,47577,59861,68072,29670,1187,66836,65665,33434,41234
,,,,,,,,,,,,,,,,,,,,,,,,,,,,,,,,,,,,,,,,,,,,,,,,,,,,,,,,,,,,,,,,,,,,,,,,,,,,,,,,,,,,,,,,,,,,,,,,,,,,36582,69805,29047,37550,53050,54662,45400,47092,73880,78224,31292,25263,40220,5076,41942,74340,71646,67690,23370,71886,49802,30476,31640,43862,36711,34899,74673,50751,55744,55060,75155,48694,8006,15926,63966,23130,68076,67534,62484,945,73628,39135,72811,66309,41009,52043,56809,38393,55998,64892,61971,49696,18277,8556,42318,32895,48948,25604,71227,30430,66660,31343,67292,58582,69964,59959,26487,35479,65882,61926,35091,11524,25841,22664,45704,37561,70394,71304,65244,40716,61719,7328,69218,66078,64302,69201,58500,70439,53585,58738,72404,68964,76804,73288,70817,62252,71727,60559,37649,40860
,,,,,,,,,,,,,,,,,,,,,,,,,,,,,,,,,,,,,,,,,,,,,,,,,,,,,,,,,,,,,,,,,,,,,,,,,,,,,,,,,,,,,,,,,,,,,,,,,,,,75842,72944,50939,72935,73824,62724,53397,56923,49973,15096,54762,59112,23214,23689,72219,61327,27313,27605,45952,47662,59393,57888,63841,51197,73172,62512,71734,52577,71728,61750,70582,71379,63187,27452,75587,60446,71984,67368,64117,47596,69116,31654,75613,54553,77121,56037,56676,61091,71481,66792,72399,41727,51365,29239,74293,62753,21457,4146,75008,33033,56203,66484,73727,55664,50992,60960,50727,13682,56926,52702,57823,57508,61042,34833,43443,55208,23332,1224,60138,67368,56736,51161,25366,51804,68487,53505,69527,24803,71839,67460,66046,72788,66877,42532,45379,21430,60786,30492,66381,69764
,,,,,,,,,,,,,,,,,,,,,,,,,,,,,,,,,,,,,,,,,,,,,,,,,,,,,,,,,,,,,,,,,,,,,,,,,,,,,,,,,,,,,,,,,,,,,,,,,,,,45539,35709,66011,46713,68158,73737,70705,55324,22801,10827,21980,47976,58060,48522,59065,64808,43068,727,61098,30404,59848,55550,49235,46410,57544,18263,13213,9278,71030,70069,69150,68227,64591,68045,51459,35685,32150,65514,46617,384,58429,43635,72023,60342,56641,9907,41261,62021,42861,64047,59391,58885,59053,38964,66670,63517,18487,35158,68283,63670,20812,68326,62158,71309,57148,63118,67114,8436,41858,70166,68862,44510,70716,54839,64525,64645,51468,60128,60084,59615,47061,39908,64357,5547,64238,38067,67074,33257,39555,56378,67793,69142,51016,30710,69722,66311,65279,45163,68578,69198
,,,,,,,,,,,,,,,,,,,,,,,,,,,,,,,,,,,,,,,,,,,,,,,,,,,,,,,,,,,,,,,,,,,,,,,,,,,,,,,,,,,,,,,,,,,,,,,,,,,,54712,9594,65257,72921,36154,343,71389,75549,10470,13073,39438,65157,50810,42182,65116,1847,10818,269,58560,63071,68512,23484,66188,49902,60035,32987,72715,74237,67556,39383,68952,71868,25353,65052,53756,70314,66482,65581,51582,8464,61291,57680,70547,56560,65805,70803,69949,74003,18341,45383,68149,68660,59157,70421,46332,58906,22503,17543,32588,25270,67374,71951,49543,55093,11705,323,51943,59008,55552,48911,69021,72598,76400,51484,14527,2168,60038,19426,76421,71161,49752,45253,75508,60684,64619,64773,74012,26018,77137,43367,71763,36855,74242,71399,67538,71232,71150,23519,55687,56563
,,,,,,,,,,,,,,,,,,,,,,,,,,,,,,,,,,,,,,,,,,,,,,,,,,,,,,,,,,,,,,,,,,,,,,,,,,,,,,,,,,,,,,,,,,,,,,,,,,,,34177,68590,73283,77573,63666,67437,70174,32215,70557,45768,54517,67008,71616,61395,71776,73719,29707,46890,74349,46477,55600,45675,15985,17878,52117,37515,67870,66819,49825,67882,64929,57817,11612,16484,48170,59022,63078,54494,56265,63853,21937,17969,62142,48432,18428,234,69808,41736,38018,54843,52180,33925,68720,71080,57431,17652,62998,47414,37016,8057,12301,59668,73127,39363,69204,75197,71078,60869,27202,24142,52223,39552,61905,76051,58203,73346,50129,55773,32102,51652,9898,274,68560,68744,69609,52469,61063,40230,68785,57184,50441,38974,63269,58430,68121,53217,41052,47123,54566,33061
,,,,,,,,,,,,,,,,,,,,,,,,,,,,,,,,,,,,,,,,,,,,,,,,,,,,,,,,,,,,,,,,,,,,,,,,,,,,,,,,,,,,,,,,,,,,,,,,,,,,76572,76652,65257,34283,72722,72082,58681,31447,46111,39729,56670,51309,61386,2114,57971,46873,74936,71834,54657,27460,73442,73427,68783,65087,67250,16651,56194,59248,63921,51648,31748,51505,66858,28263,64875,22469,52890,33878,51464,73004,71245,70780,44015,65120,25049,65112,73477,73714,71108,71385,42903,49889,71746,68243,75084,43565,34106,35739,66213,63061,72319,60270,67940,68229,70787,56450,71387,65583,54158,3389,62223,56208,66365,61012,73606,61051,71468,43449,73138,59729,23997,32704,44758,45278,38155,38853,49522,7130,52084,60310,70307,57462,61298,29382,64985,49792,58712,36550,31646,29975
,,,,,,,,,,,,,,,,,,,,,,,,,,,,,,,,,,,,,,,,,,,,,,,,,,,,,,,,,,,,,,,,,,,,,,,,,,,,,,,,,,,,,,,,,,,,,,,,,,,,22143,53890,62922,68868,69186,48538,72376,57231,39044,39784,38790,32675,50113,57155,67033,61780,66651,58457,29761,45913,56991,64907,40465,25619,69272,47419,62139,48499,66654,15786,70462,28782,50866,933,45397,36742,66922,896,38800,58679,71308,15701,50423,60940,64389,31647,65566,67880,40973,67149,18136,28334,60465,11292,41540,18034,56853,61942,41670,612,69771,36125,59483,42685,30984,24199,55346,41680,50540,54580,25548,54604,72670,43559,63578,69743,72108,60269,73729,70134,24784,51651,68391,20677,45307,40041,27571,31643,23975,49626,57659,50899,76505,72970,70202,46818,49798,54449,72023,61649
,,,,,,,,,,,,,,,,,,,,,,,,,,,,,,,,,,,,,,,,,,,,,,,,,,,,,,,,,,,,,,,,,,,,,,,,,,,,,,,,,,,,,,,,,,,,,,,,,,,,71803,65995,56906,64521,26317,59484,71372,27998,71129,1072,64264,59533,18419,39419,21204,35724,73371,75603,72428,24826,74895,67907,58689,45769,68246,65671,72918,71725,74522,67854,43715,15396,72411,43910,60174,42439,54161,15584,67138,48371,59183,67086,62381,60844,65819,25763,25419,42332,21217,10290,63106,64247,3378,8523,72550,45211,65256,70882,66288,3379,41487,40130,16557,4689,43492,20415,71867,34946,67929,60643,43478,34755,53427,62103,67707,17616,71799,54705,68093,842,50430,370,60013,27426,59808,70050,74041,72268,38138,6735,64050,68010,64742,62558,58820,47030,71890,47022,54376,54494
,,,,,,,,,,,,,,,,,,,,,,,,,,,,,,,,,,,,,,,,,,,,,,,,,,,,,,,,,,,,,,,,,,,,,,,,,,,,,,,,,,,,,,,,,,,,,,,,,,,,72320,75322,63788,20960,65613,67953,41081,62041,73552,52819,45621,46660,73020,60220,58434,32948,66228,53669,63276,55900,68410,61681,53950,49061,72570,71706,66963,17378,71777,73639,26353,11067,68809,58305,65565,43093,60196,62531,37134,42395,62096,49866,69832,68440,26924,48202,49860,47635,24605,67336,76610,67543,66393,71705,73649,70343,73460,51848,45217,35837,76650,61989,61642,53589,74481,70712,55742,71644,53966,40947,38629,47841,50139,55450,69483,15939,46397,27046,54999,60363,65864,36003,42841,11378,60520,47651,55691,57424,70106,68549,74614,67681,69347,71013,41615,71240,71291,19070,46175,1692
,,,,,,,,,,,,,,,,,,,,,,,,,,,,,,,,,,,,,,,,,,,,,,,,,,,,,,,,,,,,,,,,,,,,,,,,,,,,,,,,,,,,,,,,,,,,,,,,,,,,57573,50478,73590,62722,75898,72256,66306,68610,62818,51832,76687,74840,54708,59627,23602,15055,67637,39934,31464,1023,51000,49658,9794,8679,57960,16323,74289,71466,31185,29476,58697,50278,30637,9121,58230,9131,74011,41830,55584,69461,46033,10241,18120,32587,61941,71954,67801,66833,68897,57431,50109,38616,63408,52430,60769,59279,73670,70044,49812,65607,70370,71391,63815,51246,62704,75830,71806,65136,77117,70357,69187,71238,62240,14251,55018,69625,47853,54633,67677,70023,74695,68299,49269,418,72469,55022,43593,26088,30803,31766,17474,17049,53348,22233,55246,71587,67976,76134,62371,72482
,,,,,,,,,,,,,,,,,,,,,,,,,,,,,,,,,,,,,,,,,,,,,,,,,,,,,,,,,,,,,,,,,,,,,,,,,,,,,,,,,,,,,,,,,,,,,,,,,,,,73442,70350,29972,30489,69333,51407,60317,44060,22622,10838,68336,68573,51888,30784,64634,68720,62147,65829,59201,41647,44458,43985,47929,37581,51085,52486,64873,15008,61106,10448,37320,48045,43843,66578,69833,65259,69363,67250,72139,62266,45330,47833,20823,17200,22696,69688,75375,72383,75195,64314,45358,56595,70996,69283,69969,2599,17650,39675,72553,40832,63712,27422,45845,54508,65369,57364,69486,53931,60579,67026,61504,34674,69443,71126,17380,7803,53617,12115,62179,30876,65254,58865,36517,29989,56257,243,58218,48925,70985,74920,74853,71322,56420,16963,72770,37270,70691,71003,70052,72640
,,,,,,,,,,,,,,,,,,,,,,,,,,,,,,,,,,,,,,,,,,,,,,,,,,,,,,,,,,,,,,,,,,,,,,,,,,,,,,,,,,,,,,,,,,,,,,,,,,,,59787,46964,56202,48623,72317,74204,74067,52411,61571,17376,63475,33302,72373,53207,32597,60060,39357,50413,71969,59244,66955,64635,64158,70755,55933,66625,75257,60937,61339,35095,67823,1068,45827,49487,71829,61501,60490,46079,29193,32632,18800,38448,74500,39803,49855,10125,73692,49458,68764,61302,40744,69784,70266,40227,174,7341,66439,64563,74559,48106,58345,61047,73011,39852,53238,41330,61604,64363,1016,925,66807,48819,2495,7978,18485,15810,74570,64286,62076,48569,49224,46685,71918,42342,71062,8557,70914,62673,65901,52796,42887,16918,66089,71211,75844,74641,70482,71369,38750,53856
,,,,,,,,,,,,,,,,,,,,,,,,,,,,,,,,,,,,,,,,,,,,,,,,,,,,,,,,,,,,,,,,,,,,,,,,,,,,,,,,,,,,,,,,,,,,,,,,,,,,63766,64106,32301,54776,71858,71682,52659,12769,73148,39528,59609,48972,15422,41734,69380,51663,69712,61874,59096,59046,67130,48378,67219,48827,68241,47459,37667,28078,50216,42272,41090,50722,72038,55552,62354,11549,58584,56339,65918,9321,50340,51518,60793,52814,74869,71888,74302,51268,67327,65944,68901,69712,75399,70588,44516,44167,47230,50349,67786,26050,44794,44814,19236,36324,59194,100,58713,57067,72890,70115,59374,29199,61260,56443,46755,38909,73541,22350,64972,40557,75003,71371,54822,23239,67688,52453,61607,62385,60843,50141,58799,48429,67594,501,64056,51596,72488,72711,4313,634
,,,,,,,,,,,,,,,,,,,,,,,,,,,,,,,,,,,,,,,,,,,,,,,,,,,,,,,,,,,,,,,,,,,,,,,,,,,,,,,,,,,,,,,,,,,,,,,,,,,,68327,75176,67580,59087,38008,50903,56997,39077,61650,72807,58842,22111,66043,22854,27757,61154,70018,33639,49971,23848,73960,64233,67622,59638,63620,69411,67530,40216,58658,65343,68362,71123,70394,71317,1294,174,72351,57205,70768,69993,33095,49769,62166,30700,26889,32911,57501,61312,69130,57148,66918,36005,73216,61065,50259,51971,69169,68921,63050,36347,53551,56793,68939,36903,41156,77822,53807,65224,64738,69260,69437,51783,65610,58247,67333,67775,75206,68152,75402,74974,62336,46982,63215,16248,64329,17974,35918,60225,65702,62286,65311,55826,68473,50433,74098,68204,48382,57344,28512,47059
,,,,,,,,,,,,,,,,,,,,,,,,,,,,,,,,,,,,,,,,,,,,,,,,,,,,,,,,,,,,,,,,,,,,,,,,,,,,,,,,,,,,,,,,,,,,,,,,,,,,74012,38580,46234,35463,19933,53938,15594,29709,44385,67655,48248,38635,69417,62180,10091,9601,62856,70651,61818,45886,43864,26584,58084,59214,62022,53181,38028,16999,57378,50919,55378,66810,64767,59889,64206,73812,58922,19998,72262,73664,61763,60801,66704,65792,61444,70177,70929,71278,71684,75604,62161,28222,62380,49157,68943,71569,73003,58092,59497,50398,66954,65089,40654,24347,31152,64394,27540,67162,51234,33074,68605,4363,63072,43135,36064,7707,69938,71474,49843,65353,19938,34403,73558,70361,47414,56567,46765,72052,53289,38423,44517,59367,75272,40201,59092,45388,63283,67651,48345,55373
,,,,,,,,,,,,,,,,,,,,,,,,,,,,,,,,,,,,,,,,,,,,,,,,,,,,,,,,,,,,,,,,,,,,,,,,,,,,,,,,,,,,,,,,,,,,,,,,,,,,69757,71447,46326,62786,42585,27836,64771,73222,71199,23459,77805,74734,61891,68607,71870,63259,35526,1378,39545,75151,36900,46134,47559,60398,49818,71620,71550,60862,71762,53774,20802,67321,51873,42965,39912,65514,63877,70369,52589,51112,58571,61507,54705,53362,65400,208,53177,68644,43115,59341,70127,68650,7094,8957,72374,57287,70853,54844,23793,3399,45797,19190,47929,55463,64944,38497,62697,27810,49271,64022,57582,10524,48872,68817,17937,694,63694,68654,74560,69204,73014,70752,64634,64766,68203,68381,72750,72169,55146,23488,70414,63591,59226,57333,100,1287,67878,26558,58357,44501
,,,,,,,,,,,,,,,,,,,,,,,,,,,,,,,,,,,,,,,,,,,,,,,,,,,,,,,,,,,,,,,,,,,,,,,,,,,,,,,,,,,,,,,,,,,,,,,,,,,,69062,18866,60336,61652,71618,34121,40190,48610,69453,57431,47090,47686,40762,34141,71572,73321,74311,41650,27662,17807,71186,13924,30327,46602,31090,65318,48036,46510,70574,52526,22512,60238,63988,45827,63770,67740,64454,54115,67716,26115,51572,71253,37524,48562,70380,25536,71699,61000,26533,31034,20538,25257,39842,62945,56034,54108,67453,788,37676,42064,63257,42972,70661,43976,59357,58161,38447,27270,67324,19475,65530,62361,70191,64654,53125,46756,62586,42602,28505,1803,46392,1215,63380,11518,29779,22509,71970,65374,40403,32187,68219,972,66732,53470,74050,65535,65295,54021,30217,54151
,,,,,,,,,,,,,,,,,,,,,,,,,,,,,,,,,,,,,,,,,,,,,,,,,,,,,,,,,,,,,,,,,,,,,,,,,,,,,,,,,,,,,,,,,,,,,,,,,,,,71232,52155,60229,34166,64249,31985,52616,53933,71715,49368,70802,30582,57480,42733,60760,51081,68095,76309,70130,16552,55171,48105,52601,58018,60760,62775,74447,60554,59651,70564,46542,39824,71259,60896,67163,16317,59033,61054,46649,53636,20006,70242,43039,5150,72404,67371,50906,64239,69752,50739,69732,60433,35113,1041,75753,49451,9193,71867,57516,58908,57948,40473,46099,39441,75117,60594,58877,69578,66529,57966,58352,35345,65521,65434,71928,74557,64897,100,31046,50465,39598,62577,71989,61912,72275,50137,67361,46778,66877,72467,66067,51674,58827,50538,71549,54956,71507,64470,67289,71327
,,,,,,,,,,,,,,,,,,,,,,,,,,,,,,,,,,,,,,,,,,,,,,,,,,,,,,,,,,,,,,,,,,,,,,,,,,,,,,,,,,,,,,,,,,,,,,,,,,,,26799,44370,59044,21896,60749,10161,61368,62295,37328,42838,34630,7445,56557,62377,43837,12051,54339,279,65004,40182,72640,63261,56322,34441,48297,42784,74394,54368,49441,24935,69255,28831,66893,63274,53173,63290,73500,70359,74329,71373,3774,1643,49196,12409,67881,69712,54234,60174,72673,69726,9773,8271,69766,62363,55055,58347,68406,74665,75346,72964,69540,54871,70276,67939,40525,57913,35073,59511,68151,67397,58061,68011,38100,17727,75624,10727,65476,68949,66839,269,54772,28679,30614,30917,5435,39991,68488,16795,60718,59588,35548,23170,70353,52507,68383,7764,69562,36575,72619,65539
,,,,,,,,,,,,,,,,,,,,,,,,,,,,,,,,,,,,,,,,,,,,,,,,,,,,,,,,,,,,,,,,,,,,,,,,,,,,,,,,,,,,,,,,,,,,,,,,,,,,54451,53574,57689,61718,57442,56286,59826,73341,65145,54024,65838,123,59731,38915,26991,1375,34638,46046,55174,69661,50911,55532,68880,36203,69262,73336,56659,70052,70779,66187,42763,26382,66191,42494,64434,68637,64660,40607,51883,43094,76627,70555,61458,2364,34542,32133,37582,37085,72888,9204,47130,48788,70907,75155,31976,50007,7034,10320,60556,68670,37684,39451,46421,41188,28433,63402,74448,74167,43135,50076,71526,68550,57916,7418,12684,57551,58804,8670,58868,41286,13526,41139,67079,61706,74560,61679,53972,59907,73349,26972,73204,75876,70087,10622,54849,63724,75227,61449,67524,35182
,,,,,,,,,,,,,,,,,,,,,,,,,,,,,,,,,,,,,,,,,,,,,,,,,,,,,,,,,,,,,,,,,,,,,,,,,,,,,,,,,,,,,,,,,,,,,,,,,,,,65004,60009,78189,73984,66830,73426,29334,36514,790,40585,16794,69809,29926,35548,66518,72899,69934,74975,75096,75144,75135,50060,28372,32216,70320,47218,53867,76681,69997,72310,58177,23760,53972,25405,70057,50080,69692,73737,67777,52058,70534,75384,63962,34956,72904,18404,72099,26170,72734,55967,68549,64022,43437,38871,67223,59652,44695,35214,47311,44645,45285,31054,54269,767,71186,62429,28100,50596,38719,53182,70613,67546,24368,28889,47149,52531,66425,68268,68319,74740,48849,59185,18978,17012,22705,48901,65732,70841,62115,17104,33848,498,60924,56872,75826,73395,68081,40758,36819,31413
,,,,,,,,,,,,,,,,,,,,,,,,,,,,,,,,,,,,,,,,,,,,,,,,,,,,,,,,,,,,,,,,,,,,,,,,,,,,,,,,,,,,,,,,,,,,,,,,,,,,63732,55425,76238,58029,71700,29734,60353,44882,50467,23556,62278,38835,69817,74634,73836,57372,24898,56021,74038,62607,58433,62758,45452,33826,30993,70799,72607,71657,69812,71138,49546,5274,64968,23602,54424,54898,47607,52806,74897,39966,66081,64252,64509,66948,66799,44251,59471,51280,65768,47500,67007,62795,67737,431,63340,22825,35681,32446,73532,56398,71486,24514,62187,67273,38799,35519,73826,69039,27212,70835,48221,51809,67292,62480,61924,70372,48886,16969,53711,54526,50443,38254,44308,53473,68176,63680,25833,807,28444,27607,55330,66145,61050,62815,69045,74909,55379,71685,73360,54230
,,,,,,,,,,,,,,,,,,,,,,,,,,,,,,,,,,,,,,,,,,,,,,,,,,,,,,,,,,,,,,,,,,,,,,,,,,,,,,,,,,,,,,,,,,,,,,,,,,,,61189,57726,50132,44857,52090,37562,63444,49262,69213,57703,69940,59102,43647,61247,53034,67364,65895,10846,56865,47815,13756,217,70264,27014,70552,70479,42527,56256,75542,71037,27947,1623,60552,46600,61695,63541,69896,56458,76441,73475,48334,53698,39224,31841,40569,22189,63986,52395,42305,48900,44387,70915,49111,66153,68702,66674,52188,51933,72147,64904,51052,51187,59043,34111,71008,66146,61698,62804,74714,70670,70266,67319,69218,62556,69998,71154,64035,65738,59953,67161,65155,66685,57550,60091,62880,53828,71120,75399,37626,29059,41627,53572,21124,697,74116,45332,74022,65248,71602,39706
,,,,,,,,,,,,,,,,,,,,,,,,,,,,,,,,,,,,,,,,,,,,,,,,,,,,,,,,,,,,,,,,,,,,,,,,,,,,,,,,,,,,,,,,,,,,,,,,,,,,42405,23992,55655,27281,30075,47318,60391,64434,49295,17867,76379,53060,59153,68647,54556,54352,64502,31699,65617,56981,57770,56627,71229,60335,41508,61920,51532,62532,63375,63627,62722,62040,73429,56455,67977,51423,39252,7977,75455,69516,70612,46724,69830,525,46615,54395,15132,7998,25894,36298,13958,4848,46613,72601,75213,57170,34892,70516,75020,10720,73834,76977,28699,29916,45710,49133,27659,30490,34581,221,68883,72586,37769,57468,68099,66984,68990,52870,41306,33385,58883,438,69600,45531,72893,61115,28567,28640,29977,18267,60178,52279,73689,77066,58307,61851,59152,52429,72178,10617
,,,,,,,,,,,,,,,,,,,,,,,,,,,,,,,,,,,,,,,,,,,,,,,,,,,,,,,,,,,,,,,,,,,,,,,,,,,,,,,,,,,,,,,,,,,,,,,,,,,,63492,61254,75767,74764,63115,46501,53417,985,72912,71584,43543,48314,38932,34040,46555,60832,76117,71470,73125,51243,68491,61937,26525,48769,74443,71596,66827,70274,63787,25387,42761,47165,48391,30449,75588,59544,64981,52470,30609,64581,784,14954,43469,50843,22889,64099,64827,42819,71412,70323,53783,39156,73089,59869,60442,6646,71080,61026,62478,64306,54208,35251,71037,46882,76018,75630,57038,37736,51310,41085,391,197,51561,42725,72344,70155,18557,59228,73957,55631,68441,69061,74456,68120,70384,70022,69213,42741,100,50969,18180,71411,64531,15101,43800,40628,48736,504,72002,67731
,,,,,,,,,,,,,,,,,,,,,,,,,,,,,,,,,,,,,,,,,,,,,,,,,,,,,,,,,,,,,,,,,,,,,,,,,,,,,,,,,,,,,,,,,,,,,,,,,,,,66645,57102,65684,57471,51169,33225,68055,52085,73049,74985,64805,67480,56094,58042,71818,61743,70211,39903,53332,47357,25252,46210,28633,66872,48347,47748,61200,72213,66950,62031,51473,53990,69125,27840,71215,42414,57706,38343,55992,9934,73071,56555,60639,13657,63863,53230,69678,74133,69871,67202,56107,48601,25988,60187,70696,23479,73439,57424,59726,19772,76526,65960,74216,3778,73065,67017,64732,460,53688,49397,51162,47060,55827,69981,72986,73991,73668,63620,58075,73720,26594,14926,46284,64538,68431,9266,69584,74581,61864,67521,41437,16373,57576,59074,72752,38360,75704,71271,20672,37171
,,,,,,,,,,,,,,,,,,,,,,,,,,,,,,,,,,,,,,,,,,,,,,,,,,,,,,,,,,,,,,,,,,,,,,,,,,,,,,,,,,,,,,,,,,,,,,,,,,,,48544,38480,70679,51191,39214,52420,71994,30855,62072,25146,65294,1343,56478,55057,61229,45711,69510,76155,56676,28366,72461,73663,75439,68970,50605,44524,26201,41390,73981,50194,27119,684,65685,74752,76222,68033,66950,71507,60605,43580,66734,37081,75109,39643,55122,27310,69302,73993,64858,9950,77550,42730,63523,59143,71201,72009,54697,73539,57181,2235,68676,73210,70920,16753,72548,69603,68377,58428,72620,63286,62276,70600,17084,3273,63039,69006,57408,72146,897,6503,59868,61734,62442,67881,56768,69196,63871,69926,72008,13493,63723,61836,70984,46295,66803,58804,68031,71232,70390,64946
,,,,,,,,,,,,,,,,,,,,,,,,,,,,,,,,,,,,,,,,,,,,,,,,,,,,,,,,,,,,,,,,,,,,,,,,,,,,,,,,,,,,,,,,,,,,,,,,,,,,38672,15214,289,62585,7952,68016,60412,604,45998,36671,59062,62754,69633,41216,66514,24476,70897,63284,64221,49556,57856,71409,58069,24852,63692,57285,42194,41368,68057,74554,45049,62152,76127,50064,38678,17816,60174,66175,8302,15867,56810,62733,74294,63124,63790,59620,71172,42246,74781,39623,71415,69539,48122,25225,69907,54925,71716,11988,68633,46994,44527,40001,63820,39602,70787,64859,64303,23191,24319,37421,61128,67444,52095,30610,61437,63772,41540,49808,72585,76320,25679,53243,53117,18195,64213,67868,70157,42379,66157,12078,45497,50776,57319,65206,72534,39659,62114,63016,31928,52436
,,,,,,,,,,,,,,,,,,,,,,,,,,,,,,,,,,,,,,,,,,,,,,,,,,,,,,,,,,,,,,,,,,,,,,,,,,,,,,,,,,,,,,,,,,,,,,,,,,,,57396,2866,23268,26217,69139,58556,44628,7448,66481,64223,67676,23142,68721,62345,50268,57887,59374,53317,66350,56422,66299,25555,26399,68043,68186,50880,68951,45774,61993,774,42298,41183,47480,59716,62803,61849,61406,63971,75812,74600,73731,62077,24966,60593,54246,68442,11260,50191,67724,61512,63487,49711,42084,28841,69844,42259,18080,68048,22161,16850,69458,68554,58824,205,46455,52432,25146,49935,73611,30979,72872,65143,60972,68458,53728,37458,71964,71312,21861,23495,69903,19178,74721,74030,54564,34550,67396,71580,63796,25871,72983,50894,49446,67465,8721,25178,62257,76491,64342,27653
,,,,,,,,,,,,,,,,,,,,,,,,,,,,,,,,,,,,,,,,,,,,,,,,,,,,,,,,,,,,,,,,,,,,,,,,,,,,,,,,,,,,,,,,,,,,,,,,,,,,18734,57986,59413,50878,59372,1588,68559,75385,65772,11634,33077,20976,47327,55365,59488,31592,59437,61583,46704,602,11464,67971,72195,67023,73222,69678,56935,66957,30545,57306,52291,36003,71337,74001,70732,24776,67135,12730,61293,56596,45993,48299,61067,45441,24052,36782,60962,48784,35355,38657,57276,50163,64525,58864,39179,36611,54423,26959,27683,40046,60001,38954,69214,23054,64247,37377,74869,21699,52526,56615,67558,64058,65408,57746,45092,40198,72203,58702,68487,75106,65222,72540,29570,11197,60902,25533,60309,41826,68009,296,68568,71518,67396,1014,69485,62829,69504,64945,72724,37809
,,,,,,,,,,,,,,,,,,,,,,,,,,,,,,,,,,,,,,,,,,,,,,,,,,,,,,,,,,,,,,,,,,,,,,,,,,,,,,,,,,,,,,,,,,,,,,,,,,,,47392,56100,64634,53244,48755,69546,69299,50361,73928,27075,43702,26302,27564,41637,72359,58667,47080,61735,28252,58449,58821,60982,77457,71196,29651,39987,64144,62240,71680,71349,75553,69313,52658,2795,61620,24735,68068,24520,66662,55599,69317,55152,72250,73581,66398,37526,44350,47197,50347,61956,57524,48580,32857,59317,59268,52434,60460,52079,10279,8704,41559,59436,47374,70918,53717,56788,73167,42276,72672,73975,69863,63385,36686,53798,69995,49818,51156,43598,48705,40561,67477,71965,47925,25871,59339,29677,38686,46703,58727,1700,43299,61582,47880,65849,49561,61813,71634,64296,42223,16270
,,,,,,,,,,,,,,,,,,,,,,,,,,,,,,,,,,,,,,,,,,,,,,,,,,,,,,,,,,,,,,,,,,,,,,,,,,,,,,,,,,,,,,,,,,,,,,,,,,,,58243,34622,29530,56437,49489,36793,49517,43306,76705,70305,25761,45638,40684,32086,63558,59077,38791,32473,75918,75999,18622,64094,60864,35643,72667,59285,72459,62564,69747,56412,41026,41578,74607,52933,65504,48120,70318,61269,41024,61319,47566,19343,74145,1609,67809,43418,63039,67917,63610,75378,65382,43238,71209,64009,74926,67598,71656,70676,67430,71951,67339,52990,62539,66493,46625,50678,33104,23471,38395,42468,64043,8318,61578,68678,71123,52879,49586,43903,49878,43932,65019,4515,70474,56141,62723,40493,30531,68605,69703,29359,64653,64826,63271,7538,50423,69230,64783,51087,58153,58250
,,,,,,,,,,,,,,,,,,,,,,,,,,,,,,,,,,,,,,,,,,,,,,,,,,,,,,,,,,,,,,,,,,,,,,,,,,,,,,,,,,,,,,,,,,,,,,,,,,,,31173,31651,43283,44988,73634,50646,65777,67813,69664,68794,47344,28162,45167,63701,71201,52609,64771,9248,31156,8331,72430,73778,69548,75920,60943,65989,71811,60549,72915,48043,25133,20285,8705,412,24925,46871,50608,53345,73910,49822,39801,11616,61731,15463,67211,69940,48719,23087,66302,36794,69487,63347,41230,194,45139,41175,69635,67133,67838,59259,72862,71884,41876,18028,71522,67842,72158,63457,72604,63191,74448,75720,57835,37438,71208,67620,47389,46903,61093,48927,71228,73409,72306,75317,50522,70565,74476,69628,62187,48085,21530,31675,29294,36704,63787,47533,42511,39780,60914,17942
,,,,,,,,,,,,,,,,,,,,,,,,,,,,,,,,,,,,,,,,,,,,,,,,,,,,,,,,,,,,,,,,,,,,,,,,,,,,,,,,,,,,,,,,,,,,,,,,,,,,74221,76943,72979,69054,47273,48998,65275,17811,70177,43438,42252,58813,47673,41640,48617,36349,52890,58467,46546,24201,73382,70921,72992,45137,65492,61373,61372,58162,60137,76589,30226,13127,68850,62855,70715,58059,58653,58771,71034,41052,60160,51863,49887,17405,54191,62874,48651,32284,51770,54006,71526,63273,50747,56329,29356,68689,61599,45919,75910,73494,37428,58774,70450,48379,72645,21209,57801,61281,75501,25831,74083,68536,53984,59614,55402,8771,42092,280,30663,36121,63264,56486,62851,64508,51980,54153,31809,56907,69515,49870,63082,56899,9970,21591,40588,34255,51049,31026,72790,69541
,,,,,,,,,,,,,,,,,,,,,,,,,,,,,,,,,,,,,,,,,,,,,,,,,,,,,,,,,,,,,,,,,,,,,,,,,,,,,,,,,,,,,,,,,,,,,,,,,,,,53005,53221,60769,43263,71488,50348,58624,65260,68481,64846,64787,70478,71819,75227,47483,50589,65974,50779,49685,242,60894,37082,73726,54867,62177,63169,20713,33217,45151,48134,70810,76714,53114,39152,66243,58598,58983,31508,71393,12062,28706,40608,74168,49622,72876,69984,64640,69551,69102,41084,41892,63557,70002,70941,49765,43505,66565,7137,64489,1444,64843,64500,73725,59758,59800,38148,67125,24671,60539,39438,73155,59419,35041,53533,27308,30588,67833,25063,56309,47552,63403,43415,56263,52472,41770,59832,51749,59700,63136,72394,47034,53515,67034,60466,66520,70083,51836,25688,68354,70552
,,,,,,,,,,,,,,,,,,,,,,,,,,,,,,,,,,,,,,,,,,,,,,,,,,,,,,,,,,,,,,,,,,,,,,,,,,,,,,,,,,,,,,,,,,,,,,,,,,,,64768,16173,62243,49918,62517,68436,63241,15304,71628,65879,63607,46557,9821,9038,66933,66316,70585,59571,64552,68794,55880,74360,68600,15837,72976,44904,68345,71256,72897,76785,49551,44941,42292,64687,67753,41035,49128,31331,36718,51522,72311,49681,69006,47296,60597,29070,49172,60083,45975,53173,61492,43002,67532,42540,67949,72511,56138,56149,15701,68569,75005,39723,68301,44269,73062,69848,44864,34017,62562,67342,21229,909,58747,51404,43362,21398,57608,30702,49249,51760,66560,62539,69376,70799,26725,58474,54569,49233,26725,64045,47968,48885,61446,61270,66325,52983,65290,32699,29559,20174
,,,,,,,,,,,,,,,,,,,,,,,,,,,,,,,,,,,,,,,,,,,,,,,,,,,,,,,,,,,,,,,,,,,,,,,,,,,,,,,,,,,,,,,,,,,,,,,,,,,,74305,51923,53579,73341,72302,44760,64627,75092,56954,15399,72486,37447,75414,67413,43831,36739,66474,40722,65348,19055,63221,65257,41083,39348,38836,50315,38081,63426,62199,63706,67521,43566,67929,66675,48190,50134,67253,70793,61993,67152,74732,60582,17961,19255,73089,69290,51136,53507,66446,39833,27656,17093,70731,59929,64314,56720,62935,66052,36578,29659,55775,59126,56006,371,10693,8586,28806,57636,71890,61467,64432,68941,43018,17585,57433,27811,60255,71461,43380,26509,2253,2769,59247,41497,63892,59894,74187,63992,45169,10518,73265,72488,75612,62805,46476,47892,73004,65835,71774,63638
,,,,,,,,,,,,,,,,,,,,,,,,,,,,,,,,,,,,,,,,,,,,,,,,,,,,,,,,,,,,,,,,,,,,,,,,,,,,,,,,,,,,,,,,,,,,,,,,,,,,63162,39104,71695,65922,74962,58265,36364,54402,56544,27554,56723,67396,68406,52170,52595,38752,71745,39550,52200,51455,31179,10693,39905,28872,72044,19691,33358,47049,62811,62572,62262,13524,60502,48820,57134,56230,69516,71152,74542,63127,66762,72461,63592,62536,53758,17282,31240,55530,56551,41825,51457,26055,73030,54026,71199,76397,29067,8029,47777,57423,23684,26491,66973,8150,49228,69501,69560,52528,61977,32902,54583,67078,57890,51735,63675,61009,38340,45261,65929,40702,33118,22346,75535,68898,70783,76289,64870,72667,74381,76338,1839,1348,65540,10859,54767,50110,68023,6842,68870,27998
,,,,,,,,,,,,,,,,,,,,,,,,,,,,,,,,,,,,,,,,,,,,,,,,,,,,,,,,,,,,,,,,,,,,,,,,,,,,,,,,,,,,,,,,,,,,,,,,,,,,68944,20036,46965,48890,40577,36346,57321,52466,70743,60972,20473,38835,54659,28771,27088,40384,67888,70502,58229,56026,31352,46837,58711,12208,48631,39447,34423,6209,68241,7758,34899,38161,55040,52949,63657,62363,47280,55831,42129,1979,63139,28335,59082,63865,66921,35662,42900,30242,64883,51508,44399,71346,9635,53263,74673,44323,64226,63509,59530,38334,72415,28275,15937,60916,11657,52505,60492,42731,69149,72463,62233,51310,67983,69016,37718,50771,58555,53137,66695,61663,74674,49387,65042,52917,49986,16119,63065,60110,41768,3378,74733,25075,65381,60328,21352,57250,74268,59530,40106,51555
,,,,,,,,,,,,,,,,,,,,,,,,,,,,,,,,,,,,,,,,,,,,,,,,,,,,,,,,,,,,,,,,,,,,,,,,,,,,,,,,,,,,,,,,,,,,,,,,,,,,35625,16886,58970,65950,67628,68257,13727,59593,65889,34744,71700,62653,36106,1370,47796,26438,72364,53300,58002,63178,56994,51778,69702,19961,64738,70356,58211,47925,73139,53009,64387,60987,65941,70841,62401,61644,69448,9994,32976,8244,73265,64139,74872,70555,70260,71896,33341,43267,51517,15931,66968,36673,21171,43723,17602,68123,57912,50452,74022,40557,73110,38661,61870,17680,56506,39215,68570,63947,72705,71810,71517,46143,57085,161,68915,72272,73210,72537,25197,58899,50053,58040,62901,68898,71412,22379,55820,36196,73549,66663,41808,28687,68856,365,59616,57340,74549,60747,57878,54861
,,,,,,,,,,,,,,,,,,,,,,,,,,,,,,,,,,,,,,,,,,,,,,,,,,,,,,,,,,,,,,,,,,,,,,,,,,,,,,,,,,,,,,,,,,,,,,,,,,,,69967,71991,63517,51673,38928,37115,55865,10175,72916,38905,55754,36933,56057,9338,63888,65398,70709,61766,63417,32535,64506,63903,65347,30727,27278,69571,4488,9037,70854,51093,66135,30307,58438,65777,44287,28156,61195,69790,68665,74409,61824,43711,69162,63913,11740,313,50585,40985,49055,41108,53884,60442,62588,20799,77467,75696,51364,51659,15458,30363,70757,31366,56673,64766,31909,12024,39763,23384,64366,380,57771,30493,71578,45430,75158,32767,67412,14753,62222,22759,67934,62666,32132,8888,72385,65274,65873,70484,41283,17157,65023,45464,41179,54587,36725,65414,62058,64928,77762,26979
,,,,,,,,,,,,,,,,,,,,,,,,,,,,,,,,,,,,,,,,,,,,,,,,,,,,,,,,,,,,,,,,,,,,,,,,,,,,,,,,,,,,,,,,,,,,,,,,,,,,68942,63441,41077,24783,68538,38300,17857,100,63417,59756,42679,772,35605,56468,9018,8111,62026,11067,45964,46533,77688,76837,59042,67780,49703,67155,35894,12062,77092,45987,71096,75244,76886,53692,64616,67279,50421,50434,65165,15158,68724,71646,74065,66472,60655,41969,43132,49035,33638,28561,72345,67549,63156,10368,69362,60612,76457,64570,72228,10714,64578,61560,76309,72544,70940,53448,70575,50975,73449,64490,53153,9808,66372,70823,67412,71846,50551,55554,39002,16889,74079,66037,7492,1646,49048,71170,68883,1568,54108,60180,58859,4186,37843,67360,54348,43246,40862,63792,50231,53740
,,,,,,,,,,,,,,,,,,,,,,,,,,,,,,,,,,,,,,,,,,,,,,,,,,,,,,,,,,,,,,,,,,,,,,,,,,,,,,,,,,,,,,,,,,,,,,,,,,,,61548,8538,69888,20316,46606,55685,53372,58662,872,626,67244,40164,72495,59068,63569,37943,36963,64138,65928,64248,56237,43691,25180,64060,65223,65092,68422,56602,56419,66029,74640,33317,51022,62922,63761,68697,67237,65762,64395,28572,46314,39747,19983,38383,51496,36146,34979,45006,45548,61227,64408,76046,67223,43734,70626,25729,63481,68321,26549,21100,76566,38901,74892,51710,45447,31490,66003,8657,18535,15059,53085,52403,54537,61338,60023,34910,37998,60093,60917,51716,49179,59597,63251,55147,35092,19105,58349,30759,75749,60931,28165,73788,49987,18703,63655,68059,44320,44272,62095,60733
,,,,,,,,,,,,,,,,,,,,,,,,,,,,,,,,,,,,,,,,,,,,,,,,,,,,,,,,,,,,,,,,,,,,,,,,,,,,,,,,,,,,,,,,,,,,,,,,,,,,67151,24914,63889,63173,37088,37011,50689,26503,54877,58113,67412,70165,70957,30267,72703,74184,73638,63783,58687,45370,69639,56164,63681,47931,65247,70150,68059,54824,74615,74265,71922,74701,74321,71392,47514,48280,61555,55862,42338,41915,66353,64890,53332,66037,11449,63352,68765,27204,32686,279,27181,30092,73823,44501,75313,52455,69590,59188,64309,44747,64779,65557,21268,481,53598,50360,50227,43780,67884,63474,75759,74240,71912,52298,61435,50517,71852,71722,75973,60344,72479,55717,52302,73692,74135,53117,71895,19141,74200,67032,50991,55277,63209,66749,56265,47874,72571,72261,31980,32836
,,,,,,,,,,,,,,,,,,,,,,,,,,,,,,,,,,,,,,,,,,,,,,,,,,,,,,,,,,,,,,,,,,,,,,,,,,,,,,,,,,,,,,,,,,,,,,,,,,,,28292,47712,35893,64442,52971,49060,41249,54408,37362,37936,57658,35426,77376,71918,72750,73476,28093,33202,55935,70028,64471,63407,60171,17667,39585,67289,69537,47263,74385,44730,67852,32670,35585,39284,38772,35427,69315,55832,59439,56346,71236,73464,72061,71726,34193,59836,38733,77399,72435,66964,56519,60653,52135,34254,78079,48153,69832,56218,45260,11005,48157,50429,65717,56049,71111,65427,69511,48756,73403,70022,68902,41512,57314,51957,73529,58077,65509,62663,35672,37210,40214,43649,63559,62192,51884,69472,20100,26464,64173,67293,40633,55643,70520,57283,65544,69565,59513,26466,41436,32727
,,,,,,,,,,,,,,,,,,,,,,,,,,,,,,,,,,,,,,,,,,,,,,,,,,,,,,,,,,,,,,,,,,,,,,,,,,,,,,,,,,,,,,,,,,,,,,,,,,,,70071,46345,66492,716,75190,76385,70062,22340,41053,50907,68172,12105,64018,40974,60663,60625,44717,44239,50196,407,60519,63833,71519,74504,65933,45612,20071,1250,66712,63441,69782,37361,60021,52973,53464,51774,41854,59058,280,53162,69474,57149,70541,61603,22246,19704,61764,61004,62978,24006,69720,29194,71181,58213,20516,56982,68977,57759,69324,59262,70268,62369,42372,74659,16019,15459,60294,63626,63734,68432,55996,26139,71952,71866,72006,49285,66769,55528,52817,63644,58032,66197,54274,44249,32300,60617,66680,18656,64150,68093,67858,62946,64831,47017,55938,33217,63749,65591,59534,56912
,,,,,,,,,,,,,,,,,,,,,,,,,,,,,,,,,,,,,,,,,,,,,,,,,,,,,,,,,,,,,,,,,,,,,,,,,,,,,,,,,,,,,,,,,,,,,,,,,,,,71339,65170,68425,29683,70837,47387,54779,74882,69767,70144,67170,64864,72209,68294,65478,18345,57763,60259,68696,65516,68642,11654,69617,60040,68408,1287,52452,30977,72509,64688,28846,65539,42819,54909,47413,65176,61497,64919,50080,37531,75336,70479,60546,6907,54515,71822,57879,65742,68936,63373,70506,71855,75363,73008,64471,31877,76089,63910,58758,56221,39034,24002,35991,34172,65174,60530,44417,21141,39273,6718,65002,41791,57550,21641,65814,61128,57415,31851,72228,68448,76289,66892,67357,65267,69982,50766,58035,62466,58307,66309,58724,59028,55957,31503,59755,4971,68792,55956,69635,750
,,,,,,,,,,,,,,,,,,,,,,,,,,,,,,,,,,,,,,,,,,,,,,,,,,,,,,,,,,,,,,,,,,,,,,,,,,,,,,,,,,,,,,,,,,,,,,,,,,,,32129,57505,53139,17696,71802,62323,71713,69923,69923,59607,74853,42297,72564,70729,55121,694,26133,68691,64877,69982,38652,62066,59201,37537,45149,59667,61633,36624,58773,57541,53783,28419,61419,44184,59183,61556,65825,69046,9537,17894,54547,33716,63944,59019,37811,38505,70076,59180,59631,70205,54563,10811,75031,47801,70347,64977,74252,50539,66408,17089,67078,71937,74841,73017,59702,18560,66410,62959,54557,44612,72051,58675,25076,30183,70066,23373,69122,47806,24537,15772,38760,54634,66799,42697,64055,69771,72056,69532,71103,63765,74012,61119,35916,6278,60090,74026,67790,38732,68774,47119
,,,,,,,,,,,,,,,,,,,,,,,,,,,,,,,,,,,,,,,,,,,,,,,,,,,,,,,,,,,,,,,,,,,,,,,,,,,,,,,,,,,,,,,,,,,,,,,,,,,,62723,67243,72711,47183,69976,16387,67341,69517,61137,50862,23532,33488,61994,3996,68453,71976,55675,52875,65075,39311,74624,71033,58115,55451,73751,67424,27035,26617,26836,34918,42698,54516,71115,68752,74365,54021,73343,71837,63298,63891,43221,74477,65943,56330,71375,47923,58510,67001,40744,60913,65832,63061,51062,41850,61405,45745,38980,54866,72190,74458,61142,27511,67267,33611,61468,63190,65956,61532,56535,50992,51182,50556,68714,40151,46317,881,66782,61869,24688,27537,63588,48948,817,504,69591,59768,74348,51260,48689,61239,62161,34328,73753,40588,72981,70839,60850,69520,58148,23460
,,,,,,,,,,,,,,,,,,,,,,,,,,,,,,,,,,,,,,,,,,,,,,,,,,,,,,,,,,,,,,,,,,,,,,,,,,,,,,,,,,,,,,,,,,,,,,,,,,,,57882,56988,52922,59856,67263,57717,55691,41621,66230,61295,59966,61382,75503,38641,72854,29524,38519,384,71637,69016,28941,30831,63679,16624,52146,70937,69713,47023,74773,14300,65287,27764,70339,61500,33974,31637,50275,41031,73963,71381,74316,56938,65067,31313,71352,23327,65165,33629,70791,26324,68773,38642,59646,72412,72225,39595,37344,29614,71442,57419,67846,66634,61585,41245,67784,54886,67197,33685,60117,75485,72950,63999,52276,56805,66646,10572,65912,56101,45299,53669,66742,74137,59506,32603,73661,66980,68448,61297,59802,59386,70617,70721,63895,68860,56767,51751,68988,39795,24141,17822
,,,,,,,,,,,,,,,,,,,,,,,,,,,,,,,,,,,,,,,,,,,,,,,,,,,,,,,,,,,,,,,,,,,,,,,,,,,,,,,,,,,,,,,,,,,,,,,,,,,,48809,46814,61622,17058,47311,33610,68819,7742,62458,19144,48509,64962,68671,72202,71235,74791,37062,30149,59547,67501,52222,58693,32087,38460,55257,67490,17332,31548,34114,65404,40719,59172,73319,38880,57036,36195,43640,29706,69390,59133,58883,49978,29847,46478,51021,53537,73697,66486,60888,64143,63197,36317,31218,15585,60474,192,74865,70838,51221,64660,28033,45734,63301,547,48948,31475,61475,27039,60106,61180,44340,40459,53920,60336,50601,55350,71871,39589,69642,61888,64746,18119,53660,60753,63250,73780,50068,56396,75327,60414,32984,59773,70941,54709,39507,8967,70117,56423,75959,72323
,,,,,,,,,,,,,,,,,,,,,,,,,,,,,,,,,,,,,,,,,,,,,,,,,,,,,,,,,,,,,,,,,,,,,,,,,,,,,,,,,,,,,,,,,,,,,,,,,,,,59482,63750,27888,33964,64649,69232,64242,66331,42289,43031,60627,36444,51236,64513,44438,59902,72383,31176,40245,53809,68667,67113,66893,42174,73868,52840,67407,59545,58762,62670,45803,38627,68382,60388,54168,10335,8811,56403,69893,71492,56737,45595,61542,46451,73486,62881,74931,62022,57819,73268,70888,53675,50003,54534,74144,67908,68346,35494,49447,43386,63737,39607,48261,54528,66360,56975,63232,73256,50035,49298,44204,50005,60703,1452,8856,28118,44886,47214,52109,32703,9403,20949,63858,25696,69332,46341,70214,57695,74606,45325,18782,3438,58006,61188,29495,2244,23436,76691,69741,8483
,,,,,,,,,,,,,,,,,,,,,,,,,,,,,,,,,,,,,,,,,,,,,,,,,,,,,,,,,,,,,,,,,,,,,,,,,,,,,,,,,,,,,,,,,,,,,,,,,,,,61098,69617,70645,45428,31738,35500,69361,65154,53203,55354,69493,58329,64410,60116,70116,73544,68639,50880,55820,51285,42006,51089,62455,40998,51368,38470,63202,67357,50089,55026,57997,47245,62481,49417,21460,58970,70408,73770,45102,49358,467,826,77379,66446,73182,51949,70519,22379,74261,72964,64033,52932,19269,14598,62157,56610,45191,58516,32422,62620,49614,67625,70155,66855,63603,67645,46510,18370,63740,62723,67551,56301,32661,40799,72380,42135,64403,63744,49238,56898,71431,72582,72727,68305,49228,41751,49491,29921,51041,62448,68752,72019,48106,58323,69685,73475,65438,71251,39012,50729
,,,,,,,,,,,,,,,,,,,,,,,,,,,,,,,,,,,,,,,,,,,,,,,,,,,,,,,,,,,,,,,,,,,,,,,,,,,,,,,,,,,,,,,,,,,,,,,,,,,,52144,36171,15650,18495,60304,52677,74201,73798,73574,74680,70564,70431,29755,49807,65843,3491,30831,64244,64806,42494,72573,70432,71484,62440,68679,31406,71286,68716,27338,597,74680,45024,54653,43878,63505,62914,51281,47023,71013,44193,73097,70775,37049,44089,16869,33932,65275,50040,73920,49900,48267,18560,64108,69987,61829,69801,63818,74335,47843,40466,69744,72042,54421,1428,43565,50229,26332,23463,4407,8658,42512,72052,70043,42136,32951,32970,77936,34609,24032,74113,72604,28403,58111,49348,49910,43898,61205,8171,69761,45234,47740,43269,72550,69881,58299,38157,45490,21324,67714,15737
,,,,,,,,,,,,,,,,,,,,,,,,,,,,,,,,,,,,,,,,,,,,,,,,,,,,,,,,,,,,,,,,,,,,,,,,,,,,,,,,,,,,,,,,,,,,,,,,,,,,62975,18562,62630,36977,68898,55288,46605,27235,67545,68985,25585,32935,31128,42665,71650,70604,73425,66441,58762,53692,29670,58653,54959,63579,67027,40561,57450,29597,70274,64427,31735,1785,43008,50663,64190,12138,51746,60618,41631,42165,74468,69623,69982,65474,67152,39306,71036,40291,67650,38816,70345,69516,74563,48500,76661,73577,63944,62148,41175,53312,61886,29805,61986,19442,55992,53858,70682,66528,67323,59830,72933,61043,59734,67737,69485,26310,57977,51909,49287,29159,38466,35858,74785,53959,54147,50962,53185,58545,71808,52946,75424,16505,27922,62676,61134,11515,62672,58559,75958,71778
,,,,,,,,,,,,,,,,,,,,,,,,,,,,,,,,,,,,,,,,,,,,,,,,,,,,,,,,,,,,,,,,,,,,,,,,,,,,,,,,,,,,,,,,,,,,,,,,,,,,52821,22304,51498,13078,70080,53676,62669,71099,70907,55141,74740,55310,57998,39273,48655,369,33484,29901,68903,73193,70822,71878,69255,633,69872,56385,68421,58440,58423,48620,70015,59155,53518,57349,54918,48470,67994,42958,75022,67560,68211,69929,74554,59276,48774,5623,73523,72046,74803,67597,56918,57341,68391,71294,6416,22791,64044,58021,56275,60405,45497,37856,63126,61977,71955,51066,52068,63939,64206,54078,71549,66578,43205,50061,73313,60267,55196,53611,71934,65294,70915,24155,60224,62197,71510,68050,61173,3774,52714,68453,51328,62531,72846,30219,66903,66064,69058,54679,65321,16704
,,,,,,,,,,,,,,,,,,,,,,,,,,,,,,,,,,,,,,,,,,,,,,,,,,,,,,,,,,,,,,,,,,,,,,,,,,,,,,,,,,,,,,,,,,,,,,,,,,,,52971,10715,73652,74316,73313,73739,64239,50225,67698,66907,59779,58055,50901,29842,47713,61018,55964,41522,72650,67538,74724,69078,66471,31421,48563,37221,69770,61942,5010,49302,55442,67588,66194,69761,62997,49047,72601,48738,69942,42013,71416,71798,60218,58885,38403,9317,63728,68227,50661,39672,63275,63972,50982,36078,65223,30341,62326,25841,26001,65861,24787,51547,59802,59528,61057,8403,30902,40264,69165,10059,70829,61245,69371,63511,69793,66000,56334,65229,74706,71137,18354,64007,30831,12385,69452,73627,75049,44159,59042,53638,58701,65645,55114,32265,73220,70864,55417,73130,61379,73375
,,,,,,,,,,,,,,,,,,,,,,,,,,,,,,,,,,,,,,,,,,,,,,,,,,,,,,,,,,,,,,,,,,,,,,,,,,,,,,,,,,,,,,,,,,,,,,,,,,,,67925,63557,48165,51913,75786,73360,44503,52214,36396,7501,74053,63067,74432,74187,62163,56037,73325,57451,63065,10764,71128,2536,67506,60842,31794,10288,10905,9253,58514,50759,68172,60002,59282,51948,63771,40899,74446,40898,65902,50437,74056,67058,28088,27971,55947,56049,53946,46680,54742,32496,70556,65207,46153,6324,71188,75328,61896,42804,54761,8322,66157,56093,64410,58848,76987,74816,64601,12873,72589,62099,28823,11816,60833,64200,58721,14726,56581,54900,65145,56058,32928,39690,41961,9789,72581,59823,68853,56830,32416,18088,42159,32564,17284,65956,52446,59604,53392,70540,70299,43650
,,,,,,,,,,,,,,,,,,,,,,,,,,,,,,,,,,,,,,,,,,,,,,,,,,,,,,,,,,,,,,,,,,,,,,,,,,,,,,,,,,,,,,,,,,,,,,,,,,,,54862,65188,70740,27336,49290,56155,41873,16699,68746,35368,66686,69147,43985,40808,69969,75020,58109,63511,21924,67590,41653,26603,42347,32775,54875,45808,74285,60996,40018,31807,29637,27993,36590,59560,69457,29902,44954,51557,70830,58860,70799,67520,62262,67943,61179,58049,56806,54968,67828,29765,57006,49363,60259,58526,72415,43038,48586,59176,56196,41148,33570,24932,43908,39607,70685,55677,55657,68861,51081,65014,68386,70214,59012,69746,57349,50404,64877,11312,68207,21532,71754,72661,19869,1905,42890,59462,9725,2696,64697,57428,29454,32279,69881,47649,73466,72857,53095,70108,57955,10414
,,,,,,,,,,,,,,,,,,,,,,,,,,,,,,,,,,,,,,,,,,,,,,,,,,,,,,,,,,,,,,,,,,,,,,,,,,,,,,,,,,,,,,,,,,,,,,,,,,,,54869,42524,68204,72684,63761,59787,59160,60469,68396,65786,47810,46399,73740,40099,73254,62707,64102,61000,69389,42770,62628,15660,75048,44158,32890,16537,66041,4279,73258,69463,73945,69746,55628,41434,74001,77808,57740,64099,21047,34818,44503,70360,66643,73615,36815,33527,40703,74126,39939,38447,63777,58593,32300,60579,72157,64155,69037,40251,40974,37462,62906,71583,47198,69678,66582,53265,72330,73459,65111,67132,71890,18427,36547,8596,24816,15748,55451,63902,29747,1153,44264,46349,62598,70375,67748,38851,74584,37267,58531,40397,67993,52738,41878,11794,72251,73508,68908,54167,35391,16178
,,,,,,,,,,,,,,,,,,,,,,,,,,,,,,,,,,,,,,,,,,,,,,,,,,,,,,,,,,,,,,,,,,,,,,,,,,,,,,,,,,,,,,,,,,,,,,,,,,,,44089,10223,49831,16184,44309,58948,25065,23568,69273,41290,69047,59459,56145,36801,60601,70152,73571,70135,31059,45067,59144,49022,42914,11715,55447,45055,65502,44795,59183,19174,77178,75606,48870,303,71669,71832,71408,67556,22442,13083,61422,73570,60960,74148,74537,58756,62203,64525,63471,15995,64160,22897,70497,37035,73081,46288,74287,70234,1946,5228,58077,44662,8312,68757,73146,63747,66810,72610,64314,71625,68944,64839,75863,46079,71833,56441,70687,47515,59349,62972,73286,41507,72517,69795,65220,25228,46633,44038,61657,59872,65264,58690,15034,41252,62518,62893,65444,56738,68882,63472
,,,,,,,,,,,,,,,,,,,,,,,,,,,,,,,,,,,,,,,,,,,,,,,,,,,,,,,,,,,,,,,,,,,,,,,,,,,,,,,,,,,,,,,,,,,,,,,,,,,,71690,40035,60555,60642,52261,43230,74423,14905,67641,67903,52484,41061,53006,70546,39499,49203,10706,59052,20662,52181,59182,40624,70989,45335,66110,18746,70730,35469,33811,71478,69978,19815,62546,10667,70718,73899,70852,74803,70926,63277,71934,60141,69061,63297,20800,15256,69345,71216,62146,55166,61512,5369,25357,46753,53058,31414,70987,63490,56990,43703,67408,63163,71068,3332,29674,67493,70718,70748,71452,22214,49997,51701,64703,57419,71015,72507,54742,60852,16783,68468,66725,65282,69206,38891,33210,50680,67735,71523,57751,23344,73376,52547,69817,67806,65279,58196,8853,45228,69890,18805
,,,,,,,,,,,,,,,,,,,,,,,,,,,,,,,,,,,,,,,,,,,,,,,,,,,,,,,,,,,,,,,,,,,,,,,,,,,,,,,,,,,,,,,,,,,,,,,,,,,,33070,1056,61622,65925,52888,17360,61962,64692,27346,50801,60926,51949,66355,71190,61317,67505,69419,51391,49411,36740,59306,47414,67334,49328,74504,2002,77040,67840,68797,56635,64259,72511,69526,69064,67270,59273,46294,37459,19793,814,70516,15347,69082,24525,60278,39653,44533,51784,41725,67042,73211,54667,64017,56116,62017,56393,73439,64537,65975,68311,53438,725,58651,22475,64451,65375,52284,33472,61049,63399,44578,127,47775,37440,66344,59629,70909,60442,44073,32275,63193,38121,70219,60634,54514,47813,35744,30184,48790,43476,49719,10009,67755,24523,48166,8756,37251,27421,68541,61047
,,,,,,,,,,,,,,,,,,,,,,,,,,,,,,,,,,,,,,,,,,,,,,,,,,,,,,,,,,,,,,,,,,,,,,,,,,,,,,,,,,,,,,,,,,,,,,,,,,,,70859,67578,75239,72633,51554,2520,31543,23995,74444,72804,72803,13594,63999,65271,49540,45937,51275,56618,63212,62092,12111,8646,61155,61479,73377,68227,68839,50346,64360,67154,54654,58948,66255,8372,62128,51352,69880,66776,67594,219,66873,69231,53836,58179,65913,44995,52135,50015,18555,21864,10345,27924,48647,68712,77418,71990,49439,40340,51696,43483,74557,26955,69795,73757,40668,76748,67639,64623,73103,57926,48856,24830,55559,65385,75720,75097,69058,9020,49462,745,20864,67299,30939,35341,27306,8897,8534,34576,38414,46845,31953,30258,52031,58408,68685,50626,71630,67335,41783,23379
,,,,,,,,,,,,,,,,,,,,,,,,,,,,,,,,,,,,,,,,,,,,,,,,,,,,,,,,,,,,,,,,,,,,,,,,,,,,,,,,,,,,,,,,,,,,,,,,,,,,60510,54880,71995,41882,64621,11150,73607,70222,66147,62227,59806,53699,53759,45044,58608,64624,72780,30540,72798,71872,41471,55064,72209,61870,72970,39570,57123,25890,69775,73028,55006,12275,70640,64776,69283,64410,72636,67229,57957,64708,23381,31522,73138,27657,53309,33546,71750,30950,66076,41253,53497,71637,66865,60520,39644,28492,47906,14495,56024,53817,73008,74782,61662,13194,45992,46326,77672,25115,65051,25508,71964,66568,55137,49638,73662,43319,45175,69264,64796,49954,44325,55746,66251,24974,49165,58471,63893,64655,36465,62082,69844,47309,38070,28886,49031,42677,41995,47050,68598,66465
,,,,,,,,,,,,,,,,,,,,,,,,,,,,,,,,,,,,,,,,,,,,,,,,,,,,,,,,,,,,,,,,,,,,,,,,,,,,,,,,,,,,,,,,,,,,,,,,,,,,66016,50689,11358,40876,49879,36417,71379,75126,73951,58101,37380,29546,36720,11467,56864,52716,60467,29302,68167,7736,73990,76633,70411,44353,46519,43984,62925,66195,72925,67539,44443,48033,59002,69475,22894,35128,54982,32573,70657,69358,42003,45794,60848,61420,59946,38047,63843,69384,29541,19939,70317,60064,72866,69293,70713,62786,55801,66359,70635,41300,46364,50921,43735,21792,79277,69275,75878,74597,75911,70777,75454,68849,69913,67713,63651,63089,75662,75837,68486,73847,24081,59339,64562,1373,64532,56634,27903,1441,68857,33214,70547,19969,62998,62027,67576,72300,60092,47489,74987,61291
,,,,,,,,,,,,,,,,,,,,,,,,,,,,,,,,,,,,,,,,,,,,,,,,,,,,,,,,,,,,,,,,,,,,,,,,,,,,,,,,,,,,,,,,,,,,,,,,,,,,69188,65675,28393,43359,51590,67636,68799,48380,46079,58231,71665,71766,67233,70815,51068,25533,68328,58867,64095,72663,69554,8347,71092,73739,74682,73588,55269,59967,68500,72406,54800,59278,59344,55351,56949,2750,73416,31544,69551,57398,43288,61419,55188,39471,67227,45182,72582,45741,72143,23537,55585,32190,15743,15581,52480,53625,5517,16997,74462,69831,41160,58673,42252,69822,73476,57870,75023,46567,74183,70403,56144,3753,66544,74336,62024,72106,49821,55254,62794,742,66544,65428,57657,48469,48912,55604,60030,69059,72559,38304,50043,60717,33122,60265,31357,40154,61860,59353,68799,65340
,,,,,,,,,,,,,,,,,,,,,,,,,,,,,,,,,,,,,,,,,,,,,,,,,,,,,,,,,,,,,,,,,,,,,,,,,,,,,,,,,,,,,,,,,,,,,,,,,,,,35652,34303,64935,37478,75330,73495,74980,69295,71013,68243,59659,25329,65839,60376,74213,1170,63881,35634,67103,69463,61787,67404,49367,65228,65438,45119,71710,13870,44797,61684,42736,19627,63800,41993,69106,63348,40041,45918,15778,9917,65229,10259,65753,7623,29977,56492,74226,70122,70361,69911,69746,45182,66072,74501,69044,68223,64481,55015,73962,63472,49134,68991,30934,62030,53257,61707,18786,74152,63918,76533,34683,2996,62016,63878,70398,30082,71700,17512,63026,6353,50277,60474,50504,9470,70311,50981,55125,64128,58023,39590,29964,66557,72749,51630,50149,45992,68663,65070,69971,46771
,,,,,,,,,,,,,,,,,,,,,,,,,,,,,,,,,,,,,,,,,,,,,,,,,,,,,,,,,,,,,,,,,,,,,,,,,,,,,,,,,,,,,,,,,,,,,,,,,,,,60243,58380,72233,71916,32255,10476,63952,69907,71050,44585,55480,43036,61400,71368,65560,70643,57088,68767,56490,53900,33568,1883,42042,18339,67512,1179,62339,57909,45799,45859,73296,61359,72068,9819,68919,75244,68085,72357,64795,59101,24410,6661,52157,60796,46846,42921,38972,440,71343,29433,71655,65944,72224,71950,64783,60496,68770,61897,43708,382,36248,50958,67707,64450,68937,73829,60504,71601,45196,2831,66831,69425,55446,50554,49249,61988,74280,51722,66928,31913,75129,74918,58996,48498,25847,30748,59843,17328,72632,53538,72376,64165,56249,49638,73669,9428,57604,45328,74773,39136
,,,,,,,,,,,,,,,,,,,,,,,,,,,,,,,,,,,,,,,,,,,,,,,,,,,,,,,,,,,,,,,,,,,,,,,,,,,,,,,,,,,,,,,,,,,,,,,,,,,,50938,9006,35870,17565,22583,53737,65993,53486,53601,66697,16988,2151,28915,50102,41949,28940,61335,54610,21081,57586,52827,40857,69818,77130,69528,23936,71993,63213,57736,58319,43641,32811,38775,21762,63965,71641,67719,61802,62923,72591,40826,46138,62564,51169,65014,56045,67918,70725,50055,46264,51810,317,74027,77122,59165,51319,65954,21868,61803,46663,23571,63452,67339,52953,16573,1721,74691,58738,58927,1851,69505,73617,17574,54584,46625,39676,60858,13765,54646,53636,46489,40160,58826,65101,44617,22108,71812,66445,54839,48886,65773,23394,64753,70488,61976,67533,76112,1516,76066,51377
,,,,,,,,,,,,,,,,,,,,,,,,,,,,,,,,,,,,,,,,,,,,,,,,,,,,,,,,,,,,,,,,,,,,,,,,,,,,,,,,,,,,,,,,,,,,,,,,,,,,70920,74800,70872,65574,70663,71735,68344,64158,67580,37445,68006,70951,34585,28996,55900,46858,76785,47631,67943,35555,65575,64733,75010,71927,63952,46408,36755,56169,70123,70219,15666,22302,8470,9096,60671,70442,54753,29733,71072,68106,65038,67905,50949,58412,65595,59812,33899,38479,73946,59839,64168,239,64838,49367,52032,50342,66658,73139,41660,39551,51704,36014,62674,44789,71680,74459,52663,38825,61985,43710,52148,68334,62857,62063,55043,53292,77186,78875,52602,12902,61310,37817,73725,38007,61932,71751,66111,12341,42876,64275,59956,57335,56756,64469,18118,48153,71831,61647,7049,8684
,,,,,,,,,,,,,,,,,,,,,,,,,,,,,,,,,,,,,,,,,,,,,,,,,,,,,,,,,,,,,,,,,,,,,,,,,,,,,,,,,,,,,,,,,,,,,,,,,,,,68147,32610,43197,1162,74549,69242,51959,67353,33690,53973,54565,28428,63106,61027,52605,12582,11343,25468,56688,35648,68998,56267,51837,65959,69043,1475,76238,67321,60045,63402,76570,67926,69747,57927,69261,37335,60216,749,67156,69412,27298,3337,69325,44766,26249,41843,67741,70599,24292,33606,10686,37310,57913,57557,72412,27580,68253,75382,70240,62609,24995,34734,67460,16884,54583,58325,63840,64831,76733,61455,58491,50018,51640,71504,28467,22982,56857,50722,43621,66005,69398,27508,73532,73508,55696,41790,72063,46704,21176,70475,76587,67690,62433,28578,67722,51945,63657,58531,37247,55980
,,,,,,,,,,,,,,,,,,,,,,,,,,,,,,,,,,,,,,,,,,,,,,,,,,,,,,,,,,,,,,,,,,,,,,,,,,,,,,,,,,,,,,,,,,,,,,,,,,,,67782,58839,53629,14323,24726,23185,72654,71712,26087,56859,58693,43049,50657,56942,51083,29257,68676,7393,227,663,37438,74724,48639,47782,57187,38023,71608,59675,65283,74814,59626,65950,49505,33692,61989,63896,53873,21431,63324,8382,37952,57165,51386,72973,70391,69375,60838,71215,54609,49235,74253,77155,73077,59025,47785,65233,52509,66400,49763,51400,72233,72313,73073,18441,65397,64132,64425,64570,70694,57737,46948,1391,45483,28029,39159,34900,63715,71240,65936,44956,42905,141,70941,56624,53793,57964,62429,61323,62235,59671,49899,60995,70943,51779,68207,20303,64073,49800,73514,43459
,,,,,,,,,,,,,,,,,,,,,,,,,,,,,,,,,,,,,,,,,,,,,,,,,,,,,,,,,,,,,,,,,,,,,,,,,,,,,,,,,,,,,,,,,,,,,,,,,,,,30930,42895,69991,62803,62072,75052,46569,42195,65876,69058,62048,49912,62719,55821,42034,51244,66622,64276,72792,63526,47774,26213,68220,69747,44164,54667,73672,72666,56762,7835,75918,68647,61881,38824,63787,67213,59598,66822,71915,70562,53204,63810,9816,66558,72548,59974,68840,39349,2258,7232,18653,14420,68604,55497,56999,42795,62757,64089,70351,74806,67515,1356,75992,74037,60464,34457,57719,6073,48957,30314,71941,64881,41359,38573,62175,60838,68534,69024,64070,3192,67397,16722,40818,40460,73746,72719,40346,54846,32988,26153,77204,71708,74340,66800,73267,74380,66212,65557,59988,64372
,,,,,,,,,,,,,,,,,,,,,,,,,,,,,,,,,,,,,,,,,,,,,,,,,,,,,,,,,,,,,,,,,,,,,,,,,,,,,,,,,,,,,,,,,,,,,,,,,,,,70101,68643,63579,14897,55800,10543,23701,70544,45848,31205,69595,72642,61012,48640,37175,68817,70276,53564,41643,17281,64489,37522,58502,3535,68155,61724,52030,66984,67855,39694,70364,32664,73421,60604,72534,62654,60205,13582,70172,57955,51678,54194,67444,67113,68213,8458,32832,9591,11400,16466,71326,59599,23248,65708,54877,55834,65410,67945,67226,76427,56131,12387,73337,71086,48640,53005,8248,10871,50498,41717,67357,49553,16575,73703,56229,50486,53131,6475,47174,29904,47319,52901,30252,70071,67458,62507,64566,71317,22945,28913,55662,56794,71229,484,66214,29917,70851,73002,66044,8119
,,,,,,,,,,,,,,,,,,,,,,,,,,,,,,,,,,,,,,,,,,,,,,,,,,,,,,,,,,,,,,,,,,,,,,,,,,,,,,,,,,,,,,,,,,,,,,,,,,,,26540,22441,44307,60130,68881,19717,21344,53544,73694,64520,51037,53802,22940,23326,73312,63447,74196,70555,5672,8303,57263,26693,40464,57001,75109,72718,66929,29257,57875,16393,70345,72002,54165,64896,46634,56159,53322,56573,71696,59007,64927,1398,38799,44364,69009,12926,72673,71967,72388,56561,67708,69304,68236,68732,64746,69467,62479,49609,59876,7744,68976,60776,56223,62951,47206,59739,71678,75495,63279,61881,55657,345,60629,46551,40422,1465,75614,73925,47753,4758,68391,28357,73107,62143,70721,47436,72674,69522,25604,46221,6043,825,34777,22185,75973,68012,9701,9958,66060,54053
,,,,,,,,,,,,,,,,,,,,,,,,,,,,,,,,,,,,,,,,,,,,,,,,,,,,,,,,,,,,,,,,,,,,,,,,,,,,,,,,,,,,,,,,,,,,,,,,,,,,72023,68954,77671,70684,66506,48523,47783,34695,69121,2211,71334,66764,59864,30063,51203,29838,69714,16845,38581,64133,67397,65283,52139,21957,63693,58203,9547,18752,76924,73153,55795,11819,60616,10399,54332,58469,67156,72649,65188,55873,71009,64207,72488,65293,58932,55882,73837,60713,65446,8114,67647,61434,60573,42157,64536,58119,30697,16544,69769,68154,63462,11101,54325,72976,71927,56918,64613,51836,55637,24794,66755,49352,66262,59872,51071,59010,64951,53266,72787,33403,43257,63057,46595,7687,67955,41114,64389,57882,64181,38822,23109,38277,50684,52890,70099,67991,47977,51512,58281,71146
,,,,,,,,,,,,,,,,,,,,,,,,,,,,,,,,,,,,,,,,,,,,,,,,,,,,,,,,,,,,,,,,,,,,,,,,,,,,,,,,,,,,,,,,,,,,,,,,,,,,61946,72800,66236,61079,74152,63744,68787,23723,65225,60208,69471,64188,39243,28422,74083,62805,65623,66641,19757,49193,68804,58680,76156,60698,42777,56568,71995,65549,77487,70089,20322,75116,65539,68281,65470,20721,76030,70383,70327,62463,31237,24163,34876,71034,66961,61003,44375,50279,65479,72645,53585,67425,63208,58721,61549,40149,64034,70578,39416,46980,67412,50554,66335,41733,73908,73952,35065,75583,66906,46044,70035,38344,48950,50348,64294,177,58797,53721,69729,10291,65041,595,60246,72869,59060,501,65497,60737,67206,60023,65365,59364,56249,65499,66468,60794,74454,60908,51257,25189
,,,,,,,,,,,,,,,,,,,,,,,,,,,,,,,,,,,,,,,,,,,,,,,,,,,,,,,,,,,,,,,,,,,,,,,,,,,,,,,,,,,,,,,,,,,,,,,,,,,,66065,70802,49031,58608,66655,29949,54071,23009,53389,49696,49116,23477,60223,50044,59531,61558,66608,665,54430,57755,18532,17765,42325,58099,77022,71922,63899,48109,70033,52992,70634,55121,71411,69060,50386,55116,18593,74345,66122,32043,59737,26689,17118,28442,34426,71532,42933,33120,29095,59498,74851,66495,74018,70961,72059,67981,38518,30901,53126,43942,72961,71163,53346,31915,57951,46182,53476,44114,48397,36284,23221,45915,30232,10562,72242,58907,11449,8368,66328,30878,56383,43316,67946,48908,26704,8170,73231,73499,60741,67912,39655,47452,67564,54483,57117,35435,58636,23817,60695,42015
,,,,,,,,,,,,,,,,,,,,,,,,,,,,,,,,,,,,,,,,,,,,,,,,,,,,,,,,,,,,,,,,,,,,,,,,,,,,,,,,,,,,,,,,,,,,,,,,,,,,56816,29916,27094,46402,62151,66663,64387,57546,15979,14692,63250,43322,51382,51497,70106,66060,71287,18781,66284,59179,63491,70411,68990,58782,44528,47021,72196,1511,54787,56177,39364,35133,37927,3350,60583,51672,71353,26865,50851,35559,53552,29113,59202,69222,3502,861,30379,29133,60935,66734,65830,67322,59295,53843,65687,11796,62786,66518,67387,41492,43820,47820,67701,69393,62681,63921,47805,69353,57577,34228,11459,37764,52933,53765,57162,29477,75469,60157,22145,362,62467,23507,33706,62980,69474,315,68770,69956,62447,1334,41813,7814,18208,37842,73032,53860,37321,61778,54735,47938
,,,,,,,,,,,,,,,,,,,,,,,,,,,,,,,,,,,,,,,,,,,,,,,,,,,,,,,,,,,,,,,,,,,,,,,,,,,,,,,,,,,,,,,,,,,,,,,,,,,,38897,45895,75002,61947,49317,45001,48255,45484,37551,44435,51059,65443,66942,59371,72386,50003,59605,48248,72438,56813,50704,60215,22172,67442,66522,66716,51804,58468,46601,24188,71835,37774,50829,50810,53161,11249,47133,51576,57532,70677,75185,72453,66215,50295,52221,30734,71166,53622,71375,36844,63530,1801,48819,47008,75293,69933,30919,68016,70684,63106,46413,35194,37844,44260,54694,34964,27473,15825,56850,42175,46824,52140,75394,69638,43653,59434,31974,58989,48540,41390,45618,44976,34760,67276,71513,59951,66601,71011,69202,68850,72121,56291,47830,55614,50723,33369,45369,55624,67004,16268
,,,,,,,,,,,,,,,,,,,,,,,,,,,,,,,,,,,,,,,,,,,,,,,,,,,,,,,,,,,,,,,,,,,,,,,,,,,,,,,,,,,,,,,,,,,,,,,,,,,,66142,77170,41857,46385,66759,4073,70559,72516,74596,51627,12069,9266,63029,55431,11113,30304,55556,65983,67471,48068,41688,55633,61645,53780,69692,33113,74468,73518,32774,730,59377,68813,54726,30437,47053,18991,70033,65319,74265,23534,60736,61968,8629,18422,74379,68678,66502,72947,60575,62306,68779,37255,26715,40294,56458,55803,71697,68180,71701,68818,51662,29374,25513,66862,43874,39073,72102,65905,63648,59120,43247,58837,66650,33289,8812,16433,72008,54213,30577,33966,30495,17202,64662,69081,33779,17424,76115,32331,69030,10648,53066,34203,51311,62280,45400,29634,66876,65733,36974,39698
,,,,,,,,,,,,,,,,,,,,,,,,,,,,,,,,,,,,,,,,,,,,,,,,,,,,,,,,,,,,,,,,,,,,,,,,,,,,,,,,,,,,,,,,,,,,,,,,,,,,62428,61521,72265,54801,56395,41877,71255,61270,49766,54045,69436,68727,46080,45848,68522,73206,49285,40106,46479,48519,17511,30488,25788,17820,54370,22912,66163,40483,63300,62956,59848,57682,63052,66093,53087,46243,56649,56511,51712,72155,67151,54917,75247,56237,52404,67682,41279,71483,68501,46706,74208,69255,22294,38898,63001,28497,60820,66579,28380,45052,74514,68250,46959,57081,54345,41203,73886,66416,63561,76561,61455,50614,68011,64029,75719,73044,70764,16661,66551,60471,64998,67243,72651,52845,31395,40015,72431,43886,9588,32608,46317,1201,67261,43196,78785,69959,54796,67647,54457,52436
,,,,,,,,,,,,,,,,,,,,,,,,,,,,,,,,,,,,,,,,,,,,,,,,,,,,,,,,,,,,,,,,,,,,,,,,,,,,,,,,,,,,,,,,,,,,,,,,,,,,50394,27319,52173,40273,63526,45574,70174,72490,62548,38494,36950,44450,65786,48459,70565,42256,69796,75874,45469,39038,65920,46910,47706,31917,74844,73625,56285,3143,69608,75055,28729,764,65385,57779,41305,43178,45435,53901,36556,60738,68820,68458,62368,32549,69810,72801,71151,67430,61894,33460,75036,51233,55106,55306,74047,68096,41771,45108,50664,65810,41032,30208,59321,38031,41859,1269,69924,73930,65663,71788,69746,62003,71418,19537,68627,59299,58266,70554,32623,56795,72532,43391,43314,57598,39277,63715,71810,64013,41237,59075,75843,60955,61216,73161,40658,58313,43455,2117,73252,72771
,,,,,,,,,,,,,,,,,,,,,,,,,,,,,,,,,,,,,,,,,,,,,,,,,,,,,,,,,,,,,,,,,,,,,,,,,,,,,,,,,,,,,,,,,,,,,,,,,,,,37739,37827,65719,46826,26629,49961,70757,57998,37744,17027,70338,69865,18839,38427,61388,66225,62658,60800,50147,35781,38490,43999,46923,51003,60708,37871,61150,12399,64159,58734,8042,14353,72796,17748,59443,352,68867,359,72873,72096,53829,46263,50670,11724,56093,61660,65405,58284,64076,39846,72208,73966,4610,402,56434,1932,77194,69402,64049,69984,44731,48390,36053,19938,59984,62835,71082,51383,50216,61155,68978,11259,64929,53330,42047,77164,63397,10390,39311,27795,47469,52521,65710,30691,51754,28598,65620,17193,30843,46433,54207,45727,72941,52990,45216,11909,63067,39025,65725,70389
,,,,,,,,,,,,,,,,,,,,,,,,,,,,,,,,,,,,,,,,,,,,,,,,,,,,,,,,,,,,,,,,,,,,,,,,,,,,,,,,,,,,,,,,,,,,,,,,,,,,72732,63132,58434,54329,60572,56147,59868,57111,52843,68606,73098,73181,68606,28795,61612,68580,70476,53379,55661,59780,55004,48499,66239,674,59951,68487,7926,15262,72702,19614,66936,51149,65169,57428,59646,69381,16040,5548,64783,3758,62000,52797,41677,69575,54181,33270,34181,48023,26705,62634,72212,67900,31990,61525,78051,74127,68883,14908,60209,73727,66549,74707,72539,69347,53202,44795,65257,45340,56828,59507,57415,58603,71707,40254,58889,54694,55015,547,35229,25607,63738,69904,68036,68824,42646,31548,64642,63009,52225,44060,72430,55861,64983,58972,30652,33106,64140,63823,68616,38274
,,,,,,,,,,,,,,,,,,,,,,,,,,,,,,,,,,,,,,,,,,,,,,,,,,,,,,,,,,,,,,,,,,,,,,,,,,,,,,,,,,,,,,,,,,,,,,,,,,,,32621,33599,57035,42818,25971,50034,41349,35999,67731,62192,61493,52710,65715,45666,72989,50753,37851,46699,72133,52735,69628,58157,73422,71215,45096,35561,43655,52453,59052,61713,32252,668,70633,32956,66483,25348,73858,38652,61120,54141,69433,49521,28332,57505,27635,62418,60612,41453,69316,54736,61285,55509,48309,56302,57979,65530,72551,16131,59152,69472,76185,66675,51311,25439,66603,73323,70924,67884,64713,62377,69935,11132,76020,36223,36507,7846,60232,50178,54140,22750,39361,49702,70780,290,34489,68565,38391,40896,48107,31541,50209,25806,69020,70427,68574,74849,52273,46249,63104,57907
,,,,,,,,,,,,,,,,,,,,,,,,,,,,,,,,,,,,,,,,,,,,,,,,,,,,,,,,,,,,,,,,,,,,,,,,,,,,,,,,,,,,,,,,,,,,,,,,,,,,43003,53515,72014,66293,60214,67669,58456,50188,67222,64648,44384,64829,63652,58823,69482,18478,18305,9987,64775,68668,63662,43481,57259,58870,60330,73001,73395,69971,72457,67479,68877,33535,37614,56691,66489,52529,5138,11088,41762,53291,75953,76601,72807,75769,70020,46406,35451,43713,58093,56981,59233,67628,60672,57649,60581,597,47128,40497,47910,49120,65352,16406,73074,68101,71182,60552,60481,43879,69663,71567,45260,48167,73478,75519,28040,53411,60088,36577,66928,69497,63072,61915,65756,21507,72932,62648,38353,38760,59054,21769,11849,52332,55007,59598,75012,51547,66805,11470,65240,71942
,,,,,,,,,,,,,,,,,,,,,,,,,,,,,,,,,,,,,,,,,,,,,,,,,,,,,,,,,,,,,,,,,,,,,,,,,,,,,,,,,,,,,,,,,,,,,,,,,,,,22471,69885,50384,62534,74404,6216,68489,70164,72574,16796,23696,11294,65975,4290,72246,71705,66699,2716,69581,44731,56040,76431,66592,61217,56818,75154,72071,65946,69581,3687,69096,45810,64124,31586,41175,39005,58031,52344,78026,68290,70975,46615,58521,67204,65196,67399,62730,72917,74813,51744,59403,29502,42317,53771,40154,43418,62833,42496,42143,54852,73572,64265,37365,66330,61882,56864,74484,75381,26911,59590,69059,69831,67912,71422,15677,23082,57553,15345,67370,49257,71541,35366,65021,34620,71045,35524,40579,39766,54572,60527,71428,70457,60799,43807,59265,66882,69164,61575,66276,330
,,,,,,,,,,,,,,,,,,,,,,,,,,,,,,,,,,,,,,,,,,,,,,,,,,,,,,,,,,,,,,,,,,,,,,,,,,,,,,,,,,,,,,,,,,,,,,,,,,,,72138,73689,16706,17065,46706,53204,17233,41071,74936,41631,72657,75635,65876,41122,29635,59275,28315,66380,22482,1183,49704,76209,5025,5996,33222,41651,73425,64850,75743,56827,70671,68615,44729,40893,73894,75936,65215,63068,65850,676,53059,3283,66558,23891,46051,50326,70955,53547,59005,60106,57330,58725,70637,57607,66788,51284,53835,60277,58961,72150,60390,50982,67213,71734,66526,56766,31331,39978,57742,27111,74150,63035,38703,34688,71714,69783,74636,53913,71135,71778,63523,69587,66805,64693,59820,64357,40189,66202,70413,61157,34723,42584,61172,60110,71287,45130,17717,239,68911,59293
,,,,,,,,,,,,,,,,,,,,,,,,,,,,,,,,,,,,,,,,,,,,,,,,,,,,,,,,,,,,,,,,,,,,,,,,,,,,,,,,,,,,,,,,,,,,,,,,,,,,37269,68975,52270,67459,63417,28588,68405,46316,64108,64570,20123,25690,69141,37889,73173,52265,63078,57608,70335,31269,70378,33920,56436,25122,66237,16270,38376,11229,53906,58928,34716,3585,75741,9135,68790,45321,73971,53605,77524,64780,67382,72130,69112,20743,73590,73375,65180,43788,40918,54456,48373,52808,61452,65695,65346,68056,59587,64718,75545,74000,65375,58283,35541,46062,46334,34370,72051,35252,69967,70789,54780,21893,17450,55054,71298,49994,65912,74897,31527,49391,69224,58708,43589,39548,60433,33310,69107,67346,75304,47397,53119,7969,53998,162,51315,896,65481,40324,69360,68643
,,,,,,,,,,,,,,,,,,,,,,,,,,,,,,,,,,,,,,,,,,,,,,,,,,,,,,,,,,,,,,,,,,,,,,,,,,,,,,,,,,,,,,,,,,,,,,,,,,,,74271,54165,74790,51245,64316,67686,66715,64078,67693,48132,41664,53023,59787,51765,42744,55397,55276,14732,75777,73517,70476,70484,33126,54961,58498,71960,57684,192,50791,37945,45241,20424,69805,73420,62101,63824,73540,42529,74292,73964,21138,47199,55541,46824,63639,53181,66724,72143,61759,45816,74645,75298,57437,46397,63316,52557,74703,59405,63903,29659,41733,57480,57065,2196,34229,29525,55054,66061,29972,10698,67087,172,67616,48106,67569,59516,23860,60652,68695,38907,56609,57452,61683,42890,67605,49321,67312,68902,71828,60934,44250,69509,57082,17725,34763,29743,70300,68569,58905,19756
,,,,,,,,,,,,,,,,,,,,,,,,,,,,,,,,,,,,,,,,,,,,,,,,,,,,,,,,,,,,,,,,,,,,,,,,,,,,,,,,,,,,,,,,,,,,,,,,,,,,54121,49732,55290,49204,62130,64228,73638,76661,46359,14866,68594,62577,58405,48128,55025,34556,67743,29669,62528,48861,65459,18496,61815,60774,19283,60343,47644,901,51119,36636,23478,22533,30636,63420,69731,66054,17684,45250,63637,70107,18676,44292,59090,58149,70658,76792,48198,67169,73193,59112,33788,46116,55946,64469,52240,26573,68110,56554,64824,51613,62176,74375,55863,47627,65258,59264,42875,50939,72052,47237,67319,21025,67774,47907,43898,70879,61469,16963,69528,31874,47019,48764,14306,35363,55925,63092,56743,61448,61138,11672,74577,73756,48696,2752,54045,2594,46123,54433,65939,37514
,,,,,,,,,,,,,,,,,,,,,,,,,,,,,,,,,,,,,,,,,,,,,,,,,,,,,,,,,,,,,,,,,,,,,,,,,,,,,,,,,,,,,,,,,,,,,,,,,,,,60682,58944,72093,73562,62418,63799,70609,33757,75314,56486,50391,48649,68981,55248,71463,59954,62787,62006,63049,37856,52200,52868,58711,57754,52110,50460,61732,43585,50786,42834,63925,69475,41432,8100,73143,9563,54870,29231,62802,55577,69638,55232,43201,32025,54229,56455,50270,40795,9572,7037,52287,43932,55393,57886,53506,16305,59013,45346,67194,52355,69940,45694,72762,73757,49716,64153,35871,40838,36683,40384,43381,44737,45331,51480,57774,62038,49550,22042,73945,72374,42657,67449,58342,38293,56469,60160,50218,65914,66137,69361,73090,53270,72413,47160,76313,69083,43460,33103,41828,18666
,,,,,,,,,,,,,,,,,,,,,,,,,,,,,,,,,,,,,,,,,,,,,,,,,,,,,,,,,,,,,,,,,,,,,,,,,,,,,,,,,,,,,,,,,,,,,,,,,,,,70245,73118,64499,60499,52554,61309,63284,19800,32298,71219,67085,59766,74668,71213,72102,69102,74484,60423,71079,73388,72618,74988,74043,37635,47498,48027,73388,63485,75252,71291,60628,222,74069,74117,66928,71087,69160,44132,57732,57208,62637,52513,73055,76814,69488,49007,4126,75453,66032,38130,58409,7072,65165,22753,13211,17678,33187,21020,72947,73804,61592,68768,25693,13480,75952,73051,47354,48762,76117,74438,33595,67726,72055,63012,73718,72693,24344,31213,72269,56793,58133,48220,33760,494,44847,52408,55299,56514,67986,67991,68546,57140,67357,61838,46614,61725,65663,63610,68942,69194
,,,,,,,,,,,,,,,,,,,,,,,,,,,,,,,,,,,,,,,,,,,,,,,,,,,,,,,,,,,,,,,,,,,,,,,,,,,,,,,,,,,,,,,,,,,,,,,,,,,,38745,52337,60782,68820,72013,64192,72257,58931,65781,64931,61670,37667,53035,66681,54020,42009,72099,59240,56643,43641,67987,33463,73119,44418,69956,63980,64424,45478,59047,39899,61580,72251,40300,58965,76233,71137,70914,59858,53569,74885,46292,56613,28120,61167,65334,60671,58400,41868,60194,36530,56495,9178,58956,32359,72986,76132,67212,846,64771,62670,67635,26879,53762,64162,52606,48962,68710,63751,63006,60480,19462,25448,15669,52049,60925,27468,71424,74635,61069,815,70157,71900,62250,32278,43212,60030,49490,55703,72772,45627,62113,1008,66360,68329,62983,65739,74896,60053,62915,62495
,,,,,,,,,,,,,,,,,,,,,,,,,,,,,,,,,,,,,,,,,,,,,,,,,,,,,,,,,,,,,,,,,,,,,,,,,,,,,,,,,,,,,,,,,,,,,,,,,,,,61685,72728,58762,55422,69886,7500,28310,14485,69877,65947,67392,64150,66458,72529,69325,62340,57145,53608,58193,62077,75138,72852,31557,54029,70307,76896,46434,52364,53690,26098,71829,49446,76406,45235,70523,26277,75028,70364,62748,59353,51366,45904,66525,49722,24744,43246,35018,74260,74873,71386,74331,45724,69640,34373,50680,36696,221,57816,61740,62382,59687,63768,67706,57998,70656,65272,51106,25537,75237,48385,69831,66331,73276,67726,68962,72924,70745,69616,71452,62086,62039,62638,47088,52489,31301,48890,66513,58181,70788,67209,40204,23552,27390,43622,70115,69849,46841,73216,54192,17067
,,,,,,,,,,,,,,,,,,,,,,,,,,,,,,,,,,,,,,,,,,,,,,,,,,,,,,,,,,,,,,,,,,,,,,,,,,,,,,,,,,,,,,,,,,,,,,,,,,,,56676,45294,68428,19363,8528,39002,33063,38750,60047,60803,39630,40489,45438,61418,71499,606,68394,59800,69372,48219,26673,57237,54696,37724,62186,31918,67251,37580,62449,39169,54872,25043,74865,70529,34461,52124,71112,1157,60158,69632,32321,10284,64132,25493,73283,72235,71030,72981,64513,75357,68453,59710,77402,68095,61633,42338,23822,390,60907,68634,67157,33943,32792,67818,72601,72250,60407,75079,66811,45045,69887,2561,69622,40685,64251,22186,60905,60120,71213,59164,70842,39959,57604,62575,66561,48141,60504,68795,30147,27665,68182,59779,69914,62307,74350,59835,58409,56858,52230,44345
,,,,,,,,,,,,,,,,,,,,,,,,,,,,,,,,,,,,,,,,,,,,,,,,,,,,,,,,,,,,,,,,,,,,,,,,,,,,,,,,,,,,,,,,,,,,,,,,,,,,72827,48716,25188,66719,62294,48243,72201,51968,65170,60023,51897,53262,628,7639,55345,10317,72202,69741,71566,40817,72848,41755,70428,73486,70774,71638,26067,23808,75515,5839,68021,58694,71130,18251,67472,63165,65936,22543,9221,9046,61244,28330,27572,29404,42619,36987,74450,68192,36847,55555,63708,69831,35769,15167,54035,37371,39298,35460,71721,73071,39705,52198,65829,72093,77654,71622,70328,41885,24087,33635,70969,31100,25050,60479,15389,6115,63639,74135,73921,70098,64381,72200,48711,25429,66054,59783,64065,4682,64688,70904,74916,53728,69123,60123,75976,49692,41685,38216,58134,68345
,,,,,,,,,,,,,,,,,,,,,,,,,,,,,,,,,,,,,,,,,,,,,,,,,,,,,,,,,,,,,,,,,,,,,,,,,,,,,,,,,,,,,,,,,,,,,,,,,,,,75574,60386,54109,67159,66679,46984,35876,46759,66396,50169,68666,61717,70332,24393,19697,22554,47884,44089,74984,35154,63993,46708,61439,70823,69014,45849,68953,13287,74817,29452,52471,59196,8564,8392,69886,66579,77013,61584,71443,58936,34109,100,64438,57804,74538,64268,51912,57386,71915,64130,53454,61273,47502,52349,65472,71765,68026,612,63031,64720,60332,75481,69117,69851,73098,36690,73465,35139,52886,6057,75279,51795,50678,56093,44574,58773,72146,61011,65281,12041,68420,74223,50739,8456,30312,49655,52292,69321,52725,70113,73027,69585,58659,62698,56867,46858,71997,38390,60183,58780
,,,,,,,,,,,,,,,,,,,,,,,,,,,,,,,,,,,,,,,,,,,,,,,,,,,,,,,,,,,,,,,,,,,,,,,,,,,,,,,,,,,,,,,,,,,,,,,,,,,,72769,71554,69743,39721,24392,51207,64216,267,46655,56993,61059,18471,57855,68276,49379,60677,71609,73099,70625,48632,68947,66522,53321,67703,66965,75356,75715,68113,45521,70172,70380,70454,66819,52996,68504,67334,45694,47018,66084,43654,70924,58278,67382,67582,67335,67158,60848,62531,66432,64750,64698,70623,67486,69809,35405,43958,69158,50936,73291,34413,58256,67814,31932,33752,46636,55998,62514,62721,39601,37074,23308,51793,34101,10902,68012,66350,30389,9304,63694,9519,71675,72064,44091,5755,64227,51143,56855,729,77666,59467,61403,56398,53904,22085,58477,62678,44963,51600,28225,65872
,,,,,,,,,,,,,,,,,,,,,,,,,,,,,,,,,,,,,,,,,,,,,,,,,,,,,,,,,,,,,,,,,,,,,,,,,,,,,,,,,,,,,,,,,,,,,,,,,,,,53693,37313,74541,65481,9814,45596,42266,35096,69657,40265,47278,65709,43832,49201,52448,68528,37745,37048,38593,25500,61832,61621,68099,23105,66324,66291,63883,74054,64141,59905,39283,44710,73620,56256,74463,72277,69487,61612,12354,989,70986,64444,22931,12286,58305,41556,43065,40451,60313,41597,77915,41743,73214,58153,50363,56292,51752,33907,64770,58844,56219,39374,53425,51109,69156,756,74280,55997,61468,59593,67243,66600,41205,53560,74458,72503,69290,66780,49625,24193,63530,69746,57121,52185,62472,12865,71912,68983,43718,41951,54235,57954,62581,26887,77566,32816,70115,63058,57794,62585
,,,,,,,,,,,,,,,,,,,,,,,,,,,,,,,,,,,,,,,,,,,,,,,,,,,,,,,,,,,,,,,,,,,,,,,,,,,,,,,,,,,,,,,,,,,,,,,,,,,,21185,58152,63377,1038,75389,72443,66058,41786,67507,69945,29192,42858,61960,63733,12820,214,68683,74193,69604,28776,23140,335,3184,11269,66956,49707,50304,26567,56481,62063,77173,61531,66401,38569,73401,41207,74113,75043,63103,19723,44690,49480,66780,10669,72673,54935,67297,70786,70019,60419,53308,46799,66261,63851,2341,279,70737,24148,52060,43553,10758,10857,62275,25243,57495,57318,50154,54126,69250,11723,26432,59653,49032,29121,71253,51422,30782,49260,22157,35336,59961,67367,34473,52134,18537,25075,68795,35859,74314,53445,69370,22819,71383,69403,27288,60826,67748,70606,51220,49297
,,,,,,,,,,,,,,,,,,,,,,,,,,,,,,,,,,,,,,,,,,,,,,,,,,,,,,,,,,,,,,,,,,,,,,,,,,,,,,,,,,,,,,,,,,,,,,,,,,,,28590,8632,70228,1569,66066,71248,72815,72666,70842,19955,61609,62543,31947,41854,32951,57921,15978,56803,63378,63935,72685,47226,75148,75148,70553,70281,67474,70994,67994,53091,12982,29706,65819,74348,56289,51376,48655,1723,17311,60842,65499,60881,52566,51387,41909,8025,60555,41491,76594,66662,58478,53981,69367,58031,65042,15787,57987,15696,32536,67454,65760,37977,71136,65401,66146,30608,74512,69898,74020,73027,56016,55418,70532,71447,43135,55074,59871,39690,23843,26479,64056,72204,22566,26857,12381,15888,56158,23572,50215,32530,71456,54346,39728,40046,71809,70798,64785,62972,37850,19071
,,,,,,,,,,,,,,,,,,,,,,,,,,,,,,,,,,,,,,,,,,,,,,,,,,,,,,,,,,,,,,,,,,,,,,,,,,,,,,,,,,,,,,,,,,,,,,,,,,,,71167,64437,66645,72240,62796,70528,53614,48043,63843,70607,68727,71266,48050,63636,58272,54221,65408,10219,71596,37644,66805,42527,35023,64202,70277,51659,41463,50453,34891,8346,63826,70451,52768,63324,76409,57716,50390,42812,44249,58871,69486,52184,67542,72294,68024,69296,49075,59971,71153,73801,51712,62599,68738,29691,64947,76417,52128,30206,48513,17594,52035,69714,41628,49053,45356,63916,57225,34801,52213,56672,26993,39476,67127,71132,52989,25210,71326,64488,69259,8172,75667,63730,56622,53205,74089,70256,70058,61605,55641,73269,70737,57333,66714,46789,53669,2017,63073,1798,30531,55007
,,,,,,,,,,,,,,,,,,,,,,,,,,,,,,,,,,,,,,,,,,,,,,,,,,,,,,,,,,,,,,,,,,,,,,,,,,,,,,,,,,,,,,,,,,,,,,,,,,,,65009,70027,72757,57419,71102,542,48977,48285,73662,68201,74636,68218,75497,37734,71656,68074,64215,7014,58918,32328,76798,44801,75836,71689,70619,38979,67984,73850,43374,52390,49121,61593,72423,54045,56444,211,70981,49256,48473,23988,11651,602,57409,63709,16339,12278,74987,51346,55694,1833,44471,35795,53355,43738,70935,69979,57955,45215,70950,71306,47719,49455,24761,54326,54596,73514,71873,75030,317,22596,43769,21759,50659,63201,71136,70533,49806,31287,49579,43302,40380,39469,43745,41583,72666,70341,16792,10537,46553,32010,70826,70446,55437,56142,54637,41800,34955,38747,56439,23553
,,,,,,,,,,,,,,,,,,,,,,,,,,,,,,,,,,,,,,,,,,,,,,,,,,,,,,,,,,,,,,,,,,,,,,,,,,,,,,,,,,,,,,,,,,,,,,,,,,,,61782,47709,26487,39347,67340,38573,62944,60562,63818,61913,68010,32016,70364,49502,66695,26473,51166,33191,55640,18389,71242,35142,67055,51504,72458,39534,73476,60258,71296,67644,63858,58924,46365,7372,71528,55116,54416,13826,15379,17013,72458,72415,49713,16894,67601,44792,69739,68103,56708,9477,74538,64297,62596,7705,58040,31602,60901,43676,56647,37028,71361,71882,64501,61140,76940,65982,69572,44552,71935,73463,74134,65245,57284,41288,40287,29850,68789,19178,48870,27861,44442,33639,46824,23503,56487,48650,69066,52496,46225,67951,71282,73973,66157,28617,64858,53741,69050,67562,60632,70203
,,,,,,,,,,,,,,,,,,,,,,,,,,,,,,,,,,,,,,,,,,,,,,,,,,,,,,,,,,,,,,,,,,,,,,,,,,,,,,,,,,,,,,,,,,,,,,,,,,,,52805,49845,69346,70888,68857,21701,68888,66630,49351,73794,71509,59370,72728,73759,72787,17333,57900,68783,31610,66653,63033,42343,44040,60923,38493,59644,75187,67855,48736,57410,62363,36719,48724,61710,63819,25080,39259,49504,34807,40057,54070,72113,30321,70197,8382,14777,54192,18880,46847,40291,63083,61933,74975,73156,61815,73558,35685,32168,50504,59496,59001,46927,61146,55393,50311,36823,65656,32154,37951,42930,65158,67184,50698,19141,59349,13559,58204,62187,28194,25810,62822,62965,66859,66244,67909,63665,56105,69343,51947,68044,64637,64273,65851,43493,53330,63560,73445,69596,74361,73512
,,,,,,,,,,,,,,,,,,,,,,,,,,,,,,,,,,,,,,,,,,,,,,,,,,,,,,,,,,,,,,,,,,,,,,,,,,,,,,,,,,,,,,,,,,,,,,,,,,,,37953,1239,59950,25764,70376,63716,41472,50509,73942,53529,68264,70620,71762,65882,64277,954,19477,68048,73244,55673,69753,70375,53409,40521,63683,8184,68567,68257,70428,50945,65725,60644,61044,66419,67794,54619,24079,38002,64818,58774,29902,67524,58520,61859,74985,38817,39594,33631,64181,5230,62971,62633,63958,70909,75989,34687,47426,75011,69852,72229,74158,77319,68623,54472,74155,61780,29250,59936,41846,43639,49138,41530,66039,68282,71710,74251,4058,610,34330,22021,37537,11568,64795,68633,65023,68227,18532,26196,62310,61894,56047,15101,68024,65871,73565,64827,70980,75373,66127,60932
,,,,,,,,,,,,,,,,,,,,,,,,,,,,,,,,,,,,,,,,,,,,,,,,,,,,,,,,,,,,,,,,,,,,,,,,,,,,,,,,,,,,,,,,,,,,,,,,,,,,68054,66685,50715,43297,45628,39001,67517,57825,62834,57081,76310,61303,16632,15734,57941,20640,63216,20913,54700,59821,57626,66078,57436,61038,70792,17193,62904,1010,31553,28662,40703,42775,72891,70874,59963,66019,48731,61587,33938,67556,69658,15647,58536,63444,32572,45216,64037,35127,74569,64413,60781,62071,65431,62334,49700,31141,58841,67498,72961,72208,40341,22986,37068,7991,73936,10571,53984,61257,57687,733,70818,71454,73283,29129,47297,39609,71467,72866,75054,73859,53519,19961,66873,66520,58605,26818,66679,45032,60417,46160,63230,59560,58659,47255,57503,36680,69516,22548,58213,7640
,,,,,,,,,,,,,,,,,,,,,,,,,,,,,,,,,,,,,,,,,,,,,,,,,,,,,,,,,,,,,,,,,,,,,,,,,,,,,,,,,,,,,,,,,,,,,,,,,,,,71225,69278,72366,71472,55831,33310,71596,71993,59870,64851,34612,23526,53330,41590,62359,53790,58937,65259,70831,60406,34483,15829,69501,47101,75646,70688,75829,65467,20959,670,57700,27411,78833,48791,68965,74222,69054,58776,53872,60585,70602,70812,69726,54893,52496,12990,63344,57191,53187,55529,72819,58880,74582,47160,71617,67553,69938,22502,71106,63881,70543,46619,62491,30066,75500,71080,63384,15936,70289,58232,62167,2754,67237,75722,75078,72767,21395,59105,59235,38211,27733,9107,23793,9304,72994,59836,69935,71370,42688,11892,46761,28315,63232,41906,54653,53258,9372,59647,72686,71035
,,,,,,,,,,,,,,,,,,,,,,,,,,,,,,,,,,,,,,,,,,,,,,,,,,,,,,,,,,,,,,,,,,,,,,,,,,,,,,,,,,,,,,,,,,,,,,,,,,,,73108,29135,62703,73448,25942,64954,72368,75887,9885,45443,9062,39083,57423,42970,42622,27661,68996,39102,65944,61913,47705,57721,49670,48414,71393,2702,26764,26721,72766,51893,63764,56131,72183,75287,49763,66065,30519,39056,50556,40939,65278,56442,69993,37174,70953,75221,11391,21044,74176,55827,74376,40728,55994,14812,49454,41316,15212,966,77277,67556,69874,15161,22527,53113,52087,54426,56446,13153,14938,65797,72563,33748,52353,25054,66245,48721,64963,1853,52464,71350,73438,68949,61890,62507,58330,4859,50869,53471,71464,64853,60282,59150,57030,63426,41682,27905,45384,54865,65101,57607
,,,,,,,,,,,,,,,,,,,,,,,,,,,,,,,,,,,,,,,,,,,,,,,,,,,,,,,,,,,,,,,,,,,,,,,,,,,,,,,,,,,,,,,,,,,,,,,,,,,,53389,33874,38814,35218,56426,56957,35775,27294,74209,73470,45131,12089,68522,55150,44533,53293,71373,54391,56567,60708,67431,51350,44167,48127,65328,36640,57350,25856,62830,69756,63247,37792,24816,23858,69137,65333,66547,70271,41671,32119,60298,63171,28855,42242,68439,73265,68962,70145,51148,60092,74399,73539,40978,19592,45843,29358,68601,41753,70470,64661,74556,62125,72239,71649,65878,22069,55390,53704,73383,57735,74444,62725,48730,45952,32371,55315,44182,10270,35205,27788,58074,66227,45898,39426,39207,55619,72431,74699,74082,69964,72775,35816,64549,12059,72059,72816,59510,68168,41190,38743
,,,,,,,,,,,,,,,,,,,,,,,,,,,,,,,,,,,,,,,,,,,,,,,,,,,,,,,,,,,,,,,,,,,,,,,,,,,,,,,,,,,,,,,,,,,,,,,,,,,,69776,53553,72625,52485,65821,40413,50656,18444,29104,73676,55488,46882,56067,9959,70828,68808,47654,30117,61076,63852,48959,16932,9530,18221,67396,65998,74568,72570,58605,43925,59336,45530,66796,53674,65876,72722,73249,73879,69038,74803,67697,73716,69114,51729,772,472,67899,25171,50046,28340,72755,63992,53690,30523,43056,47207,62205,73279,42696,59703,42735,57276,73734,38016,72860,26018,46536,45271,52634,70582,63899,57433,73372,20751,60014,43570,73055,57170,65368,69885,50955,67107,68230,59349,74231,70237,59250,74103,40402,53351,70994,43869,38148,56336,47321,64333,56726,33797,42480,35703
,,,,,,,,,,,,,,,,,,,,,,,,,,,,,,,,,,,,,,,,,,,,,,,,,,,,,,,,,,,,,,,,,,,,,,,,,,,,,,,,,,,,,,,,,,,,,,,,,,,,67389,20027,64083,67126,69429,63143,70627,8253,61213,31357,69977,56077,59658,62793,68087,18500,68056,52855,46928,22646,49485,15571,51548,62097,73246,59227,47080,43782,60084,40707,64504,63331,67459,52656,59425,52741,66429,70340,68538,39683,27925,55773,47830,40876,66877,58305,73238,62730,64389,65784,59915,36195,10407,7400,73454,67371,50622,1132,20266,26245,71367,60884,61402,68160,74000,48536,65028,47670,71970,69770,67386,38556,55334,48450,72015,38913,76081,72292,70600,74482,9406,925,61760,56936,67585,44672,66086,36370,55075,21892,40033,65516,54106,1846,68792,64389,62057,67927,66371,57472
,,,,,,,,,,,,,,,,,,,,,,,,,,,,,,,,,,,,,,,,,,,,,,,,,,,,,,,,,,,,,,,,,,,,,,,,,,,,,,,,,,,,,,,,,,,,,,,,,,,,45717,34163,71838,1649,53528,10917,61598,59033,69467,43840,66920,8132,61007,19391,68579,73715,74735,74520,45499,50673,66862,66616,42480,62902,70157,54819,44302,63257,39600,64766,49735,51912,61535,62986,71555,69017,71820,67953,43640,34176,47978,65912,28185,5388,31897,63145,44843,65448,64055,517,73127,9823,16484,59691,31878,50931,43008,59417,65799,52497,13912,9303,70172,49421,65418,71670,71472,10938,44576,33670,73478,51943,58159,62333,63401,27329,44391,60780,71936,41353,40802,55688,68122,69305,51610,46520,75124,65397,51079,64673,32669,38266,59621,20818,45153,69890,64760,43187,61088,65493
,,,,,,,,,,,,,,,,,,,,,,,,,,,,,,,,,,,,,,,,,,,,,,,,,,,,,,,,,,,,,,,,,,,,,,,,,,,,,,,,,,,,,,,,,,,,,,,,,,,,75561,58937,61029,58863,508,15515,66049,41028,70685,59910,47268,44667,51432,54627,66230,28980,72922,26085,71283,70054,63353,47907,60426,26594,73307,16371,72476,69908,44528,13856,61566,70373,60324,12463,37637,29525,74002,74554,71768,71445,58458,64750,70171,45748,71783,15374,34549,22578,62293,13982,58916,58559,67544,69540,37075,28891,52010,42686,63510,19451,68920,62407,64709,72473,57836,56646,27404,15720,70027,9963,51502,35423,71140,59059,73106,70766,75881,27785,26316,65092,39102,39813,72002,71661,60937,15479,74940,59578,68039,46148,62240,69133,52152,40347,76254,72234,65816,9388,35968,56999
,,,,,,,,,,,,,,,,,,,,,,,,,,,,,,,,,,,,,,,,,,,,,,,,,,,,,,,,,,,,,,,,,,,,,,,,,,,,,,,,,,,,,,,,,,,,,,,,,,,,22492,3526,46498,30518,51769,48615,8473,17508,48230,41938,22424,1295,67573,69542,72794,60752,67640,36733,63520,66575,32668,29691,55792,60757,66943,39823,52206,55421,48391,419,51152,36063,67283,68338,40468,703,64562,60183,72316,69600,19462,16512,41457,42122,65229,62203,39115,34795,63082,63073,60169,56143,66320,43936,70107,67734,66745,73021,70601,74906,44817,57482,68745,69866,45332,16053,36913,66623,47367,37155,71508,50858,69051,70220,40609,44561,64708,48712,61430,67457,66327,67136,75134,39100,70233,62919,71599,74102,33953,10346,65923,44245,50468,51034,69971,40908,68852,73109,30299,47614
,,,,,,,,,,,,,,,,,,,,,,,,,,,,,,,,,,,,,,,,,,,,,,,,,,,,,,,,,,,,,,,,,,,,,,,,,,,,,,,,,,,,,,,,,,,,,,,,,,,,74931,289,69109,50054,54382,49119,73949,59228,30250,16145,68109,14720,74015,71304,71305,75048,44081,53573,75784,71914,59165,60914,68291,68587,46798,52824,54961,30630,68491,65043,74090,72419,73295,70025,49420,53794,59707,58500,71380,69032,34470,33174,65006,63727,52516,60810,35657,34276,74575,45561,39658,23689,56713,59947,34863,68845,51273,62925,59992,55326,54849,31486,54194,28731,43878,48693,66280,46130,29689,59173,56260,62869,73877,42099,47513,11206,53331,61340,67157,62305,56353,67770,68384,53542,62798,66553,27924,17486,64243,52180,72046,57866,39968,48799,70975,26809,57239,42498,68204,41952
,,,,,,,,,,,,,,,,,,,,,,,,,,,,,,,,,,,,,,,,,,,,,,,,,,,,,,,,,,,,,,,,,,,,,,,,,,,,,,,,,,,,,,,,,,,,,,,,,,,,73124,59149,64823,57280,21061,67745,66004,55207,68404,62411,64496,55950,965,100,43344,41124,59111,56355,52374,7612,76012,58962,67685,60751,65479,65740,54319,59685,68868,71899,60945,60138,71074,38091,34627,57925,64421,18079,60491,64380,59947,50832,38814,42401,39104,68850,57671,49046,62049,38117,70260,35394,70419,70076,37211,69668,59986,59336,61811,50018,56025,260,62949,542,74568,61006,70056,42812,64230,61654,75042,64599,75250,69366,58309,70206,3737,325,65588,49980,41633,45814,51212,59305,66760,56521,61484,32906,47198,42152,70652,61019,62022,1066,67316,63435,3202,787,74687,67357
,,,,,,,,,,,,,,,,,,,,,,,,,,,,,,,,,,,,,,,,,,,,,,,,,,,,,,,,,,,,,,,,,,,,,,,,,,,,,,,,,,,,,,,,,,,,,,,,,,,,72062,73408,59369,47378,9389,52302,70110,43987,55958,58079,46834,21334,47259,45199,49279,41153,69619,41226,76925,70065,54719,48572,7589,40589,66962,68986,71204,72515,57812,65527,68816,70990,70646,75219,71063,65471,36928,65446,76029,75509,64887,38261,50165,54032,66107,52715,50839,61969,57394,30855,27821,21777,61561,70482,50992,39616,72859,69961,40404,277,54291,60738,55980,52293,51075,50559,55402,32737,72982,71982,57798,59029,10814,173,61774,54718,17787,29444,72278,48971,71990,21844,52025,41500,50711,55634,44486,45653,54086,27353,36073,61406,63095,45392,76912,71959,54895,66303,56421,38032
,,,,,,,,,,,,,,,,,,,,,,,,,,,,,,,,,,,,,,,,,,,,,,,,,,,,,,,,,,,,,,,,,,,,,,,,,,,,,,,,,,,,,,,,,,,,,,,,,,,,64010,36458,73579,26244,25790,100,46022,38441,76856,43765,65974,71665,42658,39805,52284,47646,29146,58753,68500,43907,72010,33481,33342,41433,72683,72594,62281,46201,44655,53840,57366,74416,40864,54525,61333,72360,35656,65577,66062,73022,21224,35181,71870,70465,63854,53424,38336,11983,69981,63782,74861,43964,46960,36166,29799,5472,71887,70494,71405,60788,59377,57126,52854,71145,69243,63672,50695,35791,71992,54290,70378,67363,74483,52032,69778,69791,41038,64369,54113,1496,54091,50189,67084,66250,63222,48177,64655,74920,63769,16356,72968,28001,62043,48280,68434,52426,72709,54836,43235,51792
,,,,,,,,,,,,,,,,,,,,,,,,,,,,,,,,,,,,,,,,,,,,,,,,,,,,,,,,,,,,,,,,,,,,,,,,,,,,,,,,,,,,,,,,,,,,,,,,,,,,36784,57273,65743,28037,48329,50674,67058,37261,71130,8691,68012,8368,60754,68764,48643,61595,47414,42199,63368,68945,59679,1755,75957,72526,74826,77208,74944,68261,21618,36310,67055,46342,61972,60634,64074,20095,60848,34691,66734,61041,35017,37934,55806,15034,45535,54552,42066,42177,71559,50918,64311,7646,74264,9978,52035,60688,67061,38818,71251,57942,44429,16720,45929,60891,72351,72216,76246,41055,74513,74662,45409,47861,41847,61955,60112,50168,37777,39314,69346,72686,63776,2149,24994,46443,67741,31075,50575,8712,51447,51591,50704,69612,68881,1443,27874,39127,66712,64695,57473,60479
,,,,,,,,,,,,,,,,,,,,,,,,,,,,,,,,,,,,,,,,,,,,,,,,,,,,,,,,,,,,,,,,,,,,,,,,,,,,,,,,,,,,,,,,,,,,,,,,,,,,69768,22715,59851,18577,60511,51322,73615,11164,70946,31503,25035,1349,43600,45272,71892,75966,63820,62401,59478,59620,45870,38103,60270,51333,73468,71369,69794,72491,59438,77072,38663,855,71903,22304,66188,59003,64914,51591,60380,56635,72926,12458,41763,43198,41625,16844,61831,63427,39804,30363,72772,45038,77705,49826,19468,69925,58084,46114,28501,44769,36123,62137,67918,52618,59526,42305,64539,44790,52352,5602,50882,49106,62731,42312,44396,50615,67072,58482,72788,65048,76245,38656,53656,31522,58249,75433,72784,40489,72724,76252,58340,43360,60839,58300,75626,56340,43147,27991,53410,58935
,,,,,,,,,,,,,,,,,,,,,,,,,,,,,,,,,,,,,,,,,,,,,,,,,,,,,,,,,,,,,,,,,,,,,,,,,,,,,,,,,,,,,,,,,,,,,,,,,,,,67597,59514,69362,11747,62452,46869,41257,42629,73555,62090,63047,59802,69318,60889,72164,77479,48750,42196,15557,16354,65935,54436,57120,52632,68513,63585,30197,29223,9052,59327,72295,68017,48899,25108,18285,21398,65071,40973,69922,66087,50571,66107,76834,49995,51979,26429,25416,17244,72301,26427,63818,67312,66562,55950,62551,49387,56634,31025,43573,37245,71399,66204,39833,38397,28307,48995,16828,10167,65124,33165,68191,14261,59835,40000,73440,75463,51626,71867,73158,73246,68717,37684,62515,50519,68587,60364,52246,62612,64332,58338,67901,41721,71993,63995,51524,48058,67098,67865,46079,382
,,,,,,,,,,,,,,,,,,,,,,,,,,,,,,,,,,,,,,,,,,,,,,,,,,,,,,,,,,,,,,,,,,,,,,,,,,,,,,,,,,,,,,,,,,,,,,,,,,,,41571,22778,26616,66740,73753,64291,68774,34203,68500,68389,60930,3780,70762,71742,47985,20168,52061,24457,59282,40579,57703,19471,71297,74907,65859,32671,26074,19276,47193,16991,33688,37823,60968,51587,47894,56739,60037,64311,44157,2629,72875,73970,63533,50448,48874,49227,42910,54171,65713,34911,54592,45507,55726,63676,22507,2148,52058,30892,63841,67628,62408,41803,63217,36263,66040,66506,23182,36941,60527,52245,73095,68711,68090,63403,38602,49902,49674,58580,46310,70731,66065,69338,45416,15033,42962,10713,21591,36313,49499,26132,70543,58761,73484,56083,57354,68874,69425,71274,63023,43790
,,,,,,,,,,,,,,,,,,,,,,,,,,,,,,,,,,,,,,,,,,,,,,,,,,,,,,,,,,,,,,,,,,,,,,,,,,,,,,,,,,,,,,,,,,,,,,,,,,,,74244,70994,63263,67822,69158,53197,72768,51089,61078,60496,57246,29969,77896,58581,60076,52721,64959,67931,71155,61389,68731,56365,26066,42066,66829,71578,68154,51818,68674,1350,61279,8710,74633,57875,61958,26843,44762,64173,52734,73731,42438,27997,65211,73696,64884,49590,22562,16131,57126,31568,71735,44570,68489,26902,71623,59636,44925,74523,40225,57283,33606,61247,38284,48089,56581,42811,33949,1504,20671,15537,70672,49030,67820,36047,49088,10788,51440,38198,53826,67273,66460,70978,71887,73000,69011,9977,44393,17605,51570,59885,57418,61486,72053,62504,66808,62428,57666,42922,35985,49917
,,,,,,,,,,,,,,,,,,,,,,,,,,,,,,,,,,,,,,,,,,,,,,,,,,,,,,,,,,,,,,,,,,,,,,,,,,,,,,,,,,,,,,,,,,,,,,,,,,,,52124,72546,73110,46399,52253,58997,69658,50593,61506,67354,14712,16994,46338,24235,72078,64497,73541,73725,68814,75241,57784,68884,67814,50019,17185,26701,70183,9493,43373,57401,62422,66637,67370,66997,68354,62914,76072,33655,22828,71849,54191,67318,59135,65437,74895,72165,46924,59369,76207,70556,72294,68447,62867,50462,38125,45089,73023,73728,56075,13192,60887,62327,76098,76483,64869,64767,72659,70706,57069,22333,45004,496,43435,49973,74546,67307,52520,46636,72276,43111,68385,8498,66025,16915,74948,16122,62743,18266,42828,59178,40277,55629,72160,8750,45221,61811,72648,52598,43412,52966
,,,,,,,,,,,,,,,,,,,,,,,,,,,,,,,,,,,,,,,,,,,,,,,,,,,,,,,,,,,,,,,,,,,,,,,,,,,,,,,,,,,,,,,,,,,,,,,,,,,,52341,59085,57773,61263,31876,39845,55038,30296,39526,59821,58880,35579,66513,72862,74800,71380,66026,70312,40028,53634,73853,71578,66468,36257,25723,60321,68072,8840,63227,39996,43778,56142,75470,68927,70330,70110,68645,67846,67291,38998,62390,54994,31057,72381,65227,57486,21755,9064,67708,68195,51200,72085,28999,37774,59357,29453,48499,21638,72531,23193,52353,71560,23612,49405,68543,3201,43096,62010,69627,63160,70439,76316,70396,58140,55459,27580,65588,15988,45289,15198,73911,28379,60130,63995,71362,63453,72169,67657,69590,71395,75015,51165,59952,70729,37988,57172,72857,227,53370,48117
,,,,,,,,,,,,,,,,,,,,,,,,,,,,,,,,,,,,,,,,,,,,,,,,,,,,,,,,,,,,,,,,,,,,,,,,,,,,,,,,,,,,,,,,,,,,,,,,,,,,23706,49652,64003,67337,71136,34825,50734,61486,54760,43497,45696,69026,47609,56362,70625,21493,64092,13811,25884,61992,41091,40086,71310,69874,61239,36656,78521,45368,74611,77940,72594,64919,65552,34221,40540,45169,70715,47523,55494,37169,43013,40774,35372,43207,46066,47476,74285,35134,73514,43473,73159,76406,61137,66065,74431,70135,5020,24417,53078,69617,42874,19123,49310,58738,60258,59578,72971,23368,53993,59423,71479,64053,60489,63250,44884,58526,38809,18019,64228,35687,45118,43752,42377,54083,43974,23395,69453,58884,65963,55646,52490,50132,56556,41931,53061,60092,61956,5550,70358,44764
,,,,,,,,,,,,,,,,,,,,,,,,,,,,,,,,,,,,,,,,,,,,,,,,,,,,,,,,,,,,,,,,,,,,,,,,,,,,,,,,,,,,,,,,,,,,,,,,,,,,52034,33137,74779,63710,53755,67323,42816,49353,62783,39155,67638,48029,62788,64615,48090,60815,63525,31651,70380,51267,74920,54701,71869,74520,58129,47473,8207,68075,62210,71392,27797,15168,67372,16069,68823,59126,61384,57747,60586,573,66055,49401,65194,32456,75606,71999,59848,38763,67329,69448,47106,54530,45617,48184,70857,71803,48266,225,73449,49393,63512,70578,20247,17081,69935,45251,45368,63609,40986,35366,70029,70132,61478,68001,54981,71607,60447,58404,74561,66059,62940,40367,61486,58413,67314,26113,69003,66806,71898,57237,25927,14705,66254,9764,66032,65698,19292,27231,23454,54845
,,,,,,,,,,,,,,,,,,,,,,,,,,,,,,,,,,,,,,,,,,,,,,,,,,,,,,,,,,,,,,,,,,,,,,,,,,,,,,,,,,,,,,,,,,,,,,,,,,,,55069,74693,54939,38966,56268,58729,37536,1807,57451,47085,55770,13677,56862,47247,60696,37635,69274,66640,12052,67587,73605,17708,62701,73260,56068,54802,66506,61926,59094,597,72079,75305,74727,50187,49380,52949,65122,41252,63100,66588,70452,71797,45589,46458,68530,74840,66063,26032,65304,72631,8773,44741,70060,64124,15229,2995,62985,60783,63049,74744,62717,51696,57352,60268,41289,249,47135,68202,53336,53489,61414,60076,41110,42653,53636,13146,15348,28011,70055,67650,68215,64811,54453,73358,68455,40926,30815,1469,60465,523,40369,43872,52187,66006,61153,68703,74241,51973,42588,50445
,,,,,,,,,,,,,,,,,,,,,,,,,,,,,,,,,,,,,,,,,,,,,,,,,,,,,,,,,,,,,,,,,,,,,,,,,,,,,,,,,,,,,,,,,,,,,,,,,,,,67686,45856,43411,54865,66521,58510,16512,1314,54435,73475,39950,14985,49827,55777,54051,60900,54666,69672,38937,55580,74341,61885,60862,41790,63991,53961,72132,73872,17912,44131,72381,14564,70736,60345,73654,49674,41304,36516,75730,39979,61249,50690,59323,59784,68899,31413,67271,62327,73244,71997,61705,13595,66026,68938,71836,40243,69168,68956,42583,29228,73404,66876,69638,72014,49070,45439,57105,16394,40294,55058,71883,50890,64984,66942,46971,43516,48024,57211,27993,40493,32084,34467,52577,52438,74282,70086,25045,14824,38558,30200,2670,1970,73301,67223,64875,67913,68500,73430,65865,69360
,,,,,,,,,,,,,,,,,,,,,,,,,,,,,,,,,,,,,,,,,,,,,,,,,,,,,,,,,,,,,,,,,,,,,,,,,,,,,,,,,,,,,,,,,,,,,,,,,,,,55939,46196,57291,32582,64891,61873,58776,41746,57208,56364,70891,68873,70146,62518,20172,26392,45290,60800,56435,19153,67748,59988,67617,73939,59186,75257,75339,52152,51023,66791,67651,41527,60440,61865,67576,65922,70382,62546,6141,16200,43926,44448,72763,72447,66830,67232,56425,65300,50074,70165,71221,69820,61899,61958,36921,8830,69259,39702,62636,65294,50628,4369,11226,26885,45816,58872,67949,75637,69629,63900,68622,72049,70635,74945,75740,9592,49926,53364,52512,37818,67990,60496,55131,39087,43879,63419,69286,36728,71027,60285,47170,65405,61252,42167,67618,55952,73639,70771,46498,11131
,,,,,,,,,,,,,,,,,,,,,,,,,,,,,,,,,,,,,,,,,,,,,,,,,,,,,,,,,,,,,,,,,,,,,,,,,,,,,,,,,,,,,,,,,,,,,,,,,,,,52543,73059,56946,43760,9797,217,64573,55954,65690,67980,70047,66805,47993,53671,62854,17291,59560,66847,65651,46465,34710,36350,29001,47308,73171,15468,60470,55822,64566,552,62868,45032,60177,45654,74804,73743,37890,17606,38318,49020,71163,69465,67102,35202,1038,10353,67836,70867,67820,65109,56254,62826,75171,76243,65745,324,53690,61895,65525,73668,60075,50760,26185,55212,70154,41028,65828,49402,67256,30765,43421,8276,40023,50989,60707,59143,42720,26900,38101,50336,67855,26251,61147,12328,31783,221,77042,46829,22075,31834,69856,62000,64783,8385,52062,74194,66627,74027,56980,48314
,,,,,,,,,,,,,,,,,,,,,,,,,,,,,,,,,,,,,,,,,,,,,,,,,,,,,,,,,,,,,,,,,,,,,,,,,,,,,,,,,,,,,,,,,,,,,,,,,,,,36379,17716,72976,71175,72709,61511,73174,67280,62017,56008,66964,33833,44129,65554,73709,76267,66124,58204,68655,67963,70979,30163,67481,61713,77122,68494,60958,56272,61880,66778,71189,75983,66868,45671,67759,75251,67420,60588,77536,74797,59543,9090,61258,7735,73873,66505,66210,61980,35158,54272,74878,56820,47304,60253,70424,60622,68928,65786,64492,56462,62077,49241,39707,24022,72932,57792,65805,49157,76563,67447,68993,58979,72924,69779,60340,62013,73286,72488,72036,67396,69898,70731,75906,3113,71658,11669,63676,831,52716,47909,40752,999,71527,13778,66561,38982,48470,34556,26924,6125
,,,,,,,,,,,,,,,,,,,,,,,,,,,,,,,,,,,,,,,,,,,,,,,,,,,,,,,,,,,,,,,,,,,,,,,,,,,,,,,,,,,,,,,,,,,,,,,,,,,,1157,474,203,8499,27595,22312,67472,44727,75210,66970,51540,44707,64688,71395,42349,57123,66321,42903,69414,61125,38960,42308,65811,67410,44782,22446,75645,51719,42571,58232,63026,69872,70506,75908,23521,9691,44938,64709,75672,14801,60871,55444,70024,62280,74644,69042,75467,74093,60304,63796,49650,15344,35969,10682,38056,35913,59700,53641,41852,74398,43169,50119,46767,60627,74065,69864,60226,50446,47776,52026,70580,61797,37959,29786,55777,65219,65087,59704,57727,36981,74039,68648,48876,37332,50199,8549,53294,62204,66269,21282,48092,50899,57456,216,44280,21181,61038,348,72535,73893
,,,,,,,,,,,,,,,,,,,,,,,,,,,,,,,,,,,,,,,,,,,,,,,,,,,,,,,,,,,,,,,,,,,,,,,,,,,,,,,,,,,,,,,,,,,,,,,,,,,,45191,22335,63527,66841,62426,37077,74425,75686,48214,17733,50583,46924,31719,55487,61121,46762,57800,3311,60188,60772,69682,71313,64327,47699,57957,55754,56830,45194,42929,51804,24575,59949,74648,71388,55556,47033,69144,52240,62200,9318,534,1297,72109,58060,12797,15704,23617,34363,75407,68608,23444,15289,46779,60321,62165,59755,68607,54200,76316,71894,64407,64764,51830,66527,52093,23449,67554,66187,60863,61979,46899,25967,55696,46454,66118,61057,61855,30814,56438,48862,16858,10882,63948,65078,34050,43927,72578,49853,68856,69099,66515,35481,68434,58524,66737,56671,55071,41350,71530,74467
,,,,,,,,,,,,,,,,,,,,,,,,,,,,,,,,,,,,,,,,,,,,,,,,,,,,,,,,,,,,,,,,,,,,,,,,,,,,,,,,,,,,,,,,,,,,,,,,,,,,61636,34923,45322,1054,55130,67743,52466,24107,56284,64171,54705,71338,43973,59059,65498,62230,49998,44346,60553,335,57842,60030,42332,16649,70297,74354,56228,43718,13471,2672,74058,75414,73978,8335,39890,36261,70003,72816,72675,68115,70620,76441,30434,613,73092,17439,41875,42753,51621,65216,54742,29400,68861,68417,31406,22558,33327,39949,74591,53939,72939,75032,70391,44825,57148,43703,70368,55867,45962,10139,67560,55076,70441,30978,30734,11550,68414,73919,73182,70331,66929,68738,49369,46165,71055,69861,67935,72740,47722,45246,55271,62610,64250,38455,70469,47484,46214,30342,58622,70397
,,,,,,,,,,,,,,,,,,,,,,,,,,,,,,,,,,,,,,,,,,,,,,,,,,,,,,,,,,,,,,,,,,,,,,,,,,,,,,,,,,,,,,,,,,,,,,,,,,,,60214,29067,67179,39568,74466,30504,66098,71015,69384,68518,23590,25260,68489,71993,68947,26609,68831,60635,64570,9425,50639,55366,66714,55142,50542,49868,54879,372,64410,54873,62225,57865,65435,66786,73953,67689,70800,56620,57124,71352,42460,66039,64931,65047,22645,22964,28865,41262,64176,49186,65444,29890,67081,16437,49171,62439,50896,37963,67126,35677,66061,10331,74453,71343,68280,56510,61528,46929,56055,26604,25299,68448,43154,47963,71344,50968,27284,58319,48926,62428,72337,50162,59627,51866,48212,43900,72419,48061,69381,71228,68682,36617,21904,65320,59103,62570,23091,67783,50185,54856
,,,,,,,,,,,,,,,,,,,,,,,,,,,,,,,,,,,,,,,,,,,,,,,,,,,,,,,,,,,,,,,,,,,,,,,,,,,,,,,,,,,,,,,,,,,,,,,,,,,,56688,15690,59156,49036,70294,49197,65462,67442,67889,57850,52485,9344,50395,72138,76520,68024,22677,61515,33418,56350,35743,43084,59308,69478,27388,16392,67658,31307,45733,31402,68925,54410,37644,32570,61919,34977,24009,41084,50721,59295,73083,53391,68805,72421,67981,75893,69862,73427,63434,35831,61705,272,16913,38684,53125,3081,68158,27810,57764,67268,48730,66009,75418,74249,71365,72335,50747,59411,71522,67152,74592,71128,52952,65636,40933,62888,71088,74973,71540,73715,58801,62679,76208,73458,53881,40812,70845,67883,69404,54176,75919,69714,75017,70167,36876,64066,10703,17139,54044,38069
,,,,,,,,,,,,,,,,,,,,,,,,,,,,,,,,,,,,,,,,,,,,,,,,,,,,,,,,,,,,,,,,,,,,,,,,,,,,,,,,,,,,,,,,,,,,,,,,,,,,53860,52764,40915,31346,57865,45056,53860,47693,43420,63087,73894,75285,759,626,72770,60542,23812,69498,45474,45774,70480,71311,49714,50361,67658,58137,72499,73081,62979,38503,56837,1166,61196,68844,71005,72430,57810,58117,72918,64098,35331,48370,62384,47559,32585,64692,30420,61113,43143,37654,70096,63329,59975,39955,56252,46961,61804,48431,44302,49693,9096,69499,73708,74797,50993,38625,71075,42933,19068,1631,56967,48230,54345,26051,52373,46082,76054,71133,56043,15043,66749,28284,60149,48203,59279,14293,10261,12564,34669,54425,10380,1794,65459,72055,25957,1208,59953,449,60320,66109
,,,,,,,,,,,,,,,,,,,,,,,,,,,,,,,,,,,,,,,,,,,,,,,,,,,,,,,,,,,,,,,,,,,,,,,,,,,,,,,,,,,,,,,,,,,,,,,,,,,,61108,67611,72286,51945,70866,29997,17068,43698,42128,49473,9207,429,66109,21654,69537,71678,73921,61109,75709,68436,72042,24488,72248,25622,69789,74207,72085,68813,69694,79598,73134,76621,73432,23687,45421,30976,9437,1162,68691,72217,1058,64748,53980,49013,71367,69000,53664,31890,77688,74890,67793,65873,72867,70357,65586,71093,54470,28097,62209,61011,72341,69879,72122,73648,64170,12501,59558,58446,65587,58938,66463,43689,68738,40099,57709,65006,34424,16388,72136,72933,71896,55011,63116,63340,60691,52392,68626,18738,33728,9090,12761,15183,35187,16898,72418,45317,62965,46156,45302,63176
,,,,,,,,,,,,,,,,,,,,,,,,,,,,,,,,,,,,,,,,,,,,,,,,,,,,,,,,,,,,,,,,,,,,,,,,,,,,,,,,,,,,,,,,,,,,,,,,,,,,62510,45546,61285,52594,56956,49551,66787,69950,73377,39779,73821,63899,51746,63627,20538,45552,70414,73155,68977,54999,44512,45376,61688,570,55530,70049,68783,62797,68689,51437,72306,70689,60305,39014,27071,43617,38892,35423,75465,41638,64765,43500,58300,69568,67906,69253,69623,34571,73240,30170,26942,33790,73165,41613,76227,73923,70808,64510,73479,67754,34226,50031,64682,34508,72105,41005,46010,63366,57905,48451,59502,60473,45458,9437,55388,32147,68594,60238,75193,8218,73616,65396,29974,61699,71950,74042,72795,35547,55824,73194,7805,8768,59652,144,16613,50760,70941,73431,55390,47106
,,,,,,,,,,,,,,,,,,,,,,,,,,,,,,,,,,,,,,,,,,,,,,,,,,,,,,,,,,,,,,,,,,,,,,,,,,,,,,,,,,,,,,,,,,,,,,,,,,,,50896,11517,68737,684,68221,54951,59832,67021,27142,28371,60598,66771,53579,46359,50143,55641,69839,50655,64074,71986,76906,72830,63508,29920,54791,63953,59464,52105,59934,63847,53925,8809,41057,32582,71699,40758,46581,23948,49323,64228,49729,42663,72439,51856,24026,56990,67085,500,70919,72361,69279,44170,58776,64941,52170,74502,37083,15291,58536,28609,73333,73206,59117,55484,20973,19929,69207,63760,17613,76901,72456,72896,58753,70936,49056,1212,71384,47060,41742,60174,72020,63344,47645,57275,52102,40398,46795,31519,63403,60762,60511,41729,72173,55841,49397,9382,75928,70890,59460,51602
,,,,,,,,,,,,,,,,,,,,,,,,,,,,,,,,,,,,,,,,,,,,,,,,,,,,,,,,,,,,,,,,,,,,,,,,,,,,,,,,,,,,,,,,,,,,,,,,,,,,69378,20332,72874,71360,57568,46978,45448,57682,53626,46840,59441,70985,66302,66720,70295,22187,71637,70688,46483,41654,75465,59795,26701,42671,34012,1134,49592,43849,75672,51919,47999,67083,72064,72446,70096,62820,70137,23560,37903,36175,28666,58562,65070,54105,77720,71341,67600,51932,48564,75597,41512,72097,73623,70472,64409,3116,68757,44110,45614,51246,73701,56532,53530,51901,70494,66241,32654,32945,72898,58800,68293,55200,58241,55984,60525,54160,66325,46719,42817,52926,56284,35033,62345,70327,69149,18193,65829,46040,59529,49599,69620,36278,68716,73918,67122,35474,55876,65449,44577,62636
,,,,,,,,,,,,,,,,,,,,,,,,,,,,,,,,,,,,,,,,,,,,,,,,,,,,,,,,,,,,,,,,,,,,,,,,,,,,,,,,,,,,,,,,,,,,,,,,,,,,60337,17804,56524,28026,61763,20205,60621,18596,52615,10005,45955,53454,70746,46413,63860,73028,74061,73784,59504,56193,64760,67496,60927,47616,76260,71194,48132,53575,61075,71137,53023,50151,69713,63768,75210,58589,71549,70952,49923,61318,68440,38399,66929,17043,52915,62300,71014,48466,12038,14310,60056,56939,72705,70214,60408,46024,70340,70283,66449,18774,73811,68981,69859,61026,58076,38694,42512,63396,41509,45031,59555,66775,64705,67525,32750,40971,56186,33342,51718,100,75700,68716,70485,66145,50000,57453,70743,50103,30301,29467,33514,17149,69715,61580,64156,47158,42294,8842,54561,45907
,,,,,,,,,,,,,,,,,,,,,,,,,,,,,,,,,,,,,,,,,,,,,,,,,,,,,,,,,,,,,,,,,,,,,,,,,,,,,,,,,,,,,,,,,,,,,,,,,,,,42461,22370,60990,61376,63595,72314,66489,2152,57616,67578,51584,49280,73027,13917,63737,67666,71613,20619,68915,60723,40402,51826,68218,61960,73193,68009,23277,9784,77155,66847,47357,71857,72356,46194,61655,25993,68252,38789,71600,61652,61445,54240,32729,24406,17261,15473,76403,72596,63199,54446,52956,54062,70429,73025,33379,38489,66099,756,58726,28496,48780,24905,44243,33871,68644,40798,58253,10331,41792,72052,61499,9357,62230,44666,63927,49303,51635,61543,29390,70063,69398,57026,72381,18783,62840,52305,61835,63837,60581,47241,66802,37902,31794,58411,66616,69959,71292,10776,17535,30464
,,,,,,,,,,,,,,,,,,,,,,,,,,,,,,,,,,,,,,,,,,,,,,,,,,,,,,,,,,,,,,,,,,,,,,,,,,,,,,,,,,,,,,,,,,,,,,,,,,,,67795,19168,55321,52473,72355,60733,62912,58890,71807,60611,60276,58004,66409,68927,40942,39245,24606,68884,53598,63083,23050,17639,60193,10043,34294,66340,60710,75928,50308,63452,56325,66001,46592,29491,68427,67162,65589,74740,69346,22596,69547,66190,71839,70237,20286,59765,25281,24159,56360,71960,70125,17161,69116,3057,37070,565,65713,59384,36961,47392,36308,30556,59776,52703,61681,67347,58649,39923,63740,76526,61370,1694,72219,21534,49360,9974,72125,35489,59586,52734,24722,8958,62362,39120,63374,71836,73271,28480,52156,72488,73055,40638,68374,53573,60698,1127,61969,63539,42987,1527
,,,,,,,,,,,,,,,,,,,,,,,,,,,,,,,,,,,,,,,,,,,,,,,,,,,,,,,,,,,,,,,,,,,,,,,,,,,,,,,,,,,,,,,,,,,,,,,,,,,,60068,50894,58627,50310,57612,44092,46234,61708,48711,58173,74150,66953,58250,61318,24611,28064,61221,57750,17431,40412,74662,67814,71727,72111,40565,41698,37108,7411,68616,61470,72104,56771,29149,68102,62235,55499,73066,55434,60965,41767,54997,69718,25252,76381,58304,53285,69948,62298,73820,15006,56773,39400,50339,72116,38330,53613,29030,10698,67631,71389,69301,27099,59451,53577,58451,1449,46387,56192,62621,61946,42056,39116,18069,47016,68394,51974,35430,23748,56771,24908,74659,75668,66638,58249,64180,60676,77021,70804,72648,62270,58420,2736,52730,49591,54200,66264,70168,48722,67589,75403
,,,,,,,,,,,,,,,,,,,,,,,,,,,,,,,,,,,,,,,,,,,,,,,,,,,,,,,,,,,,,,,,,,,,,,,,,,,,,,,,,,,,,,,,,,,,,,,,,,,,60752,521,64199,67632,22109,38234,49154,70516,17547,22357,33716,16819,17270,22025,44497,54234,55582,44029,69565,29071,66655,69297,28638,63775,73314,51799,73652,73482,56580,46046,61914,346,66584,54060,36754,898,73403,71370,58620,52358,67878,76205,30062,42266,45866,70453,72403,48396,57687,71673,68516,42053,65207,485,60916,34199,28664,10559,64593,47606,37852,69247,58814,1707,61017,40438,74194,49922,27314,40095,44529,1897,61818,71759,67695,60871,68928,55873,73219,72278,50709,51755,73908,40673,65221,27035,56375,45291,74268,41752,45263,70126,62697,61482,70968,66452,69082,71549,64066,26701
,,,,,,,,,,,,,,,,,,,,,,,,,,,,,,,,,,,,,,,,,,,,,,,,,,,,,,,,,,,,,,,,,,,,,,,,,,,,,,,,,,,,,,,,,,,,,,,,,,,,72787,59660,54558,10253,66456,68641,28329,59808,47580,24431,26716,53152,21050,64681,41974,20495,61645,18182,67523,73369,72055,70624,72992,58983,51781,74096,67886,54024,49148,7951,55241,18287,45178,2469,72468,52493,68846,41598,67325,9232,55074,37664,61085,2749,62303,41566,74556,52927,71024,12372,74255,69603,73624,44569,54603,38979,27129,2504,54558,25437,52054,70770,14983,15978,50868,43878,48728,60711,75846,70324,33190,41645,59627,58789,51380,57788,36397,60815,75016,3585,73485,24261,71520,32873,16663,9113,60761,40747,68993,49022,41529,27906,44855,69595,77050,75035,35885,30535,54214,1507
,,,,,,,,,,,,,,,,,,,,,,,,,,,,,,,,,,,,,,,,,,,,,,,,,,,,,,,,,,,,,,,,,,,,,,,,,,,,,,,,,,,,,,,,,,,,,,,,,,,,62798,51603,58229,13275,73618,67142,54416,44400,69748,11013,69061,41635,43631,51493,72214,74510,31079,33843,44655,66085,45496,54269,50428,63442,55007,68688,56793,61977,63565,70045,61151,61354,72264,17858,70637,75139,16274,23749,65081,71204,64398,22917,65272,63874,50606,65410,65558,39082,68709,75894,49486,36893,30688,30972,34730,28898,60385,23728,68322,48597,56362,466,70666,59977,62130,58844,48043,9009,69202,58384,76801,73570,69399,72380,72826,71375,50930,35382,70698,68898,58662,45752,66264,51046,10172,66877,51569,52030,45011,67065,65064,16984,37747,15614,59658,24707,15989,2284,49751,1948
,,,,,,,,,,,,,,,,,,,,,,,,,,,,,,,,,,,,,,,,,,,,,,,,,,,,,,,,,,,,,,,,,,,,,,,,,,,,,,,,,,,,,,,,,,,,,,,,,,,,16840,64674,45939,51248,69561,52757,58758,71205,43239,8797,68547,73171,76882,51167,70062,69007,68694,70225,65604,67774,55471,62189,67192,18702,62695,42052,71637,54208,39948,60546,74694,64084,71586,71222,49914,45172,53277,55737,69756,29111,65932,65661,69403,41358,54530,56210,49706,66321,58033,39296,40208,44425,61364,36347,74598,54407,70054,48141,22322,50185,70240,65258,60876,24975,67197,74699,74263,35373,66021,33617,58969,68860,70733,66278,64196,25041,9077,893,54108,72611,30785,47917,54468,60171,50105,8721,65251,49945,69261,29200,56471,71170,60567,38712,47990,11075,24086,54400,73912,48153
,,,,,,,,,,,,,,,,,,,,,,,,,,,,,,,,,,,,,,,,,,,,,,,,,,,,,,,,,,,,,,,,,,,,,,,,,,,,,,,,,,,,,,,,,,,,,,,,,,,,63314,36082,60880,72752,71420,64731,65831,57129,10172,9929,29629,57160,71945,41610,68588,49283,70604,60002,23030,536,69326,64775,70332,72671,28113,31681,72970,71271,71452,72335,68899,62515,72717,76782,40703,48545,37224,40724,66008,390,59339,65656,49528,69813,3302,31468,58476,25792,55064,51166,69277,63206,10295,70569,64749,41474,58362,33967,51547,11619,64032,53687,61262,58605,65773,41249,67933,40860,51236,61611,70251,72264,64563,51269,68949,74598,49301,60315,75430,74267,39453,40135,72523,61727,73225,66169,74847,44878,50102,42565,67683,63980,70287,24922,45478,54138,70570,64401,65154,44326
,,,,,,,,,,,,,,,,,,,,,,,,,,,,,,,,,,,,,,,,,,,,,,,,,,,,,,,,,,,,,,,,,,,,,,,,,,,,,,,,,,,,,,,,,,,,,,,,,,,,23459,24980,46603,47343,51878,37724,46351,51526,63098,53531,21961,7859,60971,315,58991,3084,49754,60161,71068,71076,58497,52468,46568,56989,54522,69379,70575,73586,58524,60287,58283,71662,73751,62918,62237,75638,57342,34001,68780,57657,46322,48353,38110,63525,70072,71989,65160,26499,69985,25251,46585,15625,69300,42099,42417,70690,51041,1453,65937,66526,70658,60389,71885,72015,60223,62861,48329,1826,62744,32563,66504,70619,63774,1191,46263,49661,46978,11575,69348,70705,70199,60695,41710,30128,62472,69318,36363,18725,35904,38516,30745,67881,67388,70471,69544,42215,31701,24247,71070,46237
,,,,,,,,,,,,,,,,,,,,,,,,,,,,,,,,,,,,,,,,,,,,,,,,,,,,,,,,,,,,,,,,,,,,,,,,,,,,,,,,,,,,,,,,,,,,,,,,,,,,63134,63043,63849,64390,13293,35653,74775,62463,60615,22572,49291,23492,55374,17508,37301,29508,74809,68022,60296,42718,19705,48409,73743,67386,39043,60242,68689,54912,60944,67651,64896,59470,74268,74115,55994,70279,53946,57506,60589,26252,68708,65583,63842,68859,66986,58023,25029,26580,67556,65125,73213,39465,68595,45471,65620,23734,71811,70868,45273,8232,56903,59804,55245,40486,65457,21006,43703,44903,58900,64427,70302,55311,57962,17238,70092,59390,75180,70281,57032,41706,41889,19165,27960,45775,47553,55472,57912,45970,50120,34554,74924,68642,57268,36766,35341,69027,68264,71798,67312,61357
,,,,,,,,,,,,,,,,,,,,,,,,,,,,,,,,,,,,,,,,,,,,,,,,,,,,,,,,,,,,,,,,,,,,,,,,,,,,,,,,,,,,,,,,,,,,,,,,,,,,62747,10451,24991,57574,53889,36581,47362,28619,44441,49223,66539,25045,40843,38847,63882,34503,65414,72586,53530,26355,50568,27728,55865,68027,35926,306,8172,52552,31784,50333,38332,69722,58703,42006,66607,53310,66199,38066,45916,38456,49661,43033,55754,63026,38078,54781,77353,68822,37680,43101,69055,44187,62527,870,40176,56930,70204,64616,47081,69173,57620,32590,51420,63405,65277,43750,15691,60782,56017,60678,67516,69745,37411,5133,116,1307,65395,54028,23097,52425,44558,24006,39244,1316,22010,63272,51142,58596,70003,71938,74898,75830,65330,65206,74054,69990,55548,54395,69880,70126
,,,,,,,,,,,,,,,,,,,,,,,,,,,,,,,,,,,,,,,,,,,,,,,,,,,,,,,,,,,,,,,,,,,,,,,,,,,,,,,,,,,,,,,,,,,,,,,,,,,,29795,55755,30106,47182,53313,73081,11298,45532,57399,37949,53714,69726,61031,29566,69623,52503,72646,21168,68236,67305,30431,6877,31884,46050,47245,57553,60874,62109,65307,49035,46273,32905,62863,58547,47864,50020,29594,39426,67137,652,63053,9364,50016,52866,36780,51561,71767,60475,63556,24336,40224,41082,71747,50205,59392,363,76912,74468,3808,50639,51096,60378,47538,36860,68824,70824,70913,70041,67673,62519,33663,57665,46851,20739,75436,71814,168,15526,74237,21328,54578,72649,45331,1006,46403,48045,55163,63548,46869,38047,30207,1242,75824,69604,69557,24484,9654,50808,64005,65348
,,,,,,,,,,,,,,,,,,,,,,,,,,,,,,,,,,,,,,,,,,,,,,,,,,,,,,,,,,,,,,,,,,,,,,,,,,,,,,,,,,,,,,,,,,,,,,,,,,,,66166,1335,44747,43393,43137,300,67360,24019,66805,59047,48314,68168,30598,26595,58077,58452,62335,43660,56271,5634,54918,54469,66267,57100,73612,71343,72433,56140,41200,70455,33932,18695,70305,54109,38391,47224,61320,2993,74756,66862,74314,74359,19492,56325,69495,33790,8076,14473,45805,16149,48835,47472,66007,54008,47202,27564,78669,63283,78836,63918,53769,67348,70602,41950,60741,14052,46826,9812,62014,40728,53908,69767,69099,66499,57988,52538,76215,63965,44881,63030,58144,2462,30200,25202,64544,20582,40614,38507,63513,24644,55083,62338,72768,49516,75672,74608,49926,68716,73110,71994
